5852.4879 1
5881.8952 0.1686217009
5944.8342 0.1656891496
5975.534 0.0514662757
6029.9969 0.0822580645
6074.3377 0.8841642229
6096.163 0.2653958944
6143.0627 0.4134897361
6163.5937 0.2140762463
6217.2812 0.0934017595
6266.4952 0.3651026393
6304.7893 0.0609970674
6334.4276 0.2360703812
6382.9914 0.4706744868
6402.248 0.7536656891
6506.5277 0.4398826979
6532.8824 0.1583577713
6598.9528 0.3401759531
6678.2766 0.3416422287
6717.043 0.3181818182
6929.4672 0.2551319648
7032.4128 0.3709677419
7173.938 0.0420821114
7245.1665 0.1370967742
7438.8981 0.0338709677
