19.9989	96.7948
19.99079 96.79095
19.97998 96.78638
19.96917 96.78174
19.96106 96.77825
19.95025 96.77378
19.93944 96.76944
19.93133 96.7662
19.92052 96.76191
19.9097	96.75811
19.89889 96.75397
19.89078 96.75053
19.87997 96.74665
19.86915 96.74271
19.86104 96.73938
19.85023 96.73583
19.83941 96.73248
19.8313	96.72969
19.82048 96.72671
19.80967 96.72394
19.79885 96.72138
19.79074 96.7193
19.77992 96.71709
19.7691	96.71509
19.76099 96.71351
19.75017 96.71185
19.73935 96.71039
19.73124 96.70931
19.72042 96.70819
19.7096	96.70726
19.70148 96.70666
19.69066 96.70606
19.67984 96.70564
19.66902 96.70541
19.6609	96.70545
19.65008 96.70554
19.63926 96.70581
19.63114 96.7063
19.62032 96.70688
19.6095	96.70763
19.60138 96.70857
19.59055 96.70962
19.57973 96.71085
19.5689	96.71224
19.56079 96.71376
19.54996 96.71545
19.53913 96.7173
19.53101 96.71924
19.52019 96.72137
19.50936 96.72366
19.50124 96.726
19.49041 96.72857
19.47958 96.7313
19.47146 96.73403
19.46063 96.73703
19.44981 96.74003
19.43898 96.74272
19.43085 96.74515
19.42002 96.74828
19.40919 96.751
19.40107 96.75346
19.39024 96.7568
19.37941 96.75981
19.37128 96.76267
19.36045 96.76558
19.34962 96.76846
19.34149 96.77134
19.33066 96.77436
19.31983 96.77757
19.3117	96.78062
19.30087 96.78422
19.29003 96.78751
19.2792	96.79123
19.27107 96.79474
19.26023 96.79839
19.2494	96.80223
19.24127 96.80569
19.23043 96.80932
19.2196	96.81325
19.21147 96.81638
19.20063 96.81998
19.18979 96.82387
19.18167 96.82728
19.17083 96.8311
19.15999 96.83528
19.14915 96.83942
19.14102 96.84321
19.13018 96.84727
19.11934 96.85115
19.11121 96.85502
19.10037 96.85923
19.08952 96.86309
19.08139 96.86667
19.07055 96.87096
19.05971 96.87526
19.05158 96.87921
19.04073 96.88336
19.02989 96.8878
19.02176 96.89173
19.01091 96.89583
19.00007 96.90043
18.98922 96.90452
18.98109 96.90824
18.97024 96.91254
18.9594	96.91728
18.95126 96.9209
18.94041 96.92541
18.92957 96.92991
18.92143 96.93414
18.91058 96.93839
18.89974 96.94301
18.8916	96.94707
18.88075 96.95186
18.8699	96.9563
18.86176 96.9601
18.85092 96.96472
18.84006 96.96962
18.83193 96.97373
18.82108 96.97852
18.81023 96.98336
18.79937 96.98802
18.79124 96.99194
18.78038 96.99677
18.76953 97.00161
18.76139 97.00566
18.75054 97.01072
18.73968 97.01585
18.73154 97.02017
18.72069 97.02498
18.70984 97.02957
18.70169 97.03392
18.69084 97.03907
18.67998 97.04408
18.67184 97.04869
18.66099 97.05399
18.65013 97.05866
18.64199 97.06317
18.63113 97.068
18.62027 97.07268
18.61213 97.07675
18.60127 97.08154
18.59041 97.08621
18.57955 97.09103
18.57141 97.0958
18.56055 97.10053
18.54969 97.10546
18.54154 97.10976
18.53068 97.11466
18.51982 97.11955
18.51168 97.12393
18.50082 97.12912
18.48995 97.13392
18.48181 97.13845
18.47094 97.14341
18.46008 97.14876
18.45193 97.15304
18.44107 97.15837
18.43021 97.16334
18.42206 97.16758
18.4112	97.17248
18.40033 97.178
18.39218 97.18246
18.38132 97.18758
18.37045 97.19282
18.35958 97.19772
18.35143 97.20212
18.34057 97.20714
18.3297	97.21216
18.32155 97.2171
18.31068 97.22222
18.29981 97.22728
18.29166 97.23225
18.28079 97.23779
18.26992 97.24278
18.26177 97.24761
18.2509	97.25269
18.24003 97.25823
18.23188 97.26274
18.22101 97.26827
18.21014 97.27375
18.20199 97.27848
18.19111 97.28347
18.18024 97.28864
18.17209 97.29311
18.16121 97.29811
18.15034 97.30343
18.14219 97.30789
18.13131 97.31344
18.12044 97.31891
18.11228 97.32379
18.10141 97.32894
18.09053 97.33415
18.08238 97.33898
18.0715	97.34405
18.06063 97.34898
18.04975 97.35396
18.04159 97.35854
18.03072 97.36396
18.01984 97.36894
18.01168 97.37328
18.0008	97.37877
17.98992 97.38408
17.98177 97.389
17.97089 97.39447
17.96001 97.39956
17.95185 97.40426
17.94097 97.40935
17.93009 97.41454
17.92193 97.41895
17.91105 97.42415
17.90017 97.42916
17.892	97.43396
17.88112 97.43882
17.87024 97.44399
17.86208 97.4488
17.8512	97.45389
17.84031 97.45941
17.83215 97.4641
17.82127 97.46888
17.81038 97.47404
17.80222 97.47911
17.79134 97.48421
17.78045 97.48918
17.77229 97.49396
17.7614	97.49907
17.75052 97.50399
17.74235 97.50906
17.73146 97.514
17.72058 97.51942
17.71241 97.52448
17.70152 97.52937
17.69064 97.53454
17.68247 97.53947
17.67158 97.54487
17.66069 97.54991
17.65253 97.55451
17.64164 97.55973
17.63075 97.56443
17.62258 97.56938
17.61169 97.57414
17.6008	97.57898
17.59263 97.5833
17.58174 97.5883
17.57085 97.59291
17.56268 97.59724
17.55179 97.60241
17.5409	97.60767
17.53273 97.61246
17.52183 97.61736
17.51094 97.62191
17.50005 97.62653
17.49188 97.631
17.48098 97.63592
17.47009 97.64056
17.46192 97.64511
17.45102 97.64989
17.44012 97.6546
17.43195 97.65938
17.42106 97.66425
17.41016 97.66901
17.40199 97.6738
17.39109 97.67882
17.38019 97.68357
17.37202 97.6882
17.36112 97.69336
17.35022 97.69806
17.34205 97.70313
17.33115 97.7077
17.32025 97.71278
17.31208 97.71759
17.30118 97.72274
17.29027 97.72753
17.2821	97.73174
17.2712	97.73632
17.2603	97.74093
17.25212 97.74597
17.24122 97.75121
17.23032 97.75623
17.22214 97.76093
17.21124 97.76562
17.20033 97.77045
17.19216 97.77553
17.18125 97.7804
17.17035 97.78539
17.16217 97.79019
17.15127 97.79502
17.14036 97.79946
17.13218 97.80436
17.12128 97.80871
17.11037 97.81319
17.10219 97.81795
17.09129 97.82269
17.08038 97.82703
17.0722	97.8316
17.06129 97.83636
17.05038 97.84147
17.0422	97.84643
17.03129 97.85117
17.02039 97.85618
17.0122	97.86072
17.0013	97.8654
16.99039 97.86968
16.9822	97.87437
16.97129 97.87861
16.96038 97.88321
16.9522	97.88758
16.94129 97.89179
16.93038 97.89607
16.92219 97.90097
16.91128 97.90572
16.90037 97.91046
16.89219 97.91494
16.88127 97.91939
16.87309 97.9245
16.86217 97.92925
16.85126 97.93424
16.84308 97.93931
16.83216 97.94424
16.82125 97.94868
16.81306 97.95377
16.80215 97.9582
16.79123 97.9626
16.78304 97.96716
16.77213 97.9716
16.76121 97.97611
16.75302 97.98058
16.74211 97.98483
16.73119 97.98985
16.723	97.99494
16.71208 97.99977
16.70116 98.00407
16.69298 98.00891
16.68206 98.013
16.67114 98.01771
16.66194 98.02207
16.65168 98.02696
16.64192 98.03132
16.63165 98.03631
16.62188 98.0405
16.61211 98.04563
16.60181 98.05068
16.59202 98.0557
16.58171 98.06063
16.5719	98.06554
16.56209 98.0704
16.55176 98.07516
16.54193 98.07991
16.53209 98.0846
16.52174 98.08918
16.51189 98.09376
16.50203 98.09827
16.49217 98.10274
16.48178 98.10709
16.4719	98.11144
16.46201 98.11572
16.45212 98.11995
16.44222 98.12413
16.43179 98.12819
16.42187 98.13224
16.41195 98.13624
16.40202 98.14018
16.39208 98.14406
16.38214 98.14788
16.37219 98.15164
16.36223 98.15535
16.35227 98.15899
16.34229 98.16258
16.33179 98.16604
16.3218	98.1695
16.3118	98.17291
16.3018	98.17625
16.29232 98.1796
16.2823	98.18283
16.27228 98.18599
16.26225 98.1891
16.25221 98.19214
16.24217 98.19513
16.23212 98.19805
16.22206 98.20091
16.21199 98.20371
16.20192 98.20645
16.19237 98.2092
16.18228 98.21182
16.17219 98.21437
16.16209 98.21687
16.15198 98.2193
16.1424	98.22175
16.13228 98.22406
16.12215 98.22631
16.11201 98.22849
16.1024	98.2307
16.09225 98.23276
16.08209 98.23476
16.07193 98.23669
16.06229 98.23865
16.05212 98.24047
16.04247 98.24231
16.03228 98.24399
16.02208 98.24562
16.0124198.24727
16.0022	98.24877
15.99198 98.2502
15.98229 98.25167
15.97205 98.25298
15.96235 98.25432
15.95211 98.25551
15.94239 98.25673
15.93213 98.25778
15.9224	98.25888
15.91213 98.25981
15.90239 98.26078
15.8921	98.26158
15.88235 98.26243
15.87205 98.2631
15.86228 98.26382
15.85251 98.26448
15.84219 98.26497
15.8324	98.2655
15.82207 98.26586
15.81227 98.26626
15.80247 98.26661
15.79211 98.26678
15.7823	98.26699
15.77247 98.26715
15.7621	98.26713
15.75226 98.26715
15.74242 98.26712
15.73257 98.26702
15.72217 98.26675
15.71231 98.26652
15.70244 98.26624
15.69257 98.26589
15.68214 98.26535
15.67225 98.26488
15.66236 98.26434
15.65246 98.26374
15.64256 98.26307
15.63265 98.26235
15.62218 98.26143
15.61225 98.26057
15.60233 98.25965
15.59239 98.25867
15.58245 98.25763
15.5725	98.25652
15.56254 98.25535
15.55258 98.25412
15.54262 98.25282
15.53265 98.25147
15.52267 98.25004
15.51268 98.24856
15.50269 98.24701
15.49269 98.2454
15.48269 98.24373
15.47268 98.24199
15.46266 98.24019
15.45264 98.23833
15.44262 98.2364
15.43258 98.23441
15.42254 98.23236
15.4125	98.23024
15.40244 98.22806
15.39239 98.22582
15.38232 98.22351
15.37281 98.22129
15.36273 98.21886
15.35265 98.21637
15.34256 98.21381
15.33247 98.21119
15.32237 98.20851
15.31282 98.20591
15.30271 98.20311
15.29259 98.20024
15.28247 98.1973
15.2729	98.19446
15.26277 98.19141
15.25263 98.18829
15.24248 98.1851
15.23289 98.18201
15.22273 98.17871
15.21256 98.17534
15.20239 98.1719
15.19278 98.16857
15.1826	98.16501
15.17241 98.16139
15.16278 98.15787
15.15258 98.15412
15.14294 98.15048
15.13272 98.14661
15.12251 98.14268
15.11285 98.13885
15.10262 98.1348
15.09295 98.13085
15.08271 98.12668
15.07246 98.12244
15.06278 98.1183
15.05252 98.11394
15.04282 98.10968
15.03255 98.1052
15.02285 98.10082
15.01257 98.09621
15.00285 98.09171
14.99256 98.08698
14.98283 98.08359
14.97252 98.07972
14.96278 98.07625
14.95304 98.07207
14.94272 98.06847
14.93296 98.06499
14.92263 98.06057
14.91286 98.05607
14.90309 98.05186
14.89274 98.04714
14.88296 98.04353
14.8726	98.03887
14.86281 98.03421
14.85301 98.02964
14.84263 98.02479
14.83282 98.02066
14.82301 98.016
14.81261 98.01182
14.80279 98.00758
14.79296 98.00419
14.78313 97.99948
14.77271 97.99497
14.76286 97.9914
14.75301 97.98654
14.74316 97.9824
14.73272 97.97768
14.72285 97.97293
14.71298 97.96857
14.7031	97.96389
14.69322 97.95984
14.68275 97.95518
14.67286 97.95019
14.66296 97.9454
14.65306 97.9413
14.64315 97.93633
14.63324 97.93249
14.62274 97.92715
14.61281 97.92219
14.60288 97.91765
14.59295 97.91319
14.58301 97.90874
14.57307 97.90348
14.56312 97.89882
14.55316 97.89417
14.5432	97.88896
14.53324 97.88455
14.52327 97.88028
14.51329 97.8753
14.50331 97.87025
14.49333 97.86536
14.48334 97.86031
14.47334 97.85552
14.46334 97.85081
14.45334 97.84551
14.44333 97.84074
14.43331 97.83596
14.42329 97.83049
14.41326 97.82593
14.40323 97.82116
14.3932	97.81699
14.38315 97.81149
14.37311 97.80617
14.36306 97.80154
14.353	97.79622
14.34294 97.79111
14.33287 97.78674
14.32339 97.78147
14.31332 97.77624
14.30324 97.77144
14.29315 97.7666
14.28306 97.76144
14.27296 97.75666
14.26346 97.75161
14.25335 97.74646
14.24324 97.74071
14.23312 97.73595
14.223	97.73068
14.21347 97.72571
14.20334 97.72054
14.1932	97.71631
14.18306 97.71059
14.17351 97.70487
14.16336 97.69896
14.15321 97.6939
14.14305 97.68826
14.13348 97.68414
14.12331 97.67892
14.11313 97.67295
14.10355 97.66795
14.09337 97.66196
14.08318 97.65622
14.07358 97.65141
14.06338 97.64639
14.05318 97.64041
14.04357 97.63454
14.03336 97.62869
14.02314 97.6235
14.01352 97.61771
14.00329 97.61191
13.99305 97.60618
13.98342 97.6004
13.97318 97.5943
13.96353 97.58851
13.95328 97.58353
13.94362 97.57747
13.93336 97.57187
13.9231	97.56604
13.91343 97.56045
13.90315 97.55505
13.89348 97.54959
13.88319 97.54317
13.8735	97.53729
13.86321 97.53215
13.85351 97.52607
13.84321 97.52002
13.83351 97.51432
13.82319 97.50772
13.81348 97.50191
13.80316 97.49602
13.79343 97.4896
13.78371 97.48392
13.77337 97.47891
13.76364 97.47331
13.75329 97.46677
13.74355 97.45997
13.73319 97.45344
13.72344 97.44772
13.71368 97.44199
13.70331 97.43567
13.69355 97.42961
13.68378 97.42439
13.67339 97.41839
13.66362 97.41268
13.65322 97.40561
13.64343 97.39919
13.63364 97.39252
13.62385 97.3855
13.61344 97.37852
13.60363 97.37178
13.59382 97.36686
13.5834	97.36085
13.57358 97.3541
13.56376 97.34691
13.55332 97.34036
13.54349 97.33427
13.53366 97.32689
13.52382 97.32129
13.51336 97.31463
13.50351 97.30835
13.49366 97.30297
13.4838	97.29718
13.47333 97.29193
13.46346 97.2846
13.4536	97.27707
13.44372 97.27089
13.43385 97.2637
13.42335 97.25666
13.41346 97.25111
13.40357 97.24391
13.39368 97.23624
13.38378 97.22845
13.37388 97.22152
13.36397 97.21349
13.35344 97.20672
13.34353 97.19876
13.33361 97.19062
13.32368 97.18261
13.31376 97.17503
13.30383 97.1664
13.29389 97.16026
13.28395 97.15212
13.27401 97.14568
13.26344 97.13721
13.25348 97.12987
13.24353 97.12218
13.23357 97.11425
13.2236	97.10745
13.21363 97.09954
13.20366 97.09058
13.19368 97.08151
13.1837	97.07416
13.17371 97.06635
13.16372 97.05846
13.15373 97.04955
13.14373 97.04092
13.13373 97.03149
13.12372 97.02189
13.11371 97.01312
13.1037	97.00548
13.09368 96.99713
13.08366 96.98782
13.07363 96.97893
13.0636	96.96913
13.05357 96.95851
13.04416 96.94802
13.03411 96.93735
13.02407 96.92668
13.01402 96.91598
13.00396 96.90527
12.9939	96.89454
12.98384 96.88379
12.97377 96.87303
12.9637	96.86225
12.95363 96.85145
12.94418 96.84078
12.9341	96.82994
12.92401 96.81909
12.91392 96.80823
12.90382 96.79735
12.89372 96.78646
12.88425 96.77568
12.87415 96.76476
12.86403 96.75381
12.85392 96.74286
12.8438	96.73189
12.83368 96.72091
12.82418 96.71005
12.81405 96.69903
12.80392 96.68801
12.79378 96.67697
12.78427 96.66605
12.77413 96.65498
12.76398 96.6439
12.75382 96.63282
12.7443	96.62184
12.73414 96.61072
12.72397 96.59959
12.7138	96.58846
12.70426 96.57743
12.69409 96.56627
12.6839	96.5551
12.67436 96.54403
12.66417 96.53283
12.65397 96.52163
12.64378 96.51042
12.63421 96.49931
12.62401 96.48807
12.6138	96.47683
12.60423 96.46569
12.59401 96.45443
12.58443 96.44327
12.5742	96.43198
12.56398 96.42069
12.55438 96.4095
12.54415 96.39819
12.53391 96.38688
12.52431 96.37566
12.51406 96.36433
12.50445 96.35309
12.4942	96.34174
12.48394 96.33039
12.47432 96.31914
12.46405 96.30777
12.45442 96.2965
12.44415 96.28511
12.43451 96.27382
12.42423 96.26243
12.41395 96.25103
12.4043	96.23973
12.39401 96.22832
12.38436 96.217
12.37406 96.20559
12.3644	96.19425
12.35409 96.18283
12.34443  6.17149
12.33411 96.16005
12.32444 96.1487
12.31411 96.13725
12.30443 96.12589
12.2941	96.11444
12.28442 96.10307
12.27408 96.09162
12.26439 96.08024
12.25404 96.06878
12.24434 96.0574
12.23464 96.04601
12.22428 96.03453
12.21457 96.02314
12.20421 96.01166
12.19449 96.00026
12.18412 95.98878
12.17439 95.97739
12.16466 95.96598
12.15428 95.95449
12.14455 95.94308
12.13416 95.9316
12.12441 95.92019
12.11467 95.90878
12.10427 95.89728
12.09452 95.88587
12.08411 95.87439
12.07435 95.86299
12.06459 95.85158
12.05417 95.8401
12.0444	95.8287
12.03463 95.81728
12.0242	95.8058
12.01442 95.7944
12.00464 95.78299
11.9942	95.77151
11.98441 95.76012
11.97461 95.74871
11.96416 95.73725
11.95436 95.72587
11.94456 95.71448
11.93475 95.70306
11.92429 95.69159
11.91448 95.68022
11.90466 95.66882
11.89418 95.65737
11.88436 95.64602
11.87453 95.63466
11.8647	95.62327
11.85422 95.61183
11.84438 95.60051
11.83454 95.58918
11.8247	95.57781
11.81485 95.5664
11.80434 95.5549
11.79449 95.5436
11.78463 95.53226
11.77478 95.52083
11.76425 95.50913
11.75439 95.49795
11.74452 95.47585
11.73465 95.45372
11.72477 95.43158
11.71489 95.40942
11.70435 95.38575
11.69446 95.36355
11.68458 95.34133
11.67468 95.31909
11.66479 95.29683
11.65489 95.27456
11.64433 95.25078
11.63442 95.22848
11.62451 95.20616
11.6146	95.18383
11.60469 95.16148
11.59477 95.13912
11.58485 95.11675
11.57493 95.09437
11.565	95.07197
11.55441 95.04807
11.54447 95.02566
11.53453 95.00323
11.52459 94.9808
11.51465 94.95836
11.5047	94.93591
11.49475 94.91346
11.4848	94.9023
11.47485 94.89115
11.46489 94.88001
11.45492 94.86888
11.44496 94.85775
11.43499 94.84664
11.42502 94.83554
11.41504 94.82444
11.40507 94.81336
11.39509 94.80228
11.3851	94.79122
11.37511 94.78017
11.36512 94.76912
11.35513 94.75809
11.34513 94.74707
11.33513 94.73606
11.32513 94.72506
11.31512 94.71407
11.30511 94.7031
11.2951	94.69213
11.28509 94.68118
11.27507 94.67024
11.26505 94.65931
11.25502 94.64839
11.245	94.63748
11.23496 94.62659
11.22493 94.61571
11.21489 94.60484
11.20485 94.59399
11.19481 94.58315
11.18476 94.57232
11.17472 94.5615
11.16466 94.5507
11.15461 94.53991
11.14522 94.52913
11.13516 94.51841
11.12509 94.5077
11.11503 94.497
11.10496 94.48632
11.09488 94.47565
11.08481 94.46499
11.07473 94.45434
11.06465 94.44371
11.05523 94.43307
11.04514 94.42249
11.03505 94.41193
11.02496 94.40138
11.01486 94.39084
11.00476 94.38032
10.99533 94.36978
10.98522 94.35932
10.97511 94.34886
10.965	94.33842
10.95489 94.32799
10.94477 94.31758
10.93532 94.30714
10.9252	94.29678
10.91507 94.28644
10.90494 94.2761
10.89481 94.26579
10.88535 94.25544
10.87521 94.24517
10.86507 94.23492
10.85492 94.22468
10.84477 94.21446
10.8353	94.2042
10.82515 94.19403
10.81499 94.18387
10.80483 94.17373
10.79534 94.16354
10.78518 94.15345
10.77501 94.14337
10.76484 94.13331
10.75534 94.1232
10.74517 94.11319
10.73499 94.1032
10.72548 94.09315
10.7153	94.08321
10.7051 94.07328
10.69492 94.06336
10.6854	94.05339
10.67521 94.04353
10.66501 94.03368
10.65548 94.02377
10.64528 94.01397
10.63507 94.00419
10.62554 93.99434
10.61533 93.98461
10.60511 93.97489
10.59489 93.96531
10.58535 93.95589
10.57512 93.94681
10.56558 93.93786
10.55534 93.92925
10.54511 93.92086
10.53556 93.91259
10.52532 93.90463
10.51507 93.89687
10.50551 93.88921
10.49526 93.88185
10.48501 93.87467
10.47544 93.86757
10.46519 93.86076
10.45561 93.854
10.44535 93.84753
10.43508 93.84122
10.4255	93.83496
10.41523 93.82897
10.40564 93.82301
10.39536 93.81731
10.38509 93.81176
10.37549 93.80624
10.36521 93.80096
10.3556	93.7957
10.34531 93.79069
10.33571 93.78569
10.32541 93.78093
10.31511 93.7763
10.3055	93.77166
10.2952	93.76725
10.28558 93.76284
10.27527 93.75866
10.26564 93.75447
10.25533 93.7505
10.2457	93.74651
10.23538 93.74275
10.22575 93.73896
10.21542 93.73539
10.20578 93.73179
10.19545 93.72841
10.18512 93.72513
10.17547 93.7218
10.16513 93.71868
10.15548 93.71552
10.14513 93.71258
10.13548 93.70958
10.12582 93.70667
10.11546 93.70396
10.1058	93.7012
10.09544 93.69865
10.08577 93.69603
10.07541 93.69363
10.06573 93.69115
10.05537 93.68889
10.04569 93.68655
10.03531 93.68442
10.02563 93.68222
10.01525 93.68022
10.00556 93.67814
9.99587	93.67612
9.98548	93.67431
9.97578	93.67241
9.96539	93.67072
9.95569	93.66894
9.94529	93.66736
9.93559	93.66569
9.92588	93.66407
9.91547	93.66265
9.90576	93.66114
9.89535	93.65983
9.88563	93.65842
9.87591	93.65706
9.86549	93.6559
9.85576	93.65464
9.84534	93.65357
9.83561	93.6524
9.82587	93.65128
9.81544	93.65035
9.8057	93.64931
9.79596	93.64832
9.78552	93.64752
9.77578	93.64661
9.76603	93.64574
9.75558	93.64506
9.74583	93.64427
9.73538	93.64368
9.72562	93.64297
9.71586	93.64229
9.7054	93.64181
9.69564	93.64121
9.68587	93.64064
9.67541	93.64027
9.66563	93.63977
9.65586	93.63931
9.64608	93.63888
9.63561	93.63864
9.62583	93.63828
9.61604	93.63795
9.60556	93.6378
9.59577	93.63753
9.58598	93.63729
9.57549	93.63724
9.56569	93.63706
9.55589	93.63691
9.54609	93.63678
9.53559	93.63685
9.52579	93.63678
9.51598	93.63674
9.50617	93.63672
9.49566	93.63689
9.48585	93.63693
9.47603	93.63699
9.46551	93.63723
9.45569	93.6374
9.44587	93.63753
9.43604	93.63769
9.42621	93.63787
9.41568	93.63823
9.40585	93.63845
9.39602	93.6387
9.38618	93.63897
9.37564	93.63942
9.3658	93.63973
9.35595	93.64006
9.34611	93.64041
9.33626	93.64077
9.32571	93.64133
9.31585	93.64173
9.306	93.64216
9.29614	93.6426
9.28628	93.64306
9.27572	93.64371
9.26585	93.6442
9.25599	93.64472
9.24612	93.64525
9.23625	93.64579
9.22567	93.64652
9.2158	93.6471
9.20592	93.64769
9.19604	93.6483
9.18616	93.64892
9.17627	93.64956
9.16568	93.65038
9.15579	93.65104
9.1459	93.65172
9.13601	93.65242
9.12612	93.65312
9.11622	93.65384
9.10632	93.65457
9.09571	93.65548
9.08581	93.65623
9.0759	93.657
9.06599	93.65778
9.05608	93.65857
9.04617	93.65937
9.03626	93.66018
9.02634	93.661
9.01642	93.66183
9.00579	93.66283
8.99587	93.66368
8.98594	93.66454
8.97602	93.66541
8.96609	93.66629
8.95615	93.66717
8.94622	93.66807
8.93628	93.66897
8.92635	93.66988
8.91641	93.6708
8.90646	93.67173
8.89652	93.67266
8.88586	93.67376
8.87591	93.67471
8.86596	93.67566
8.85601	93.67662
8.84605	93.67759
8.83609	93.67856
8.82613	93.67953
8.81617	93.68052
8.80621	93.6815
8.79624	93.6825
8.78627	93.68349
8.7763	93.6845
8.76633	93.6855
8.75636	93.68651
8.74638	93.68753
8.7364	93.68855
8.72642	93.68957
8.71644	93.69059
8.70646	93.69162
8.69647	93.69265
8.68648	93.69369
8.67649	93.69472
8.6665	93.69576
8.6565	93.6968
8.6465	93.69785
8.6365	93.69889
8.6265	93.69994
8.6165	93.70098
8.60649	93.70203
8.59649	93.70308
8.58648	93.70413
8.57646	93.70519
8.56645	93.70624
8.55644	93.70729
8.54642	93.70834
8.5364	93.70939
8.52638	93.71045
8.51635	93.7115
8.50633	93.71255
8.4963	93.7136
8.48627	93.71465
8.47624	93.71569
8.4662	93.71674
8.45617	93.71778
8.44613	93.71883
8.43609	93.71987
8.42676	93.72077
8.41672	93.7218
8.40667	93.72284
8.39663	93.72387
8.38658	93.7249
8.37652	93.72593
8.36647	93.72695
8.35641	93.72797
8.34636	93.72899
8.3363	93.73
8.32623	93.73101
8.31617	93.73202
8.30682	93.73289
8.29676	93.73388
8.28669	93.73488
8.27661	93.73587
8.26654	93.73685
8.25646	93.73783
8.24639	93.73881
8.23631	93.73978
8.22623	93.74074
8.21686	93.74157
8.20678	93.74253
8.19669	93.74348
8.1866	93.74442
8.17651	93.74535
8.16642	93.74628
8.15632	93.74721
8.14694	93.748
8.13685	93.74892
8.12675	93.74982
8.11664	93.75072
8.10654	93.75161
8.09643	93.75249
8.08632	93.75337
8.07693	93.75412
8.06682	93.75498
8.05671	93.75584
8.04659	93.75668
8.03647	93.75752
8.02635	93.75835
8.01695	93.75906
8.00683	93.75987
7.9967	93.76068
7.98658	93.76147
7.97645	93.76226
7.96704	93.76293
7.95691	93.7637
7.94677	93.76446
7.93664	93.76521
7.9265	93.76596
7.91636	93.76669
7.90694	93.76731
7.89679	93.76802
7.88665	93.76872
7.8765	93.76942
7.86707	93.77
7.85692	93.77068
7.84677	93.77134
7.83661	93.77199
7.82646	93.77263
7.81702	93.77317
7.80686	93.77379
7.7967	93.7744
7.78653	93.77499
7.77709	93.77549
7.76693	93.77607
7.75676	93.77663
7.74658	93.77718
7.73714	93.77764
7.72696	93.77817
7.71678	93.77868
7.7066	93.77953
7.69715	93.78205
7.68697	93.78452
7.67678	93.78704
7.6666	93.79035
7.65714	93.79415
7.64695	93.7988
7.63675	93.80418
7.62656	93.80779
7.61709	93.81013
7.6069	93.81168
7.5967	93.81378
7.58723	93.8156
7.57702	93.81745
7.56682	93.81988
7.55661	94.45071
7.54713	94.48869
7.53692	94.50867
7.52671	94.49686
7.51723	94.44367
7.50701	94.39585
7.4968	94.3852
7.48731	94.14502
7.47709	94.21408
7.46687	94.51217
7.45664	94.55721
7.44715	94.60084
7.43692	94.64405
7.42669	94.68594
7.41719	94.72635
7.40696	94.76663
7.39673	94.80552
7.38722	94.84246
7.37698	94.88032
7.36675	94.95254
7.35724	95.01706
7.34699	95.08384
7.33675	95.14789
7.32724	95.20497
7.31699	95.26392
7.30674	95.32032
7.29722	95.37045
7.28697	95.42207
7.27671	95.47131
7.26719	95.51494
7.25693	95.55972
7.2474	95.59931
7.23714	95.63984
7.22688	95.67825
7.21735	95.71205
7.20708	95.74651
7.19681	95.77898
7.18728	95.80742
7.17701	95.83623
7.16747	95.86134
7.15719	95.88666
7.14692	95.91024
7.13737	95.93062
7.12709	95.95098
7.11681	95.96973
7.10726	95.98575
7.09698	96.00154
7.08743	96.01487
7.07714	96.02785
7.06685	96.03944
7.05729	96.04899
7.047	96.058
7.03744	96.06523
7.02714	96.07182
7.01685	96.07722
7.00728	96.08119
6.99698	96.08438
6.98742	96.08637
6.97711	96.08749
6.96754	96.08763
6.95723	96.08682
6.94693	96.08507
6.93735	96.08262
6.92704	96.07913
6.91746	96.07512
6.90715	96.07002
6.89757	96.06457
6.88725	96.05798
6.87693	96.05065
6.86734	96.04322
6.85702	96.03458
6.84743	96.02597
6.83711	96.01612
6.82751	96.00644
6.81718	95.99547
6.80759	95.98481
6.79726	95.97284
6.78766	95.96129
6.77733	95.94842
6.76699	95.9351
6.75739	95.92238
6.74705	95.9083
6.73744	95.8949
6.7271	95.88014
6.71749	95.86615
6.70715	95.8508
6.69754	95.8363
6.68719	95.82043
6.67757	95.80549
6.66722	95.78919
6.65761	95.77388
6.64725	95.75722
6.63763	95.7416
6.62727	95.72465
6.61765	95.7088
6.60729	95.69163
6.59767	95.6756
6.5873	95.65827
6.57768	95.64213
6.56731	95.62471
6.55768	95.60851
6.54731	95.59105
6.53767	95.57484
6.5273	95.5574
6.51767	95.54123
6.50729	95.52386
6.49765	95.50779
6.48727	95.49054
6.47763	95.4746
6.46725	95.45752
6.4576	95.44176
6.44722	95.4249
6.43757	95.40936
6.42718	95.39275
6.41753	95.37746
6.40788	95.36231
6.39749	95.34616
6.38784	95.33132
6.37744	95.31551
6.36778	95.30101
6.35738	95.28558
6.34773	95.27145
6.33732	95.25644
6.32766	95.2427
6.31726	95.22813
6.30759	95.21481
6.29793	95.20171
6.28752	95.18784
6.27785	95.17519
6.26744	95.16182
6.25777	95.14965
6.24735	95.1368
6.23768	95.12513
6.22801	95.11369
6.21759	95.10165
6.20791	95.09074
6.19749	95.07926
6.18781	95.06888
6.17738	95.05799
6.1677	95.04814
6.15802	95.03857
6.14759	95.02855
6.1379	95.01953
6.12747	95.01012
6.11778	95.00167
6.10809	94.99349
6.09765	94.98499
6.08796	94.97739
6.07752	94.96951
6.06783	94.96249
6.05738	94.95523
6.04769	94.94879
6.03799	94.94262
6.02754	94.93629
6.01784	94.93071
6.00814	94.92541
5.99769	94.92001
5.98798	94.91528
5.97753	94.91051
5.96782	94.90636
5.95811	94.90249
5.94765	94.89863
5.93794	94.89533
5.92748	94.89208
5.91777	94.88935
5.90805	94.88688
5.89759	94.88453
5.88787	94.88261
5.87815	94.88097
5.86768	94.87949
5.85796	94.87838
5.84749	94.87748
5.83777	94.8769
5.82804	94.87658
5.81757	94.87651
5.80784	94.8767
5.79811	94.87714
5.78763	94.87788
5.7779	94.87881
5.76817	94.87998
5.75768	94.88149
5.74795	94.88314
5.73821	94.88501
5.72772	94.88727
5.71799	94.88959
5.70825	94.89213
5.69775	94.8951
5.68801	94.89807
5.67827	94.90124
5.66777	94.90488
5.65803	94.90846
5.64828	94.91223
5.63778	94.91649
5.62803	94.92065
5.61828	94.92498
5.60778	94.92983
5.59803	94.93452
5.58827	94.93937
5.57777	94.94477
5.56801	94.94995
5.55825	94.95527
5.54774	94.96118
5.53798	94.9668
5.52822	94.97257
5.51771	94.97893
5.50794	94.98496
5.49818	94.99112
5.48841	94.99739
5.47789	95.00428
5.46813	95.01079
5.45836	95.0174
5.44783	95.02463
5.43806	95.03144
5.42829	95.03834
5.41776	95.04586
5.40799	95.05293
5.39821	95.06007
5.38843	95.06729
5.3779	95.07513
5.36812	95.08247
5.35834	95.08986
5.34781	95.09788
5.33802	95.10538
5.32824	95.11291
5.31845	95.12048
5.30792	95.12866
5.29813	95.13628
5.28834	95.14393
5.27855	95.15159
5.26801	95.15984
5.25821	95.16752
5.24842	95.17519
5.23787	95.18345
5.22808	95.19111
5.21828	95.19876
5.20848	95.20639
5.19793	95.21457
5.18813	95.22215
5.17833	95.22969
5.16853	95.23719
5.15797	95.24522
5.14817	95.25263
5.13836	95.25998
5.12855	95.26728
5.11799	95.27508
5.10818	95.28225
5.09838	95.28935
5.08856	95.29638
5.078	95.30386
5.06819	95.31071
5.05837	95.31749
5.04856	95.32417
5.03799	95.33126
5.02817	95.33774
5.01835	95.34411
5.00853	95.35038
4.99824	95.35683
4.98824	95.36298
4.97845	95.36887
4.96842	95.37479
4.95838	95.38057
4.94833	95.38623
4.93827	95.39175
4.92843	95.39701
4.91835	95.40226
4.90849	95.40724
4.89838	95.41219
4.8885	95.41687
4.87837	95.42151
4.86847	95.42588
4.85832	95.4302
4.84839	95.43425
4.83846	95.43813
4.82852	95.44185
4.81832	95.44547
4.80836	95.44883
4.79838	95.45202
4.78839	95.45502
4.7784	95.45783
4.76839	95.46046
4.75837	95.4629
4.74858	95.46508
4.73855	95.46713
4.7285	95.46898
4.71844	95.47063
4.70861	95.47203
4.69854	95.47327
4.68845	95.4743
4.67859	95.47509
4.66848	95.4757
4.65861	95.47608
4.64848	95.47625
4.63858	95.4762
4.62843	95.47594
4.61852	95.47546
4.60859	95.47476
4.59866	95.47385
4.58847	95.47269
4.57852	95.47133
4.56856	95.46975
4.55859	95.46794
4.5486	95.46591
4.53861	95.20894
4.52861	95.20708
4.5186	95.20525
4.50859	95.20345
4.49856	95.20167
4.48852	95.19991
4.47872	95.19822
4.46866	95.19651
4.4586	95.19483
4.44853	95.19317
4.43869	95.19158
4.4286	95.18998
4.41875	95.18844
4.40864	95.1869
4.39876	95.18542
4.38864	95.18393
4.37875	95.18251
4.3686	95.18108
4.3587	95.17972
4.34878	95.17839
4.33861	95.17706
4.32868	95.1758
4.31874	95.17456
4.30879	95.17336
4.29883	95.1722
4.28862	95.17104
4.27865	95.16994
4.26866	95.16888
4.25867	95.16786
4.24867	95.16687
4.23867	95.16593
4.22865	95.16502
4.21888	95.16416
4.20885	95.16333
4.19881	95.16254
4.18876	95.16178
4.1787	95.16107
4.16889	95.16042
4.15882	95.15979
4.14874	95.15921
4.1389	95.15868
4.12881	95.15819
4.1187	95.15774
4.10884	95.15735
4.09872	95.15699
4.08885	95.15669
4.07896	95.15643
4.06882	95.15622
4.05892	95.15606
4.04876	95.15594
4.03885	95.15588
4.02893	95.15587
4.019	95.1559
4.00881	95.156
3.99887	95.15614
3.98892	95.15633
3.97896	95.15658
3.96899	95.15688
3.95902	95.15724
3.94904	95.15765
3.9388	95.15814
3.9288	95.15867
3.91906	95.15923
3.90905	95.15987
3.89903	95.16058
3.88901	95.16134
3.87898	95.16216
3.86894	95.16305
3.8589	95.164
3.8491	95.16498
3.83904	95.16605
3.82898	95.16719
3.8189	95.1684
3.80908	95.16964
3.79899	95.17098
3.7889	95.17239
3.77906	95.17382
3.76895	95.17537
3.75909	95.17694
3.74897	95.17863
3.7391	95.18034
3.72896	95.18217
3.71908	95.18402
3.70893	95.18601
3.69904	95.188
3.68913	95.19008
3.67897	95.19229
3.66905	95.19451
3.65913	95.19682
3.6492	95.19919
3.639	95.20172
3.62906	95.20426
3.61911	95.20688
3.60916	95.20958
3.5992	95.21236
3.58923	95.21522
3.579	95.21825
3.56902	95.22128
3.55903	95.2244
3.54904	95.22761
3.53904	95.2309
3.52904	95.23428
3.51903	95.23775
3.50927	95.24121
3.49925	95.24486
3.48922	95.2486
3.47919	95.25244
3.46915	95.25637
3.4591	95.26039
3.44931	95.2644
3.43925	95.26861
3.42918	95.27293
3.41911	95.27734
3.4093	95.28173
3.39922	95.28634
3.38913	95.29106
3.3793	95.29574
3.3692	95.30066
3.35936	95.30555
3.34924	95.31068
3.33912	95.31592
3.32927	95.32112
3.31914	95.32657
3.30927	95.33198
3.29939	95.3375
3.28924	95.34329
3.27936	95.34903
3.2692	95.35504
3.2593	95.361
3.2494	95.36708
3.23922	95.37344
3.22931	95.37974
3.21939	95.38616
3.2092	95.39288
3.19927	95.39954
3.18934	95.40631
3.17939	95.4132
3.16945	95.42022
3.15923	95.42756
3.14927	95.43482
3.13931	95.44221
3.12934	95.44972
3.11937	95.45736
3.1094	95.46513
3.09941	95.47303
3.08943	95.48105
3.07943	95.48921
3.06943	95.49751
3.05943	95.50593
3.04942	95.51449
3.03941	95.52319
3.02939	95.53202
3.01937	95.541
3.00934	95.55011
2.99958	95.55911
2.98954	95.5685
2.9795	95.57804
2.96945	95.58773
2.9594	95.59756
2.94934	95.60753
2.93955	95.61738
2.92948	95.62765
2.91941	95.63808
2.9096	95.64836
2.89952	95.65909
2.88943	95.66997
2.87961	95.68071
2.86952	95.6919
2.85941	95.70326
2.84958	95.71446
2.83947	95.72613
2.82963	95.73764
2.81951	95.74964
2.80966	95.76147
2.79953	95.7738
2.78967	95.78595
2.77953	95.79862
2.76966	95.8111
2.75951	95.82411
2.74963	95.83693
2.73948	95.85028
2.72959	95.86344
2.7197	95.87677
2.70953	95.89066
2.69963	95.90433
2.68973	95.91818
2.67954	95.93261
2.66963	95.94682
2.65971	95.96121
2.64952	95.97619
2.63959	95.99094
2.62966	96.00588
2.61973	96.021
2.6	95.80077
2.59	95.60735
2.58	95.5768
2.57	95.73789
2.56	95.66478
2.55	95.8776
2.54	95.71928
2.53	95.71403
2.52	95.66555
2.51	95.68044
2.5	95.48515
2.49	95.52371
2.48	95.3911
2.47	95.38315
2.46	95.28531
2.45	95.32911
2.44	95.33851
2.43	95.38924
2.42	95.45107
2.41	95.44296
2.4	95.49139
2.39	95.53948
2.38	95.56364
2.37	95.5789
2.36	95.66537
2.35	95.64433
2.34	95.64308
2.33	95.62134
2.32	95.64344
2.31	95.59291
2.3	95.47209
2.29	95.41097
2.28	95.34393
2.27	95.33066
2.26	95.29539
2.25	95.27495
2.24	95.2869
2.23	95.31193
2.22	95.33933
2.21	95.37083
2.2	95.41233
2.19	95.46786
2.18	95.47617
2.17	95.49594
2.16	95.53172
2.15	95.51503
2.14	95.49802
2.13	95.43998
2.12	95.37717
2.11	95.32558
2.1	95.24883
2.09	95.20252
2.08	95.15447
2.07	95.16063
2.06	95.19765
2.05	95.21215
2.04	95.24032
2.03	95.28466
2.02	95.32995
2.01	95.36372
2	95.37332
1.99	95.36761
1.98	95.33463
1.97	95.27977
1.96	95.22541
1.95	95.17433
1.94	95.1387
1.93	95.12046
1.92	95.11638
1.91	95.12136
1.9	95.12116
1.89	95.1282
1.88	95.1615
1.87	95.18075
1.86	95.18204
1.85	95.15513
1.84	95.12754
1.83	95.0882
1.82	95.02135
1.81	94.95214
1.8	94.92515
1.79	94.9242
1.78	94.9451
1.77	94.9639
1.76	94.99304
1.75	95.00162
1.74	94.98419
1.73	94.97442
1.72	94.95638
1.71	94.89165
1.7	94.82738
1.69	94.824
1.68	94.77372
1.67	94.68645
1.66	94.63174
1.65	94.55517
1.64	94.51047
1.63	94.48834
1.62	94.46519
1.61	94.41373
1.6	94.37789
1.59	94.34791
1.58	94.28882
1.57	94.23097
1.56	94.18375
1.55	94.12185
1.54	94.03981
1.53	93.98329
1.52	93.94203
1.51	93.88297
1.5	93.82945
1.49	93.7707
1.48	93.70262
1.47	93.63802
1.46	93.55953
1.45	93.45122
1.44	93.35418
1.43	93.29545
1.42	93.24925
1.41	93.16561
1.4	93.05742
1.39	92.96149
1.38	92.87103
1.37	92.7547
1.36	92.63839
1.35	92.53741
1.34	92.46209
1.33	92.39717
1.32	92.28664
1.31	92.1438
1.3	92.01728
1.29	91.9044
1.28	91.78054
1.27	91.62409
1.26	91.40866
1.25	91.26728
1.24	91.16304
1.23	90.96428
1.22	90.77156
1.21	90.59816
1.2	90.3352
1.19	90.12345
1.18	89.94626
1.17	89.71499
1.16	89.4732
1.15	89.22633
1.14	88.97335
1.13	88.68749
1.12	88.35545
1.11	88.05702
1.1	87.72427
1.09	87.37565
1.08	86.96504
1.07	86.50662
1.06	86.07669
1.05	85.65769
1.04	85.18072
1.03	84.64554
1.02	84.06963
1.01	83.49179
1	82.88332
0.99	82.24814
0.98	81.54983
0.97	80.76847
0.96	79.93578
0.95	79.09572
0.94	78.20329
0.93	77.26586
0.92	76.25676
0.91	75.21998
0.9	74.19009
0.89	73.11024
0.88	72.90515
0.87	71.93133
0.86	71.0801
0.85	70.4107
0.84	69.96844
0.83	69.78336
0.82	69.89287
0.81	70.27381
0.8	70.91248
0.79	71.6982
0.78	72.67067
0.77	73.68757
0.76	74.78868
0.75	75.86267
0.74	76.93077
0.73	77.99936
0.72	79.02747
0.71	79.99127
0.7	80.93554
0.69	81.83402
0.68	82.68347
0.67	83.50056
0.66	84.27653
0.65	84.99664
0.64	85.69449
0.63	86.35923
0.62	86.98691
0.61	87.55399
0.6	88.08464
0.59	88.59494
0.58	89.05861
0.57	89.49116
0.56	89.87606
0.55	90.48587
0.54	90.81507
0.53	91.0988
0.52	91.35656
0.51	91.55857
0.5	91.72228
0.49	91.82825
0.48	91.91974
0.47	91.9087
0.46	91.83429
0.45	91.66057
0.44	91.45408
0.43	91.09418
0.42	90.57527
0.41	89.75869
0.4	88.55549
0.39	86.73133
0.38	83.85685
0.37	79.17197
0.36	71.53332
0.35	61.03755
0.34	49.60088
0.33	41.82419
0.32	39.29734
0.31	39.47243
0.3	40.25924
0.29	40.28095
0.28	39.33633
0.27	33.42666
0.26	24.80127
0.25	16.80748
0.24	12.79264
0.23	32.05956
