0.5	48.17894
0.505	52.76332
0.51	57.66305
0.515	62.24988
0.52	66.52894
0.525	70.21863
0.53	73.49378
0.535	76.26871
0.54	78.72664
0.545	80.80481
0.55	82.62262
0.555	84.19486
0.56	85.59573
0.565	86.7943
0.57	87.89283
0.575	88.84868
0.58	89.70213
0.585	90.46748
0.59	91.14325
0.595	91.7277
0.6	92.28106
0.605	92.7832
0.61	93.2403
0.615	93.64326
0.62	94.0401
0.625	94.38305
0.63	94.6795
0.635	95.0092
0.64	95.24721
0.645	95.48612
0.65	95.71875
0.655	95.92932
0.66	96.14384
0.665	96.32579
0.67	96.47078
0.675	96.59877
0.68	96.72681
0.685	96.85585
0.69	96.94383
0.695	97.04521
0.7	97.09011
0.705	97.18398
0.71	97.22019
0.715	97.28311
0.72	97.32321
0.725	97.37727
0.73	97.42287
0.735	97.472
0.74	97.49084
0.745	97.55079
0.75	97.57875
0.755	97.59892
0.76	97.61678
0.765	97.67468
0.77	97.70643
0.775	97.72115
0.78	97.75763
0.785	97.78004
0.79	97.81108
0.795	97.83611
0.8	97.86698
0.805	97.84232
0.81	97.92749
0.815	97.93805
0.82	97.91568
0.825	97.94336
0.83	97.90783
0.835	97.93706
0.84	97.96802
0.845	98.02011
0.85	97.99487
0.855	98.01084
0.86	97.98312
0.865	98.02325
0.87	98.03038
0.875	98.07204
0.88	98.05761
0.885	98.06436
0.89	98.07003
0.895	98.05638
0.9	98.17168
0.905	98.172
0.91	98.05759
0.915	98.18517
0.92	98.08024
0.925	98.05678
0.93	98.13236
0.935	98.13794
0.94	98.09443
0.945	98.13172
0.95	98.10357
0.955	98.07818
0.96	98.09761
0.965	98.12512
0.97	98.11148
0.975	98.12746
0.98	98.10924
0.985	98.11063
0.99	98.11374
0.995	98.11411
1	98.11814
1.005	98.09659
1.01	98.1344
1.015	98.13402
1.02	98.14657
1.025	98.13977
1.03	98.14431
1.035	98.119
1.04	98.11304
1.045	98.13952
1.05	98.15227
1.055	98.12015
1.06	98.16505
1.065	98.17028
1.07	98.14999
1.075	98.15069
1.08	98.13859
1.085	98.14822
1.09	98.14875
1.095	98.13769
1.1	98.12011
1.105	98.12534
1.11	98.12427
1.115	98.11482
1.12	98.11349
1.125	98.12404
1.13	98.12423
1.135	98.14757
1.14	98.14978
1.145	98.16544
1.15	98.16204
1.155	98.15566
1.16	98.13792
1.165	98.10398
1.17	98.10956
1.175	98.10145
1.18	98.11509
1.185	98.0828
1.19	98.13323
1.195	98.15481
1.2	98.17356
1.205	98.14704
1.21	98.09927
1.215	98.08144
1.22	98.09094
1.225	98.08748
1.23	98.07557
1.235	98.09882
1.24	98.12399
1.245	98.13729
1.25	98.13511
1.255	98.13574
1.26	98.16399
1.265	98.15454
1.27	98.14522
1.275	98.15865
1.28	98.17106
1.285	98.15194
1.29	98.15549
1.295	98.14998
1.3	98.13456
1.305	98.15185
1.31	98.1665
1.315	98.16191
1.32	98.13803
1.325	98.1459
1.33	98.14165
1.335	98.1499
1.34	98.11109
1.345	98.0926
1.35	98.08876
1.355	98.09511
1.36	98.1251
1.365	98.18279
1.37	98.2044
1.375	98.20062
1.38	98.17849
1.385	98.16821
1.39	98.18946
1.395	98.19999
1.4	98.19272
1.405	98.21326
1.41	98.2202
1.415	98.20974
1.42	98.20454
1.425	98.19982
1.43	98.17548
1.435	98.17712
1.44	98.19004
1.445	98.20373
1.45	98.20686
1.455	98.18704
1.46	98.18232
1.465	98.20438
1.47	98.23025
1.475	98.22603
1.48	98.21491
1.485	98.20974
1.49	98.19081
1.495	98.18893
1.5	98.18549
1.505	98.17654
1.51	98.16754
1.515	98.13479
1.52	98.12489
1.525	98.1279
1.53	98.11385
1.535	98.1121
1.54	98.11756
1.545	98.12634
1.55	98.14216
1.555	98.12478
1.56	98.12041
1.565	98.11406
1.57	98.10831
1.575	98.10886
1.58	98.1124
1.585	98.11901
1.59	98.1097
1.595	98.10156
1.6	98.1081
1.605	98.13433
1.61	98.14901
1.615	98.16602
1.62	98.16867
1.625	98.16957
1.63	98.19631
1.635	98.21268
1.64	98.21416
1.645	98.2282
1.65	98.23811
1.655	98.23742
1.66	98.26367
1.665	98.27809
1.67	98.27906
1.675	98.24782
1.68	98.21691
1.685	98.20784
1.69	98.20682
1.695	98.21768
1.7	98.21158
1.705	98.1994
1.71	98.21182
1.715	98.21064
1.72	98.16063
1.725	98.14748
1.73	98.1662
1.735	98.15648
1.74	98.1468
1.745	98.15119
1.75	98.15917
1.755	98.16195
1.76	98.13339
1.765	98.11262
1.77	98.09612
1.775	98.11474
1.78	98.1255
1.785	98.12372
1.79	98.129
1.795	98.10284
1.8	98.08476
1.805	98.07676
1.81	98.03865
1.815	98.03751
1.82	98.05029
1.825	98.04258
1.83	98.05136
1.835	98.05842
1.84	98.05056
1.845	98.0824
1.85	98.11331
1.855	98.1053
1.86	98.10891
1.865	98.16486
1.87	98.18753
1.875	98.21421
1.88	98.21051
1.885	98.21822
1.89	98.23551
1.895	98.24369
1.9	98.25867
1.905	98.28357
1.91	98.25669
1.915	98.27694
1.92	98.30302
1.925	98.32556
1.93	98.35232
1.935	98.38989
1.94	98.37065
1.945	98.40075
1.95	98.39834
1.955	98.33995
1.96	98.32051
1.965	98.28401
1.97	98.27679
1.975	98.25754
1.98	98.27414
1.985	98.27433
1.99	98.26478
1.995	98.25831
2	98.27133
2.005	98.30564
2.01	98.30416
2.015	98.34135
2.02	98.28687
2.025	98.24975
2.03	98.25321
2.035	98.26123
2.04	98.24098
2.045	98.19771
2.05	98.18077
2.055	98.16421
2.06	98.13301
2.065	98.16713
2.07	98.16201
2.075	98.10976
2.08	98.09046
2.085	98.11536
2.09	98.13921
2.095	98.09058
2.1	98.0697
2.105	98.0826
2.11	98.0721
2.115	98.04933
2.12	98.0355
2.125	98.04212
2.13	97.9983
2.135	98.0501
2.14	98.03068
2.145	98.01365
2.15	98.04932
2.155	98.09316
2.16	98.04869
2.165	98.08338
2.17	98.10627
2.175	98.15385
2.18	98.1818
2.185	98.1763
2.19	98.18489
2.195	98.20341
2.2	98.16872
2.205	98.13393
2.21	98.1566
2.215	98.20405
2.22	98.14912
2.225	98.23947
2.23	98.24758
2.235	98.17662
2.24	98.25096
2.245	98.19855
2.25	98.24593
2.255	98.2668
2.26	98.19848
2.265	98.26745
2.27	98.13988
2.275	98.32073
2.28	98.29238
2.285	98.22311
2.29	98.12498
2.295	98.18582
2.3	98.30932
2.305	98.33941
2.31	98.31197
2.315	98.33049
2.32	98.37542
2.325	98.30384
2.33	98.26334
2.335	98.13052
2.34	98.42798
2.345	98.24911
2.35	98.35623
2.355	98.24094
2.36	98.21988
2.365	98.34644
2.37	98.36902
2.375	98.5892
2.38	98.483
2.385	98.39868
2.39	98.48044
2.395	98.3076
2.4	98.26746
2.405	98.16144
2.41	98.26484
2.415	98.31431
2.42	98.33962
2.425	98.24949
2.43	98.32297
2.435	98.322
2.44	98.44633
2.445	98.34492
2.45	97.97998
2.455	98.29679
2.46	98.13309
2.465	98.39182
2.47	98.13678
2.475	98.10781
2.48	98.30305
2.485	98.17243
2.49	98.20472
2.495	98.42126
2.5	98.00741
2.505	98.07824
2.51	98.07102
2.515	97.98111
2.52	98.0023
2.525	97.99889
2.53	98.30359
2.535	98.00523
2.54	98.02558
2.545	97.97668
2.55	97.96394
2.555	97.98744
2.56	98.05118
2.565	97.64749
2.57	97.7241
2.575	98.66744
2.58	98.50137
2.585	98.16778
2.59	97.81307
2.595	98.05849
2.6	97.78586
2.60205	97.44821
2.60977	97.55414
2.61749	97.42066
2.62521	97.62302
2.63293	97.47204
2.64065	97.66983
2.64838	97.67982
2.6561	97.53957
2.66382	97.3785
2.67154	97.12274
2.67926	96.72942
2.68698	96.90816
2.6947	96.98209
2.70242	97.06688
2.71015	97.02453
2.71787	97.22977
2.72559	97.2697
2.73331	97.45126
2.74103	97.22332
2.74875	97.35168
2.75647	96.93665
2.76419	97.17389
2.77191	97.20951
2.77964	97.18578
2.78736	97.29893
2.79508	97.5968
2.8028	97.45445
2.81052	97.67068
2.81824	97.65012
2.82596	97.7419
2.83368	97.66927
2.84141	97.75899
2.84913	97.72174
2.85685	97.76803
2.86457	97.78522
2.87229	97.76398
2.88001	97.80214
2.88773	97.77345
2.89545	97.83078
2.90318	97.81334
2.9109	97.79884
2.91862	97.8484
2.92634	97.84551
2.93406	97.84159
2.94178	97.85785
2.9495	97.87272
2.95722	97.89555
2.96495	97.85874
2.97267	97.83278
2.98039	97.87336
2.98811	97.87732
2.99583	97.88816
3.00355	97.93713
3.01127	97.89739
3.01899	97.86739
3.02671	97.89422
3.03444	97.88982
3.04216	97.91995
3.04988	97.91026
3.0576	97.90958
3.06532	97.9244
3.07304	97.9177
3.08076	97.94768
3.08848	97.94824
3.09621	97.93663
3.10393	97.93368
3.11165	97.92575
3.11937	97.96597
3.12709	97.96458
3.13481	97.97579
3.14253	97.95508
3.15025	97.96206
3.15798	97.96332
3.1657	98.00017
3.17342	97.99146
3.18114	97.96089
3.18886	97.97917
3.19658	97.95585
3.2043	97.95518
3.21202	97.98756
3.21975	97.97977
3.22747	98.00217
3.23519	97.99984
3.24291	97.99539
3.25063	98.00962
3.25835	97.98694
3.26607	97.99765
3.27379	97.99226
3.28151	98.01774
3.28924	98.01886
3.29696	98.01355
3.30468	98.00899
3.3124	98.02204
3.32012	98.00392
3.32784	98.03997
3.33556	98.03769
3.34328	98.05193
3.35101	98.11782
3.35873	98.05968
3.36645	98.05249
3.37417	98.06756
3.38189	98.04787
3.38961	98.05403
3.39733	98.06989
3.40505	98.07287
3.41278	98.05473
3.4205	98.10186
3.42822	98.06907
3.43594	98.12091
3.44366	98.14301
3.45138	98.082
3.4591	98.06867
3.46682	98.13279
3.47455	98.12309
3.48227	98.08798
3.48999	98.1045
3.49771	98.08808
3.50543	98.07849
3.51315	98.10618
3.52087	98.07729
3.52859	98.10754
3.53631	98.12635
3.54404	98.07101
3.55176	98.09166
3.55948	98.07829
3.5672	98.08679
3.57492	98.11538
3.58264	98.14721
3.59036	98.13787
3.59808	98.1393
3.60581	98.10063
3.61353	98.10138
3.62125	98.0821
3.62897	98.0657
3.63669	98.10663
3.64441	98.13611
3.65213	98.13911
3.65985	98.12853
3.66758	98.13658
3.6753	98.16184
3.68302	98.15883
3.69074	98.16265
3.69846	98.17114
3.70618	98.21151
3.7139	98.23041
3.72162	98.19134
3.72935	98.16625
3.73707	98.18772
3.74479	98.18808
3.75251	98.2103
3.76023	98.20927
3.76795	98.2351
3.77567	98.23625
3.78339	98.19232
3.79111	98.18492
3.79884	98.19291
3.80656	98.18841
3.81428	98.20646
3.822	98.20414
3.82972	98.20576
3.83744	98.17985
3.84516	98.17579
3.85288	98.19571
3.86061	98.21028
3.86833	98.20126
3.87605	98.19976
3.88377	98.19076
3.89149	98.22257
3.89921	98.23579
3.90693	98.24294
3.91465	98.2501
3.92238	98.26193
3.9301	98.26948
3.93782	98.25451
3.94554	98.23419
3.95326	98.24965
3.96098	98.23294
3.9687	98.2377
3.97642	98.19634
3.98415	98.19647
3.99187	98.18483
3.99959	98.17176
4.00731	98.19805
4.01503	98.1607
4.02275	98.21562
4.03047	98.21728
4.03819	98.17925
4.04591	98.17199
4.05364	98.14221
4.06136	98.17968
4.06908	98.18354
4.0768	98.16346
4.08452	98.18487
4.09224	98.20379
4.09996	98.23166
4.10768	98.22343
4.11541	98.24631
4.12313	98.28208
4.13085	98.2603
4.13857	98.27035
4.14629	98.2654
4.15401	98.28941
4.16173	98.26983
4.16945	98.25383
4.17718	98.22175
4.1849	98.10569
4.19262	98
4.20034	98
4.20806	98
4.21578	98
4.2235	98
4.23122	98
4.23895	98
4.24667	98
4.25439	98
4.26211	98
4.26983	98
4.27755	98
4.28527	98
4.29299	98
4.30071	98
4.30844	98
4.31616	98
4.32388	98
4.3316	98
4.33932	98
4.34704	98
4.35476	98
4.36248	98
4.37021	98
4.37793	98
4.38565	97.99019
4.39337	97.9252
4.40109	97.87595
4.40881	97.8735
4.41653	97.91072
4.42425	97.95295
4.43198	97.96947
4.4397	98.006
4.44742	98.03861
4.45514	98.07837
4.46286	98.11742
4.47058	98.1029
4.4783	98.11375
4.48602	98.13532
4.49375	98.15404
4.50147	98.12205
4.50919	98.10758
4.51691	98.09739
4.52463	98.11686
4.53235	98.1067
4.54007	98.08833
4.54779	98.09068
4.55551	98.11197
4.56324	98.11397
4.57096	98.08671
4.57868	98.10623
4.5864	98.12505
4.59412	98.10495
4.60184	98.08415
4.60956	98.0962
4.61728	98.08827
4.62501	98.07284
4.63273	98.10027
4.64045	98.1395
4.64817	98.17337
4.65589	98.17511
4.66361	98.15758
4.67133	98.13649
4.67905	98.13647
4.68678	98.13074
4.6945	98.13038
4.70222	98.12217
4.70994	98.11397
4.71766	98.1072
4.72538	98.09687
4.7331	98.07477
4.74082	98.02946
4.74855	98.02308
4.75627	98.04598
4.76399	98.03961
4.77171	98.00076
4.77943	97.9912
4.78715	98.00091
4.79487	97.98743
4.80259	97.97646
4.81031	97.9762
4.81804	97.96917
4.82576	97.96035
4.83348	97.95012
4.8412	97.95024
4.84892	97.96644
4.85664	97.96193
4.86436	97.95279
4.87208	97.97079
4.87981	97.98486
4.88753	97.96218
4.89525	97.93129
4.90297	97.95003
4.91069	97.9834
4.91841	97.98501
4.92613	97.97449
4.93385	97.95863
4.94158	97.95205
4.9493	97.95868
4.95702	97.97495
4.96474	97.99159
4.97246	97.99538
4.98018	97.98348
4.9879	97.98371
4.99562	97.99073
5.00335	97.99312
5.01107	98.02192
5.01879	98.00683
5.02651	97.99889
5.03423	98.02806
5.04195	98.03226
5.04967	98.00684
5.05739	97.98001
5.06511	97.96531
5.07284	97.93313
5.08056	97.90382
5.08828	97.90519
5.096	97.91977
5.10372	97.9101
5.11144	97.88473
5.11916	97.88291
5.12688	97.88146
5.13461	97.85254
5.14233	97.81078
5.15005	97.80113
5.15777	97.82824
5.16549	97.83823
5.17321	97.84573
5.18093	97.86536
5.18865	97.88499
5.19638	97.88215
5.2041	97.86184
5.21182	97.86329
5.21954	97.91077
5.22726	97.94505
5.23498	97.93297
5.2427	97.94157
5.25042	97.95375
5.25814	97.94524
5.26587	97.94601
5.27359	97.95178
5.28131	97.93793
5.28903	97.91054
5.29675	97.91561
5.30447	97.94957
5.31219	97.97034
5.31991	97.9715
5.32764	97.95911
5.33536	97.93031
5.34308	97.85551
5.3508	97.79177
5.35852	97.84253
5.36624	97.92182
5.37396	97.96331
5.38168	97.98305
5.38941	97.99245
5.39713	97.97902
5.40485	97.93992
5.41257	97.87871
5.42029	97.82999
5.42801	97.85368
5.43573	97.89377
5.44345	97.89286
5.45118	97.86769
5.4589	97.81043
5.46662	97.75817
5.47434	97.74943
5.48206	97.77813
5.48978	97.81718
5.4975	97.82342
5.50522	97.80684
5.51294	97.77494
5.52067	97.73233
5.52839	97.71898
5.53611	97.73095
5.54383	97.7151
5.55155	97.68999
5.55927	97.70411
5.56699	97.71324
5.57471	97.69598
5.58244	97.72259
5.59016	97.81017
5.59788	97.86817
5.6056	97.86768
5.61332	97.85472
5.62104	97.87386
5.62876	97.86376
5.63648	97.76951
5.64421	97.71413
5.65193	97.79318
5.65965	97.90682
5.66737	97.95272
5.67509	97.93194
5.68281	97.92864
5.69053	97.93817
5.69825	97.91847
5.70598	97.83496
5.7137	97.74111
5.72142	97.72856
5.72914	97.77127
5.73686	97.78831
5.74458	97.77968
5.7523	97.75752
5.76002	97.69934
5.76774	97.66078
5.77547	97.73773
5.78319	97.83216
5.79091	97.88095
5.79863	97.8784
5.80635	97.82845
5.81407	97.71932
5.82179	97.60235
5.82951	97.60981
5.83724	97.71066
5.84496	97.77587
5.85268	97.75303
5.8604	97.6728
5.86812	97.60897
5.87584	97.55584
5.88356	97.5102
5.89128	97.5298
5.89901	97.6239
5.90673	97.7073
5.91445	97.71372
5.92217	97.65775
5.92989	97.56828
5.93761	97.50556
5.94533	97.54371
5.95305	97.62392
5.96078	97.66243
5.9685	97.65246
5.97622	97.6172
5.98394	97.59013
5.99166	97.61795
5.99938	97.68071
6.0071	97.70783
6.01482	97.71927
6.02254	97.7553
6.03027	97.74286
6.03799	97.62742
6.04571	97.48917
6.05343	97.47888
6.06115	97.54344
6.06887	97.58127
6.07659	97.64869
6.08431	97.74141
6.09204	97.78245
6.09976	97.74152
6.10748	97.65997
6.1152	97.66574
6.12292	97.76951
6.13064	97.82839
6.13836	97.8167
6.14608	97.77935
6.15381	97.75412
6.16153	97.75669
6.16925	97.77423
6.17697	97.77289
6.18469	97.76906
6.19241	97.80015
6.20013	97.83516
6.20785	97.83739
6.21558	97.82964
6.2233	97.83366
6.23102	97.84373
6.23874	97.8588
6.24646	97.87993
6.25418	97.89322
6.2619	97.89297
6.26962	97.88987
6.27734	97.88642
6.28507	97.8794
6.29279	97.87524
6.30051	97.8807
6.30823	97.89151
6.31595	97.89235
6.32367	97.85969
6.33139	97.77785
6.33911	97.67678
6.34684	97.64556
6.35456	97.68595
6.36228	97.70248
6.37	97.68231
6.37772	97.67176
6.38544	97.67475
6.39316	97.66028
6.40088	97.59095
6.40861	97.44251
6.41633	97.33398
6.42405	97.39364
6.43177	97.50496
6.43949	97.57781
6.44721	97.61502
6.45493	97.63228
6.46265	97.61676
6.47038	97.54816
6.4781	97.43966
6.48582	97.36322
6.49354	97.40009
6.50126	97.51962
6.50898	97.60957
6.5167	97.6354
6.52442	97.63486
6.53214	97.62542
6.53987	97.58534
6.54759	97.50964
6.55531	97.4293
6.56303	97.36536
6.57075	97.33099
6.57847	97.33652
6.58619	97.37234
6.59391	97.42847
6.60164	97.48459
6.60936	97.50439
6.61708	97.45578
6.6248	97.3491
6.63252	97.26736
6.64024	97.3406
6.64796	97.53282
6.65568	97.65273
6.66341	97.68357
6.67113	97.66918
6.67885	97.66974
6.68657	97.70166
6.69429	97.72539
6.70201	97.70352
6.70973	97.65493
6.71745	97.65515
6.72518	97.74158
6.7329	97.8305
6.74062	97.87775
6.74834	97.88866
6.75606	97.87713
6.76378	97.85028
6.7715	97.81168
6.77922	97.76917
6.78694	97.75159
6.79467	97.79457
6.80239	97.85037
6.81011	97.88018
6.81783	97.88006
6.82555	97.86819
6.83327	97.85988
6.84099	97.84017
6.84871	97.76704
6.85644	97.68109
6.86416	97.65569
6.87188	97.69904
6.8796	97.77195
6.88732	97.81922
6.89504	97.8234
6.90276	97.81225
6.91048	97.81714
6.91821	97.83734
6.92593	97.86004
6.93365	97.8685
6.94137	97.8538
6.94909	97.81453
6.95681	97.77704
6.96453	97.76199
6.97225	97.77045
6.97998	97.78924
6.9877	97.80055
6.99542	97.80973
7.00314	97.8157
7.01086	97.81597
7.01858	97.81126
7.0263	97.80656
7.03402	97.80114
7.04174	97.79821
7.04947	97.81452
7.05719	97.85647
7.06491	97.92016
7.07263	97.97636
7.08035	98.01582
7.08807	98.0389
7.09579	98.04525
7.10351	98.03521
7.11124	98.02303
7.11896	98.02546
7.12668	98.03146
7.1344	98.02854
7.14212	97.99893
7.14984	97.9547
7.15756	97.93043
7.16528	97.93394
7.17301	97.96736
7.18073	98.01325
7.18845	98.0335
7.19617	98.0281
7.20389	98.00455
7.21161	97.97815
7.21933	97.97133
7.22705	97.96951
7.23478	97.96732
7.2425	97.96087
7.25022	97.94801
7.25794	97.92624
7.26566	97.897
7.27338	97.86384
7.2811	97.84315
7.28882	97.83884
7.29654	97.84379
7.30427	97.85302
7.31199	97.85619
7.31971	97.84192
7.32743	97.81767
7.33515	97.79058
7.34287	97.79126
7.35059	97.81652
7.35831	97.84854
7.36604	97.87808
7.37376	97.89158
7.38148	97.89797
7.3892	97.89902
7.39692	97.89544
7.40464	97.89043
7.41236	97.8922
7.42008	97.90251
7.42781	97.92457
7.43553	97.94058
7.44325	97.94199
7.45097	97.92666
7.45869	97.89959
7.46641	97.89032
7.47413	97.89815
7.48185	97.9284
7.48958	97.96507
7.4973	97.99605
7.50502	98.0199
7.51274	98.02773
7.52046	98.02772
7.52818	98.02416
7.5359	98.01953
7.54362	98.01668
7.55134	98.01312
7.55907	98.00849
7.56679	98.00137
7.57451	97.99532
7.58223	97.99141
7.58995	97.99106
7.59767	97.99178
7.60539	97.99286
7.61311	97.99571
7.62084	97.99964
7.62856	98.00143
7.63628	98.00002
7.644	97.99042
7.65172	97.97797
7.65944	97.96374
7.66716	97.9545
7.67488	97.94882
7.68261	97.94706
7.69033	97.94423
7.69805	97.9389
7.70577	97.93252
7.71349	97.93218
7.72121	97.94146
7.72893	97.95786
7.73665	97.98032
7.74438	97.99494
7.7521	98.00244
7.75982	97.9925
7.76754	97.98113
7.77526	97.97226
7.78298	97.98333
7.7907	98.00899
7.79842	98.04427
7.80614	98.08133
7.81387	98.10699
7.82159	98.12305
7.82931	98.11774
7.83703	98.10959
7.84475	98.09894
7.85247	98.09649
7.86019	98.09866
7.86791	98.10689
7.87564	98.12829
7.88336	98.1561
7.89108	98.19281
7.8988	98.22667
7.90652	98.25413
7.91424	98.26271
7.92196	98.25386
7.92968	98.23681
7.93741	98.21621
7.94513	98.20486
7.95285	98.20135
7.96057	98.21137
7.96829	98.2221
7.97601	98.23318
7.98373	98.23786
7.99145	98.24041
7.99918	98.23832
8.0069	98.23731
8.01462	98.237
8.02234	98.23991
8.03006	98.24245
8.03778	98.24429
8.0455	98.24007
8.05322	98.23301
8.06094	98.21883
8.06867	98.20536
8.07639	98.19225
8.08411	98.19231
8.09183	98.19807
8.09955	98.21486
8.10727	98.23272
8.11499	98.25094
8.12271	98.25635
8.13044	98.25677
8.13816	98.24793
8.14588	98.23732
8.1536	98.22671
8.16132	98.22571
8.16904	98.22791
8.17676	98.23546
8.18448	98.24585
8.19221	98.25767
8.19993	98.27305
8.20765	98.2895
8.21537	98.30737
8.22309	98.32417
8.23081	98.34062
8.23853	98.35743
8.24625	98.37459
8.25398	98.39318
8.2617	98.41034
8.26942	98.42644
8.27714	98.43613
8.28486	98.44439
8.29258	98.44803
8.3003	98.45416
8.30802	98.46279
8.31574	98.47711
8.32347	98.49392
8.33119	98.51144
8.33891	98.52719
8.34663	98.53831
8.35435	98.54729
8.36207	98.55378
8.36979	98.55992
8.37751	98.5657
8.38524	98.56971
8.39296	98.57264
8.40068	98.57273
8.4084	98.5714
8.41612	98.56899
8.42384	98.56481
8.43156	98.56063
8.43928	98.56144
8.44701	98.56545
8.45473	98.58049
8.46245	98.59802
8.47017	98.61876
8.47789	98.63274
8.48561	98.64244
8.49333	98.63969
8.50105	98.63409
8.50878	98.62031
8.5165	98.60653
8.52422	98.59239
8.53194	98.58145
8.53966	98.57515
8.54738	98.57276
8.5551	98.57286
8.56282	98.57154
8.57054	98.5695
8.57827	98.56391
8.58599	98.55903
8.59371	98.55771
8.60143	98.55888
8.60915	98.56646
8.61687	98.57547
8.62459	98.58661
8.63231	98.59668
8.64004	98.60569
8.64776	98.61469
8.65548	98.6237
8.6632	98.63413
8.67092	98.64492
8.67864	98.65072
8.68636	98.65546
8.69408	98.64988
8.70181	98.6443
8.70953	98.63622
8.71725	98.63029
8.72497	98.62791
8.73269	98.62446
8.74041	98.6196
8.74813	98.60975
8.75585	98.59527
8.76357	98.58044
8.7713	98.56561
8.77902	98.5579
8.78674	98.5541
8.79446	98.55529
8.80218	98.55861
8.8099	98.5598
8.81762	98.56063
8.82534	98.56573
8.83307	98.57155
8.84079	98.59552
8.84851	98.62162
8.85623	98.65591
8.86395	98.69055
8.87167	98.71132
8.87939	98.73209
8.88711	98.74218
8.89484	98.75262
8.90256	98.76592
8.91028	98.77885
8.918	98.79037
8.92572	98.80082
8.93344	98.80166
8.94116	98.80214
8.94888	98.79693
8.95661	98.79243
8.96433	98.79399
8.97205	98.79661
8.97977	98.81525
8.98749	98.83388
8.99521	98.85786
9.00293	98.88041
9.01065	98.88339
9.01837	98.88602
9.0261	98.86835
9.03382	98.85105
9.04154	98.83553
9.04926	98.82
9.05698	98.81053
9.0647	98.80106
9.07242	98.79123
9.08014	98.7814
9.08787	98.77478
9.09559	98.76851
9.10331	98.77043
9.11103	98.77448
9.11875	98.78281
9.12647	98.79291
9.13419	98.80053
9.14191	98.80707
9.14964	98.80935
9.15736	98.80807
9.16508	98.80501
9.1728	98.7991
9.18052	98.7939
9.18824	98.78907
9.19596	98.78423
9.20368	98.77939
9.21141	98.77242
9.21913	98.75513
9.22685	98.73783
9.23457	98.70382
9.24229	98.6698
9.25001	98.63899
9.25773	98.60854
9.26545	98.59694
9.27317	98.59246
9.2809	98.59937
9.28862	98.61411
9.29634	98.62779
9.30406	98.63968
9.31178	98.64873
9.3195	98.6503
9.32722	98.65081
9.33494	98.64669
9.34267	98.64222
9.35039	98.63774
9.35811	98.63327
9.36583	98.62987
9.37355	98.62682
9.38127	98.62021
9.38899	98.61147
9.39671	98.6006
9.40444	98.58652
9.41216	98.57315
9.41988	98.5637
9.4276	98.55461
9.43532	98.55334
9.44304	98.55279
9.45076	98.55722
9.45848	98.56378
9.46621	98.57106
9.47393	98.5794
9.48165	98.58561
9.48937	98.5847
9.49709	98.58379
9.50481	98.57008
9.51253	98.55601
9.52025	98.53802
9.52797	98.51826
9.5357	98.50027
9.54342	98.48371
9.55114	98.46929
9.55886	98.46269
9.56658	98.45645
9.5743	98.4591
9.58202	98.46318
9.58974	98.46655
9.59747	98.47028
9.60519	98.47115
9.61291	98.46634
9.62063	98.46188
9.62835	98.45244
9.63607	98.44336
9.64379	98.43605
9.65151	98.42982
9.65924	98.42536
9.66696	98.42339
9.67468	98.42178
9.6824	98.42018
9.69012	98.41857
9.69784	98.41554
9.70556	98.41144
9.71328	98.40734
9.72101	98.40324
9.72873	98.39879
9.73645	98.39754
9.74417	98.39664
9.75189	98.40002
9.75961	98.40624
9.76733	98.41353
9.77505	98.42438
9.78277	98.43523
9.7905	98.44216
9.79822	98.44839
9.80594	98.4507
9.81366	98.44838
9.82138	98.44571
9.8291	98.43699
9.83682	98.42827
9.84454	98.41671
9.85227	98.40337
9.85999	98.39038
9.86771	97.88657
9.87543	97.87506
9.88315	97.87135
9.89087	97.86976
9.89859	97.8717
9.90631	97.88038
9.91404	97.88906
9.92176	97.9034
9.92948	97.91809
9.9372	97.93314
9.94492	97.94784
9.95264	97.96288
9.96036	97.97369
9.96808	97.98413
9.97581	97.99387
9.98353	98.00255
9.99125	98.01123
9.99897	98.02345
10.0067	98.03567
10.0144	98.04824
10.0221	98.06082
10.0299	98.07339
10.0376	98.08207
10.0453	98.09075
10.053	98.09872
10.0607	98.10528
10.0685	98.11219
10.0762	98.12406
10.0839	98.13664
10.0916	98.15169
10.0993	98.17099
10.1071	98.19065
10.1148	98.20995
10.1225	98.2289
10.1302	98.2475
10.138	98.26503
10.1457	98.28221
10.1534	98.30222
10.1611	98.32259
10.1688	98.34225
10.1766	98.35836
10.1843	98.37448
10.192	98.38317
10.1997	98.38655
10.2074	98.38992
10.2152	98.38905
10.2229	98.38782
10.2306	98.38908
10.2383	98.39458
10.246	98.39973
10.2538	98.41337
10.2615	98.42949
10.2692	98.44667
10.2769	98.47306
10.2847	98.4998
10.2924	98.52548
10.3001	98.5501
10.3078	98.57472
10.3155	98.58659
10.3233	98.59599
10.331	98.60326
10.3387	98.60063
10.3464	98.59764
10.3541	98.59429
10.3619	98.58988
10.3696	98.58548
10.3773	98.58355
10.385	98.58233
10.3928	98.58288
10.4005	98.59476
10.4082	98.60664
10.4159	98.62772
10.4236	98.66048
10.4314	98.6936
10.4391	98.72919
10.4468	98.76585
10.4545	98.80251
10.4622	98.81899
10.47	98.83547
10.4777	98.847
10.4854	98.84543
10.4931	98.84386
10.5008	98.84052
10.5086	98.83576
10.5163	98.831
10.524	98.82589
10.5317	98.82043
10.5395	98.81532
10.5472	98.81021
10.5549	98.8051
10.5626	98.80141
10.5703	98.80303
10.5781	98.80465
10.5858	98.80804
10.5935	98.8139
10.6012	98.81941
10.6089	98.82316
10.6167	98.82548
10.6244	98.82781
10.6321	98.82943
10.6398	98.83034
10.6476	98.83161
10.6553	98.83216
10.663	98.83272
10.6707	98.83222
10.6784	98.82464
10.6862	98.81741
10.6939	98.80841
10.7016	98.79517
10.7093	98.78228
10.717	98.77151
10.7248	98.76464
10.7325	98.75777
10.7402	98.7555
10.7479	98.75677
10.7556	98.75839
10.7634	98.76143
10.7711	98.76517
10.7788	98.76892
10.7865	98.77409
10.7943	98.77925
10.802	98.78441
10.8097	98.78887
10.8174	98.79262
10.8251	98.79672
10.8329	98.79339
10.8406	98.78935
10.8483	98.78532
10.856	98.77916
10.8637	98.773
10.8715	98.76754
10.8792	98.77519
10.8869	98.78283
10.8946	98.79189
10.9024	98.81369
10.9101	98.83514
10.9178	98.85588
10.9255	98.87308
10.9332	98.89028
10.941	98.90572
10.9487	98.90947
10.9564	98.91357
10.9641	98.91627
10.9718	98.91223
10.9796	98.90855
10.9873	98.90487
10.995	98.90084
11.0027	98.89681
11.0104	98.89348
11.0182	98.89405
11.0259	98.89462
11.0336	98.89554
11.0413	98.90071
11.0491	98.90588
11.0568	98.9114
11.0645	98.91834
11.0722	98.92564
11.0799	98.93258
11.0877	98.942
11.0954	98.95142
11.1031	98.96084
11.1108	98.97202
11.1185	98.98321
11.1263	98.99476
11.134	99.00418
11.1417	99.01324
11.1494	99.02231
11.1572	99.03066
11.1649	99.03867
11.1726	99.04667
11.1803	99.0568
11.188	99.06835
11.1958	99.07954
11.2035	99.09002
11.2112	99.09944
11.2189	99.10886
11.2266	99.11333
11.2344	99.10895
11.2421	99.10457
11.2498	99.097
11.2575	99.07492
11.2652	99.05285
11.273	99.03077
11.2807	99.0048
11.2884	98.97883
11.2961	98.95251
11.3039	98.94105
11.3116	98.93207
11.3193	98.92309
11.327	98.92721
11.3347	98.93875
11.3425	98.94995
11.3502	98.9622
11.3579	98.97588
11.3656	98.98919
11.3733	99.00039
11.3811	99.00344
11.3888	99.00614
11.3965	99.00884
11.4042	99.00517
11.412	99.0015
11.4197	98.99784
11.4274	98.99594
11.4351	98.99439
11.4428	98.9932
11.4506	98.99378
11.4583	98.99683
11.466	98.99989
11.4737	99.00295
11.4814	99.00601
11.4892	99.00906
11.4969	99.01176
11.5046	99.01058
11.5123	99.00868
11.52	99.00643
11.5278	99.00276
11.5355	98.99768
11.5432	98.9926
11.5509	98.98893
11.5587	98.9888
11.5664	98.98868
11.5741	98.9889
11.5818	98.99444
11.5895	99.00033
11.5973	99.00622
11.605	99.00893
11.6127	99.00951
11.6204	99.01009
11.6281	99.00926
11.6359	99.00135
11.6436	98.99379
11.6513	98.98588
11.659	98.98045
11.6668	98.97537
11.6745	98.97029
11.6822	98.9691
11.6899	98.97358
11.6976	98.97805
11.7054	98.98218
11.7131	98.99161
11.7208	99.00069
11.7285	99.00976
11.7362	99.0153
11.744	99.01801
11.7517	99.02072
11.7594	99.02166
11.7671	99.01021
11.7748	98.99877
11.7826	98.98696
11.7903	98.97162
11.798	98.95452
11.8057	98.93705
11.8135	98.92207
11.8212	98.91593
11.8289	98.90979
11.8366	98.90366
11.8443	98.90566
11.8521	98.91155
11.8598	98.91745
11.8675	98.9237
11.8752	98.93172
11.8829	98.93938
11.8907	98.94705
11.8984	98.954
11.9061	98.96061
11.9138	98.96721
11.9216	98.97382
11.9293	98.98077
11.937	98.98773
11.9447	98.99469
11.9524	99.00059
11.9602	99.00507
11.9679	99.00955
11.9756	99.01439
11.9833	99.00896
11.991	99.00318
11.9988	98.99775
12.0065	98.98737
12.0142	98.96921
12.0219	98.9514
12.0296	98.93358
12.0374	98.914
12.0451	98.89371
12.0528	98.87343
12.0605	98.85526
12.0683	98.84453
12.076	98.83379
12.0837	98.82306
12.0914	98.81905
12.0991	98.82071
12.1069	98.82271
12.1146	98.82437
12.1223	98.83345
12.13	98.8436
12.1377	98.8541
12.1455	98.86424
12.1532	98.87439
12.1609	98.88418
12.1686	98.89433
12.1764	98.90235
12.1841	98.90826
12.1918	98.91416
12.1995	98.92041
12.2072	98.92773
12.215	98.9354
12.2227	98.94307
12.2304	98.95074
12.2381	98.95947
12.2458	98.96856
12.2536	98.97729
12.2613	98.98461
12.269	98.98874
12.2767	98.99323
12.2844	98.99736
12.2922	99.00043
12.2999	99.00244
12.3076	99.0041
12.3153	99.00611
12.3231	99.0067
12.3308	99.00659
12.3385	99.00648
12.3462	99.00672
12.3539	98.99847
12.3617	98.98986
12.3694	98.98161
12.3771	98.97159
12.3848	98.95414
12.3925	98.93669
12.4003	98.91924
12.408	98.90143
12.4157	98.88363
12.4234	98.86583
12.4312	98.84802
12.4389	98.83446
12.4466	98.82551
12.4543	98.81655
12.462	98.80724
12.4698	98.80359
12.4775	98.80312
12.4852	98.80266
12.4929	98.8022
12.5006	98.80138
12.5084	98.80056
12.5161	98.79939
12.5238	98.79857
12.5315	98.7928
12.5392	98.78562
12.547	98.77878
12.5547	98.7716
12.5624	98.76087
12.5701	98.74979
12.5779	98.73836
12.5856	98.72728
12.5933	98.71231
12.601	98.69734
12.6087	98.68202
12.6165	98.66705
12.6242	98.65031
12.6319	98.63357
12.6396	98.61683
12.6473	98.60009
12.6551	98.5922
12.6628	98.58466
12.6705	98.57712
12.6782	98.56959
12.686	98.57585
12.6937	98.58246
12.7014	98.58908
12.7091	98.5957
12.7168	98.60656
12.7246	98.61742
12.7323	98.62828
12.74	98.63915
12.7477	98.64435
12.7554	98.64884
12.7632	98.65333
12.7709	98.65783
12.7786	98.65631
12.7863	98.65337
12.794	98.65043
12.8018	98.64785
12.8095	98.6435
12.8172	98.63879
12.8249	98.63409
12.8327	98.62938
12.8404	98.62821
12.8481	98.62846
12.8558	98.62907
12.8635	98.62967
12.8713	98.63487
12.879	98.64467
12.8867	98.65412
12.8944	98.66393
12.9021	98.67585
12.9099	98.69167
12.9176	98.70713
12.9253	98.72295
12.933	98.73806
12.9408	98.75176
12.9485	98.7651
12.9562	98.77879
12.9639	98.79214
12.9716	98.80194
12.9794	98.8121
12.9871	98.8219
12.9948	98.83206
13.0025	98.84575
13.0102	98.86051
13.018	98.87491
13.0257	98.88967
13.0334	98.9069
13.0411	98.92555
13.0488	98.94456
13.0566	98.96321
13.0643	98.97867
13.072	98.98812
13.0797	98.99757
13.0875	99.00702
13.0952	99.01541
13.1029	99.01036
13.1106	99.0053
13.1183	99.00025
13.1261	98.99519
13.1338	98.98164
13.1415	98.96597
13.1492	98.9503
13.1569	98.93463
13.1647	98.91401
13.1724	98.88737
13.1801	98.86109
13.1878	98.8348
13.1956	98.80781
13.2033	98.77586
13.211	98.74427
13.2187	98.71233
13.2264	98.68074
13.2342	98.65905
13.2419	98.64056
13.2496	98.6217
13.2573	98.6032
13.265	98.59461
13.2728	98.60229
13.2805	98.60998
13.2882	98.61731
13.2959	98.62499
13.3036	98.64541
13.3114	98.66619
13.3191	98.68696
13.3268	98.70774
13.3345	98.72179
13.3423	98.73054
13.35	98.73928
13.3577	98.74803
13.3654	98.75536
13.3731	98.74889
13.3809	98.74242
13.3886	98.73595
13.3963	98.72949
13.404	98.72267
13.4117	98.71585
13.4195	98.70867
13.4272	98.70149
13.4349	98.69538
13.4426	98.69316
13.4504	98.69129
13.4581	98.68942
13.4658	98.68756
13.4735	98.68781
13.4812	98.68948
13.489	98.6908
13.4967	98.69247
13.5044	98.6945
13.5121	98.69935
13.5198	98.70456
13.5276	98.70941
13.5353	98.71462
13.543	98.72054
13.5507	98.72717
13.5584	98.73379
13.5662	98.74041
13.5739	98.74739
13.5816	98.75296
13.5893	98.75817
13.5971	98.76373
13.6048	98.76929
13.6125	98.77415
13.6202	98.77865
13.6279	98.78315
13.6357	98.7873
13.6434	98.7918
13.6511	98.7956
13.6588	98.7994
13.6665	98.80284
13.6743	98.80663
13.682	98.81007
13.6897	98.80856
13.6974	98.80705
13.7052	98.80554
13.7129	98.80403
13.7206	98.79933
13.7283	98.78791
13.736	98.7765
13.7438	98.76543
13.7515	98.75401
13.7592	98.73623
13.7669	98.7142
13.7746	98.69217
13.7824	98.67049
13.7901	98.64846
13.7978	98.62041
13.8055	98.59131
13.8132	98.56256
13.821	98.53345
13.8287	98.50576
13.8364	98.48868
13.8441	98.47125
13.8519	98.45417
13.8596	98.4371
13.8673	98.43028
13.875	98.44646
13.8827	98.463
13.8905	98.47917
13.8982	98.49535
13.9059	98.51932
13.9136	98.55106
13.9213	98.58246
13.9291	98.6142
13.9368	98.6456
13.9445	98.66284
13.9522	98.67265
13.96	98.68281
13.9677	98.69263
13.9754	98.70244
13.9831	98.69845
13.9908	98.69128
13.9986	98.68376
14.0063	98.67624
14.014	98.66907
14.0217	98.66897
14.0294	98.66994
14.0372	98.67091
14.0449	98.67188
14.0526	98.67249
14.0603	98.68301
14.068	98.69353
14.0758	98.70405
14.0835	98.71457
14.0912	98.72509
14.0989	98.73738
14.1067	98.75002
14.1144	98.76231
14.1221	98.7746
14.1298	98.78689
14.1375	98.79883
14.1453	98.81076
14.153	98.82234
14.1607	98.83428
14.1684	98.84586
14.1761	98.8486
14.1839	98.85133
14.1916	98.85407
14.1993	98.85681
14.207	98.85919
14.2148	98.8492
14.2225	98.83955
14.2302	98.82955
14.2379	98.81956
14.2456	98.80956
14.2534	98.79744
14.2611	98.78496
14.2688	98.77249
14.2765	98.76002
14.2842	98.74754
14.292	98.73754
14.2997	98.7279
14.3074	98.71826
14.3151	98.70861
14.3228	98.69862
14.3306	98.69074
14.3383	98.68358
14.346	98.67606
14.3537	98.66889
14.3615	98.66137
14.3692	98.65597
14.3769	98.65199
14.3846	98.64765
14.3923	98.64332
14.4001	98.63933
14.4078	98.635
14.4155	98.63066
14.4232	98.62668
14.4309	98.62234
14.4387	98.61836
14.4464	98.61332
14.4541	98.60615
14.4618	98.59934
14.4696	98.59217
14.4773	98.58536
14.485	98.5782
14.4927	98.56926
14.5004	98.56033
14.5082	98.55104
14.5159	98.5421
14.5236	98.53317
14.5313	98.52282
14.539	98.51247
14.5468	98.50177
14.5545	98.49142
14.5622	98.48072
14.5699	98.47285
14.5776	98.4671
14.5854	98.46135
14.5931	98.4556
14.6008	98.44985
14.6085	98.44551
14.6163	98.4479
14.624	98.45029
14.6317	98.45267
14.6394	98.45471
14.6471	98.45709
14.6549	98.46196
14.6626	98.46682
14.6703	98.47204
14.678	98.47725
14.6857	98.48212
14.6935	98.49016
14.7012	98.50139
14.7089	98.51227
14.7166	98.52315
14.7244	98.53403
14.7321	98.54597
14.7398	98.56675
14.7475	98.58788
14.7552	98.60867
14.763	98.62945
14.7707	98.65023
14.7784	98.66748
14.7861	98.68295
14.7938	98.69843
14.8016	98.71355
14.8093	98.72903
14.817	98.73814
14.8247	98.72001
14.8324	98.70188
14.8402	98.68375
14.8479	98.66562
14.8556	98.64749
14.8633	98.6
14.8711	98.53871
14.8788	98.47742
14.8865	98.41649
14.8942	98.35521
14.9019	98.29746
14.9097	98.25811
14.9174	98.21911
14.9251	98.17975
14.9328	98.1404
14.9405	98.1014
14.9483	98.13598
14.956	98.2215
14.9637	98.30737
14.9714	98.39253
14.9792	98.47805
14.9869	98.56322
14.9946	98.67526
15.0023	98.78696
15.01	98.89865
15.0178	99.01035
15.0255	99.12204
15.0332	99.20402
15.0409	99.23648
15.0486	99.26893
15.0564	99.30139
15.0641	99.33384
15.0718	99.36595
15.0795	99.35984
15.0872	98.34016
15.095	98.31906
15.1027	98.29761
15.1104	98.27651
15.1181	98.25506
15.1259	98.22416
15.1336	98.19291
15.1413	98.16201
15.149	98.13075
15.1567	98.09985
15.1645	98.07315
15.1722	98.05591
15.1799	98.03901
15.1876	98.02212
15.1953	98.00487
15.2031	97.98798
15.2108	97.97633
15.2185	97.96855
15.2262	97.96111
15.234	97.95367
15.2417	97.94623
15.2494	97.93844
15.2571	97.92434
15.2648	97.90745
15.2726	97.8909
15.2803	97.87436
15.288	97.85782
15.2957	97.84127
15.3034	97.81598
15.3112	97.79033
15.3189	97.76433
15.3266	97.73868
15.3343	97.71303
15.342	97.68809
15.3498	97.67294
15.3575	97.65815
15.3652	97.64301
15.3729	97.62822
15.3807	97.61342
15.3884	97.60283
15.3961	97.6157
15.4038	97.62823
15.4115	97.6411
15.4193	97.65362
15.427	97.66649
15.4347	97.68531
15.4733	97.3904
15.481	97.43281
15.4888	97.48185
15.4965	97.53089
15.5042	97.57958
15.5119	97.62827
15.5196	97.67731
15.5274	97.72286
15.5351	97.76005
15.5428	97.7976
15.5505	97.83479
15.5582	97.87198
15.566	97.90917
15.5737	97.94323
15.5814	97.96649
15.5891	97.98974
15.5968	98.013
15.6046	98.03626
15.6123	98.05952
15.62	98.08208
15.6277	98.10185
15.6355	98.12162
15.6432	98.14105
15.6509	98.16082
15.6586	98.18025
15.6663	98.20002
15.6741	98.22502
15.6818	98.25002
15.6895	98.27467
15.6972	98.29967
15.7049	98.32432
15.7127	98.34931
15.7204	98.37849
15.7281	98.40802
15.7358	98.4379
15.7436	98.46742
15.7513	98.49695
15.759	98.52648
15.7667	98.55218
15.7744	98.57613
15.7822	98.59973
15.7899	98.62369
15.7976	98.64764
15.8053	97.6644
15.813	97.68121
15.8208	97.69113
15.8285	98.20466
15.8362	98.21428
15.8439	98.22424
15.8516	98.23386
15.8594	98.24175
15.8671	98.24201
15.8748	98.24228
15.8825	98.24254
15.8903	98.2428
15.898	98.24306
15.9057	98.24367
15.9134	98.24324
15.9211	98.24316
15.9289	98.24308
15.9366	98.24299
15.9443	98.24291
15.952	98.24282
15.9597	98.24309
15.9675	98.24439
15.9752	98.24535
15.9829	98.2463
15.9906	98.2476
15.9984	98.24856
16.0061	98.24813
16.0138	98.2425
16.0215	98.23653
16.0292	98.23055
16.037	98.22457
16.0447	98.2186
16.0524	98.21262
16.0601	98.19452
16.0678	98.1726
16.0756	98.15103
16.0833	98.12946
16.091	98.10788
16.0987	98.08631
16.1064	98.06231
16.1142	98.03416
16.1219	98.00635
16.1296	97.97819
16.1373	97.95003
16.1451	97.92188
16.1528	97.89407
16.1605	97.88428
16.1682	97.87796
16.1759	97.87198
16.1837	97.86601
16.1914	97.86003
16.1991	97.85406
16.2068	97.85779
16.2145	97.88474
16.2223	97.40958
16.23	97.43639
16.2377	97.4632
16.2454	97.49002
16.2532	97.51648
16.2609	97.54847
16.2686	97.58287
16.2763	97.61692
16.284	97.65097
16.2918	97.68537
16.2995	97.71942
16.3072	97.75175
16.3149	97.76926
16.3226	97.78676
16.3304	97.80391
16.3381	97.82142
16.3458	97.83858
16.3535	97.85608
16.3612	97.86772
16.369	97.87143
16.3767	97.87514
16.3844	97.87919
16.3921	97.8829
16.3999	97.88696
16.4076	97.89067
16.4153	97.89438
16.423	97.89775
16.4307	97.90146
16.4385	97.90517
16.4462	97.90853
16.4539	97.91224
16.4616	97.91595
16.4693	97.92518
16.4771	97.93475
16.4848	97.94398
16.4925	97.95355
16.5002	97.96312
16.508	97.97235
16.5157	97.9833
16.5234	97.99942
16.5311	98.01555
16.5388	98.03167
16.5466	98.04779
16.5543	98.06392
16.562	98.08004
16.5697	98.0972
16.5774	98.11573
16.5852	98.13461
16.5929	98.15315
16.6006	98.17203
16.6083	98.19057
16.616	98.20911
16.6238	98.22523
16.6315	98.23894
16.6392	98.2523
16.6469	98.26567
16.6547	98.27903
16.6624	98.2924
16.6701	98.30576
16.6778	98.31568
16.6855	98.32215
16.6933	98.32896
16.701	98.33577
16.7087	98.34224
16.7164	98.34905
16.7241	98.35587
16.7319	98.36303
16.7396	98.37018
16.7473	98.37769
16.755	98.38519
16.7628	98.39269
16.7705	98.39985
16.7782	98.40735
16.7859	98.42037
16.7936	98.43684
16.8014	98.45365
16.8091	98.47047
16.8168	98.48728
16.8245	98.50375
16.8322	98.52056
16.84	98.54151
16.8477	98.56694
16.8554	98.59203
16.8631	98.61677
16.8708	98.64185
16.8786	98.66694
16.8863	98.69203
16.894	98.71401
16.9017	98.73151
16.9095	98.74901
16.9172	98.76617
16.9249	98.78367
16.9326	98.80117
16.9403	98.81868
16.9481	98.83066
16.9558	98.82851
16.9635	98.82601
16.9712	98.82386
16.9789	98.82137
16.9867	98.81921
16.9944	98.81672
17.0021	98.81388
17.0098	98.80001
17.0176	98.78613
17.0253	98.77226
17.033	98.75873
17.0407	98.74486
17.0484	98.73098
17.0562	98.71746
17.0639	98.70427
17.0716	98.69109
17.0793	98.67791
17.087	98.66472
17.0948	98.65188
17.1025	98.6387
17.1102	98.62552
17.1179	98.61406
17.1256	98.60363
17.1334	98.59321
17.1411	98.58278
17.1488	98.57236
17.1565	98.56228
17.1643	98.55185
17.172	98.54246
17.1797	98.53686
17.1874	98.53126
17.1951	98.52567
17.2029	98.51972
17.2106	98.51412
17.2183	98.50853
17.226	98.50293
17.2337	98.50423
17.2415	98.5069
17.2492	98.50958
17.2569	98.51225
17.2646	98.51528
17.2724	98.51795
17.2801	98.52063
17.2878	98.52503
17.2955	98.53253
17.3032	98.53969
17.311	98.54685
17.3187	98.55401
17.3264	98.56116
17.3341	98.56832
17.3418	98.57583
17.3496	98.57988
17.3573	98.58394
17.365	98.58799
17.3727	98.59205
17.3804	98.59576
17.3882	98.59981
17.3959	98.60387
17.4036	98.60689
17.4113	98.60819
17.4191	98.60983
17.4268	98.61112
17.4345	98.61277
17.4422	98.61406
17.4499	98.61536
17.4577	98.617
17.4654	98.62313
17.4731	98.63098
17.4808	98.63848
17.4885	98.64633
17.4963	98.65383
17.504	98.66168
17.5117	98.66918
17.5194	98.67737
17.5271	98.6897
17.5349	98.70203
17.5426	98.71436
17.5503	98.72669
17.558	98.73902
17.5658	98.75135
17.5735	98.76333
17.5812	98.77015
17.5889	98.76903
17.5966	98.76826
17.6044	98.76749
17.6121	98.76671
17.6198	98.76594
17.6275	98.76517
17.6352	98.76406
17.643	98.75329
17.6507	98.73735
17.6584	98.72175
17.6661	98.70616
17.6739	98.69056
17.6816	98.67496
17.6893	98.65937
17.697	98.64377
17.7047	98.63576
17.7125	98.62878
17.7202	98.62146
17.7279	98.61449
17.7356	98.60717
17.7433	98.60019
17.7511	98.59321
17.7588	98.58658
17.7665	98.59581
17.7742	98.60503
17.7819	98.61392
17.7897	98.62314
17.7974	98.63202
17.8051	98.64125
17.8128	98.65013
17.8206	98.65936
17.8283	98.66893
17.836	98.6785
17.8437	98.68807
17.8514	98.69764
17.8592	98.70687
17.8669	98.71644
17.8746	98.72601
17.8823	98.73455
17.89	98.73791
17.8978	98.74128
17.9055	98.74464
17.9132	98.74835
17.9209	98.75172
17.9287	98.75508
17.9364	98.75845
17.9441	98.76216
17.9518	98.76656
17.9595	98.77096
17.9673	98.77501
17.975	98.77941
17.9827	98.78381
17.9904	98.78821
17.9981	98.79261
18.0059	98.79736
18.0136	98.80555
18.0213	98.81374
18.029	98.82228
18.0367	98.83047
18.0445	98.83901
18.0522	98.8472
18.0599	98.85539
18.0676	98.86358
18.0754	98.87039
18.0831	98.87686
18.0908	98.88333
18.0985	98.8898
18.1062	98.89627
18.114	98.90273
18.1217	98.9092
18.1294	98.91567
18.1371	98.91249
18.1448	98.90689
18.1526	98.90095
18.1603	98.89535
18.168	98.88975
18.1757	98.88415
18.1835	98.87821
18.1912	98.87261
18.1989	98.86081
18.2066	98.84418
18.2143	98.82721
18.2221	98.81058
18.2298	98.7936
18.2375	98.77697
18.2452	98.76
18.2529	98.74337
18.2607	98.72847
18.2684	98.71873
18.2761	98.709
18.2838	98.69926
18.2915	98.68953
18.2993	98.67979
18.307	98.67006
18.3147	98.66033
18.3224	98.65059
18.3302	98.65637
18.3379	98.66387
18.3456	98.67137
18.3533	98.67888
18.361	98.68638
18.3688	98.69388
18.3765	98.70104
18.3842	98.70854
18.3919	98.7188
18.3996	98.73216
18.4074	98.74552
18.4151	98.75854
18.4228	98.7719
18.4305	98.78492
18.4383	98.79828
18.446	98.8113
18.4537	98.82466
18.4614	98.82734
18.4691	98.83036
18.4769	98.83338
18.4846	98.83605
18.4923	98.83907
18.5	98.84175
18.5077	98.84477
18.5155	98.84779
18.5232	98.84495
18.5309	98.83625
18.5386	98.82755
18.5463	98.81885
18.5541	98.81015
18.5618	98.80145
18.5695	98.79275
18.5772	98.78405
18.585	98.775
18.5927	98.77079
18.6004	98.76691
18.6081	98.76338
18.6158	98.75951
18.6236	98.75563
18.6313	98.7521
18.639	98.74823
18.6467	98.7447
18.6544	98.74496
18.6622	98.75936
18.6699	98.77375
18.6776	98.78815
18.6853	98.80289
18.6931	98.81729
18.7008	98.83168
18.7085	98.84608
18.7162	98.86047
18.7239	98.8797
18.7317	98.9034
18.7394	98.92744
18.7471	98.95115
18.7548	98.97519
18.7625	98.9989
18.7703	99.0226
18.778	99.0463
18.7857	99.07
18.7934	99.0875
18.8011	99.10224
18.8089	99.11698
18.8166	99.13172
18.8243	99.14646
18.832	99.1612
18.8398	99.17594
18.8475	99.19068
18.8552	99.20542
18.8629	99.20292
18.8706	99.19767
18.8784	99.19276
18.8861	99.18751
18.8938	99.1826
18.9015	99.17735
18.9092	99.17244
18.917	99.16718
18.9247	99.16227
18.9324	99.14289
18.9401	99.12281
18.9479	99.10239
18.9556	99.08232
18.9633	99.06224
18.971	99.04251
18.9787	99.02243
18.9865	99.00236
18.9942	98.98228
19.0019	98.9691
19.0096	98.95627
19.0173	98.94308
19.0251	98.93025
19.0328	98.91707
19.0405	98.90423
19.0482	98.89105
19.0559	98.87821
19.0637	98.86537
19.0714	98.87253
19.0791	98.88106
19.0868	98.8896
19.0946	98.89848
19.1023	98.90701
19.11	98.91555
19.1177	98.92443
19.1254	98.93296
19.1332	98.94149
19.1409	98.95554
19.1486	98.97097
19.1563	98.98606
19.164	99.00114
19.1718	99.01657
19.1795	99.03165
19.1872	99.04674
19.1949	99.06216
19.2027	99.07725
19.2104	99.08268
19.2181	99.0826
19.2258	99.08251
19.2335	99.08208
19.2413	99.082
19.249	99.08192
19.2567	99.08183
19.2644	99.08175
19.2721	99.08167
19.2799	99.07641
19.2876	99.06254
19.2953	99.04902
19.303	99.03549
19.3107	99.02197
19.3185	99.00844
19.3262	98.99491
19.3339	98.98139
19.3416	98.96786
19.3494	98.95502
19.3571	98.94839
19.3648	98.94176
19.3725	98.93547
19.3802	98.92884
19.388	98.92255
19.3957	98.91592
19.4034	98.90963
19.4111	98.903
19.4188	98.89671
19.4266	98.89869
19.4343	98.90482
19.442	98.91094
19.4497	98.91671
19.4575	98.92283
19.4652	98.92861
19.4729	98.93473
19.4806	98.94051
19.4883	98.94663
19.4961	98.95068
19.5038	98.94922
19.5115	98.94776
19.5192	98.94595
19.5269	98.94449
19.5347	98.94302
19.5424	98.94122
19.5501	98.93975
19.5578	98.93829
19.5655	98.93649
19.5733	98.92296
19.581	98.90426
19.5887	98.88591
19.5964	98.86721
19.6042	98.84886
19.6119	98.83051
19.6196	98.81181
19.6273	98.79346
19.635	98.77511
19.6428	98.75745
19.6505	98.74875
19.6582	98.7397
19.6659	98.731
19.6736	98.72196
19.6814	98.71291
19.6891	98.70421
19.6968	98.69551
19.7045	98.68647
19.7123	98.67776
19.72	98.68009
19.7277	98.69655
19.7354	98.71336
19.7431	98.73017
19.7509	98.74663
19.7586	98.76343
19.7663	98.78024
19.774	98.7967
19.7817	98.8135
19.7895	98.82996
19.7972	98.85125
19.8049	98.87426
19.8126	98.89761
19.8203	98.92062
19.8281	98.94397
19.8358	98.96698
19.8435	98.99033
19.8512	99.01334
19.859	99.03635
19.8667	99.05936
19.8744	99.0834
19.8821	99.1071
19.8898	99.13114
19.8976	99.15518
19.9053	99.17888
19.913	99.20292
19.9207	99.22662
19.9284	99.25032
19.9362	99.27436
19.9439	99.29806
19.9516	99.33106
19.9593	99.36475
19.9671	99.3981
19.9748	99.43145
19.9825	99.4648
19.9902	99.49815
19.9979	99.53149
20.0057	99.56484
20.0134	99.59784
20.0211	99.63119
