313	23.5026
314	22.5751
315	21.6389
316	20.6972
317	19.7531
318	18.8099
319	17.8708
320	16.9387
321	16.0168
322	15.1079
323	14.2147
324	13.34
325	12.4862
326	11.6555
327	10.85
328	10.0716
329	9.3219
330	8.6024
331	7.9141
332	7.258
333	6.6348
334	6.0449
335	5.4885
336	4.9657
337	4.4763
338	4.0198
339	3.5957
340	3.2033
341	2.8416
342	2.5097
343	2.2065
344	1.9307
345	1.6811
346	1.4563
347	1.2551
348	1.0759
349	0.9174
350	0.7782
351	0.6569
352	0.552
353	0.4623
354	0.3865
355	0.3233
356	0.2714
357	0.2297
358	0.1972
359	0.1728
360	0.1554
361	0.1443
362	0.1386
363	0.1375
364	0.1403
365	0.1463
366	0.1549
367	0.1655
368	0.1776
369	0.1907
370	0.2045
371	0.2185
372	0.2326
373	0.2463
374	0.2596
375	0.2721
376	0.2837
377	0.2944
378	0.3039
379	0.3123
380	0.3195
381	0.3254
382	0.3301
383	0.3335
384	0.3357
385	0.3367
386	0.3366
387	0.3354
388	0.3332
389	0.3301
390	0.3261
391	0.3213
392	0.3158
393	0.3097
394	0.3031
395	0.2961
396	0.2886
397	0.2809
398	0.2731
399	0.2651
400	0.257
401	0.249
402	0.2411
403	0.2334
404	0.2258
405	0.2185
406	0.2116
407	0.205
408	0.1988
409	0.1931
410	0.1878
411	0.183
412	0.1787
413	0.1749
414	0.1716
415	0.1689
416	0.1667
417	0.1651
418	0.1639
419	0.1634
420	0.1633
421	0.1637
422	0.1646
423	0.1659
424	0.1677
425	0.1699
426	0.1726
427	0.1755
428	0.1788
429	0.1824
430	0.1863
431	0.1905
432	0.1948
433	0.1994
434	0.2041
435	0.2089
436	0.2139
437	0.2189
438	0.2239
439	0.229
440	0.234
441	0.239
442	0.2439
443	0.2488
444	0.2535
445	0.2581
446	0.2626
447	0.2668
448	0.2709
449	0.2748
450	0.2784
451	0.2819
452	0.285
453	0.2879
454	0.2906
455	0.293
456	0.2951
457	0.2969
458	0.2984
459	0.2996
460	0.3006
461	0.3007
462	0.3005
463	0.3
464	0.2994
465	0.2984
466	0.2973
467	0.2959
468	0.2943
469	0.2924
470	0.2904
471	0.2882
472	0.2858
473	0.2832
474	0.2805
475	0.2776
476	0.2746
477	0.2715
478	0.2683
479	0.265
480	0.2616
481	0.2582
482	0.2547
483	0.2511
484	0.2476
485	0.244
486	0.2404
487	0.2369
488	0.2333
489	0.2299
490	0.2264
491	0.2231
492	0.2198
493	0.2165
494	0.2134
495	0.2104
496	0.2075
497	0.2048
498	0.2021
499	0.1996
500	0.1973
501	0.1951
502	0.1931
503	0.1912
504	0.1896
505	0.1881
506	0.1868
507	0.1857
508	0.1847
509	0.184
510	0.1835
511	0.1832
512	0.183
513	0.1831
514	0.1834
515	0.1839
516	0.1845
517	0.1854
518	0.1865
519	0.1878
520	0.1892
521	0.1909
522	0.1928
523	0.1948
524	0.197
525	0.1994
526	0.2019
527	0.2047
528	0.2075
529	0.2106
530	0.2138
531	0.2171
532	0.2205
533	0.2241
534	0.2278
535	0.2316
536	0.2355
537	0.2395
538	0.2436
539	0.2478
540	0.2521
541	0.2564
542	0.2608
543	0.2652
544	0.2697
545	0.2742
546	0.2787
547	0.2832
548	0.2878
549	0.2923
550	0.2969
551	0.3014
552	0.3059
553	0.3103
554	0.3148
555	0.3191
556	0.3235
557	0.3277
558	0.3319
559	0.336
560	0.34
561	0.3441
562	0.348
563	0.3518
564	0.3555
565	0.359
566	0.3625
567	0.3658
568	0.3689
569	0.3719
570	0.3748
571	0.3775
572	0.38
573	0.3824
574	0.3846
575	0.3867
576	0.3885
577	0.3903
578	0.3918
579	0.3932
580	0.3944
581	0.3954
582	0.3962
583	0.3969
584	0.3974
585	0.3977
586	0.3978
587	0.3978
588	0.3975
589	0.3972
590	0.3966
591	0.3958
592	0.3949
593	0.3939
594	0.3926
595	0.3912
596	0.3897
597	0.3879
598	0.3861
599	0.3841
600	0.3819
601	0.3796
602	0.3771
603	0.3746
604	0.3719
605	0.369
606	0.3661
607	0.3631
608	0.3599
609	0.3566
610	0.3533
611	0.3498
612	0.3463
613	0.3427
614	0.339
615	0.3353
616	0.3315
617	0.3277
618	0.3238
619	0.3199
620	0.3159
621	0.3119
622	0.308
623	0.304
624	0.3
625	0.296
626	0.2921
627	0.2881
628	0.2842
629	0.2804
630	0.2766
631	0.2728
632	0.2691
633	0.2655
634	0.262
635	0.2586
636	0.2553
637	0.252
638	0.2489
639	0.246
640	0.2431
641	0.2404
642	0.2379
643	0.2355
644	0.2333
645	0.2312
646	0.2294
647	0.2277
648	0.2263
649	0.225
650	0.224
651	0.2232
652	0.2226
653	0.2223
654	0.2222
655	0.2224
656	0.2228
657	0.2236
658	0.2246
659	0.2259
660	0.2275
661	0.2294
662	0.2316
663	0.2342
664	0.2371
665	0.2403
666	0.2438
667	0.2477
668	0.252
669	0.2566
670	0.2616
671	0.267
672	0.2728
673	0.2789
674	0.2855
675	0.2924
676	0.2998
677	0.3075
678	0.3157
679	0.3244
680	0.3334
681	0.3429
682	0.3528
683	0.3632
684	0.374
685	0.3853
686	0.3971
687	0.4093
688	0.422
689	0.4351
690	0.4488
691	0.4629
692	0.4775
693	0.4926
694	0.5082
695	0.5242
696	0.5408
697	0.5579
698	0.5755
699	0.5936
700	0.6122
701	0.6313
702	0.651
703	0.6711
704	0.6918
705	0.713
706	0.7347
707	0.757
708	0.7797
709	0.803
710	0.8269
711	0.8512
712	0.8761
713	0.9015
714	0.9275
715	0.9539
716	0.9809
717	1.0085
718	1.0365
719	1.0651
720	1.0943
721	1.1239
722	1.1541
723	1.1848
724	1.2161
725	1.2479
726	1.2802
727	1.313
728	1.3463
729	1.3802
730	1.4146
731	1.4495
732	1.4849
733	1.5208
734	1.5573
735	1.5942
736	1.6317
737	1.6697
738	1.7081
739	1.7471
740	1.7866
741	1.8265
742	1.867
743	1.9079
744	1.9493
745	1.9912
746	2.0336
747	2.0764
748	2.1197
749	2.1635
750	2.2078
751	2.2525
752	2.2976
753	2.3432
754	2.3893
755	2.4358
756	2.4827
757	2.5301
758	2.5779
759	2.6261
760	2.6748
761	2.7239
762	2.7733
763	2.8232
764	2.8735
765	2.9242
766	2.9753
767	3.0267
768	3.0786
769	3.1308
770	3.1834
771	3.2363
772	3.2897
773	3.3434
774	3.3974
775	3.4518
776	3.5065
777	3.5616
778	3.6169
779	3.6727
780	3.7287
781	3.785
782	3.8417
783	3.8987
784	3.9559
785	4.0135
786	4.0713
787	4.1294
788	4.1878
789	4.2465
790	4.3054
791	4.3646
792	4.4241
793	4.4838
794	4.5437
795	4.6039
796	4.6643
797	4.725
798	4.7858
799	4.8469
800	4.9082
801	4.9697
802	5.0313
803	5.0932
804	5.1553
805	5.2175
806	5.28
807	5.3426
808	5.4053
809	5.4682
810	5.5313
811	5.5938
812	5.6564
813	5.7192
814	5.7821
815	5.8451
816	5.9082
817	5.9714
818	6.0348
819	6.0982
820	6.1618
821	6.2254
822	6.2892
823	6.353
824	6.4169
825	6.4808
826	6.5449
827	6.6089
828	6.6731
829	6.7373
830	6.8016
831	6.8659
832	6.9302
833	6.9946
834	7.059
835	7.1235
836	7.1879
837	7.2524
838	7.3169
839	7.3814
840	7.4459
841	7.5104
842	7.575
843	7.6395
844	7.704
845	7.7684
846	7.8329
847	7.8973
848	7.9617
849	8.0261
850	8.0905
851	8.1548
852	8.219
853	8.2832
854	8.3474
855	8.4115
856	8.4756
857	8.5395
858	8.6035
859	8.6673
860	8.7311
861	8.7948
862	8.8585
863	8.922
864	8.9855
865	9.0488
866	9.1121
867	9.1753
868	9.2384
869	9.3014
870	9.3643
871	9.4271
872	9.4897
873	9.5523
874	9.6147
875	9.6771
876	9.7393
877	9.8013
878	9.8633
879	9.9251
880	9.9868
881	10.0483
882	10.1097
883	10.171
884	10.2321
885	10.2931
886	10.354
887	10.4146
888	10.4752
889	10.5356
890	10.5958
891	10.6558
892	10.7157
893	10.7755
894	10.835
895	10.8944
896	10.9537
897	11.0127
898	11.0716
899	11.1303
900	11.1889
901	11.2472
902	11.3054
903	11.3634
904	11.4212
905	11.4788
906	11.5362
907	11.5935
908	11.6505
909	11.7074
910	11.764
