479.933 1.34795
480.006 1.34809
480.079 1.34824
480.151 1.34838
480.224 1.34853
480.297 1.34868
480.37 1.34882
480.442 1.34897
480.515 1.34911
480.588 1.34926
480.66 1.34941
480.733 1.34955
480.806 1.3497
480.878 1.34985
480.951 1.34999
481.024 1.35014
481.096 1.35028
481.169 1.35043
481.242 1.35058
481.314 1.35072
481.387 1.35087
481.46 1.35102
481.532 1.35116
481.605 1.35131
481.678 1.35146
481.75 1.35161
481.823 1.35175
481.895 1.3519
481.968 1.35205
482.041 1.35219
482.113 1.35234
482.186 1.35249
482.258 1.35264
482.331 1.35278
482.403 1.35293
482.476 1.35308
482.549 1.35323
482.621 1.35337
482.694 1.35352
482.766 1.35367
482.839 1.35382
482.911 1.35396
482.984 1.35411
483.056 1.35426
483.129 1.35441
483.201 1.35456
483.274 1.3547
483.346 1.35485
483.419 1.355
483.491 1.35515
483.564 1.3553
483.636 1.35545
483.708 1.35559
483.781 1.35574
483.853 1.35589
483.926 1.35604
483.998 1.35619
484.071 1.35634
484.143 1.35649
484.215 1.35664
484.288 1.35678
484.36 1.35693
484.433 1.35708
484.505 1.35723
484.577 1.35738
484.65 1.35753
484.722 1.35768
484.794 1.35783
484.867 1.35798
484.939 1.35813
485.012 1.35828
485.084 1.35843
485.156 1.35858
485.229 1.35873
485.301 1.35888
485.373 1.35903
485.445 1.35918
485.518 1.35932
485.59 1.35947
485.662 1.35962
485.735 1.35977
485.807 1.35992
485.879 1.36008
485.951 1.36023
486.024 1.36038
486.096 1.36053
486.168 1.36068
486.24 1.36083
486.313 1.36098
486.385 1.36113
486.457 1.36128
486.529 1.36143
486.602 1.36158
486.674 1.36173
486.746 1.36188
486.818 1.36203
486.89 1.36218
486.962 1.36233
487.035 1.36249
487.107 1.36264
487.179 1.36279
487.251 1.36294
487.323 1.36309
487.395 1.36324
487.468 1.36339
487.54 1.36354
487.612 1.3637
487.684 1.36385
487.756 1.364
487.828 1.36415
487.9 1.3643
487.972 1.36445
488.044 1.36461
488.117 1.36476
488.189 1.36491
488.261 1.36506
488.333 1.36521
488.405 1.36537
488.477 1.36552
488.549 1.36567
488.621 1.36582
488.693 1.36598
488.765 1.36613
488.837 1.36628
488.909 1.36643
488.981 1.36659
489.053 1.36674
489.125 1.36689
489.197 1.36704
489.269 1.3672
489.341 1.36735
489.413 1.3675
489.485 1.36765
489.557 1.36781
489.629 1.36796
489.701 1.36811
489.773 1.36827
489.845 1.36842
489.916 1.36857
489.988 1.36873
490.06 1.36888
490.132 1.36903
490.204 1.36919
490.276 1.36934
490.348 1.3695
490.42 1.36965
490.492 1.3698
490.564 1.36996
490.635 1.37011
490.707 1.37026
490.779 1.37042
490.851 1.37057
490.923 1.37073
490.995 1.37088
491.066 1.37104
491.138 1.37119
491.21 1.37134
491.282 1.3715
491.354 1.37165
491.425 1.37181
491.497 1.37196
491.569 1.37212
491.641 1.37227
491.713 1.37243
491.784 1.37258
491.856 1.37274
491.928 1.37289
492 1.37305
492.071 1.3732
492.143 1.37336
492.215 1.37351
492.286 1.37367
492.358 1.37382
492.43 1.37398
492.502 1.37413
492.573 1.37429
492.645 1.37444
492.717 1.3746
492.788 1.37476
492.86 1.37491
492.932 1.37507
493.003 1.37522
493.075 1.37538
493.147 1.37553
493.218 1.37569
493.29 1.37585
493.361 1.376
493.433 1.37616
493.505 1.37631
493.576 1.37647
493.648 1.37663
493.719 1.37678
493.791 1.37694
493.863 1.3771
493.934 1.37725
494.006 1.37741
494.077 1.37757
494.149 1.37772
494.22 1.37788
494.292 1.37804
494.363 1.37819
494.435 1.37835
494.506 1.37851
494.578 1.37867
494.649 1.37882
494.721 1.37898
494.792 1.37914
494.864 1.37929
494.935 1.37945
495.007 1.37961
495.078 1.37977
495.15 1.37992
495.221 1.38008
495.293 1.38024
495.364 1.3804
495.436 1.38056
495.507 1.38071
495.578 1.38087
495.65 1.38103
495.721 1.38119
495.793 1.38135
495.864 1.3815
495.935 1.38166
496.007 1.38182
496.078 1.38198
496.15 1.38214
496.221 1.3823
496.292 1.38245
496.364 1.38261
496.435 1.38277
496.506 1.38293
496.578 1.38309
496.649 1.38325
496.72 1.38341
496.792 1.38357
496.863 1.38372
496.934 1.38388
497.005 1.38404
497.077 1.3842
497.148 1.38436
497.219 1.38452
497.291 1.38468
497.362 1.38484
497.433 1.385
497.504 1.38516
497.575 1.38532
497.647 1.38548
497.718 1.38564
497.789 1.3858
497.86 1.38596
497.932 1.38612
498.003 1.38628
498.074 1.38644
498.145 1.3866
498.216 1.38676
498.287 1.38692
498.359 1.38708
498.43 1.38724
498.501 1.3874
498.572 1.38756
498.643 1.38772
498.714 1.38788
498.785 1.38804
498.857 1.3882
498.928 1.38836
498.999 1.38852
499.07 1.38868
499.141 1.38884
499.212 1.38901
499.283 1.38917
499.354 1.38933
499.425 1.38949
499.496 1.38965
499.567 1.38981
499.638 1.38997
499.709 1.39013
499.78 1.3903
499.851 1.39046
499.922 1.39062
499.993 1.39078
500.064 1.39094
500.135 1.3911
500.206 1.39127
500.277 1.39143
500.348 1.39159
500.419 1.39175
500.49 1.39191
500.561 1.39208
500.632 1.39224
500.703 1.3924
500.774 1.39256
500.845 1.39273
500.916 1.39289
500.987 1.39305
501.058 1.39321
501.129 1.39338
501.2 1.39354
501.27 1.3937
501.341 1.39386
501.412 1.39403
501.483 1.39419
501.554 1.39435
501.625 1.39452
501.696 1.39468
501.766 1.39484
501.837 1.39501
501.908 1.39517
501.979 1.39533
502.05 1.3955
502.12 1.39566
502.191 1.39582
502.262 1.39599
502.333 1.39615
502.404 1.39631
502.474 1.39648
502.545 1.39664
502.616 1.39681
502.687 1.39697
502.757 1.39713
502.828 1.3973
502.899 1.39746
502.97 1.39763
503.04 1.39779
503.111 1.39795
503.182 1.39812
503.252 1.39828
503.323 1.39845
503.394 1.39861
503.464 1.39878
503.535 1.39894
503.606 1.39911
503.676 1.39927
503.747 1.39944
503.818 1.3996
503.888 1.39977
503.959 1.39993
504.029 1.4001
504.1 1.40026
504.171 1.40043
504.241 1.40059
504.312 1.40076
504.382 1.40092
504.453 1.40109
504.524 1.40125
504.594 1.40142
504.665 1.40159
504.735 1.40175
504.806 1.40192
504.876 1.40208
504.947 1.40225
505.017 1.40242
505.088 1.40258
505.158 1.40275
505.229 1.40291
505.299 1.40308
505.37 1.40325
505.44 1.40341
505.511 1.40358
505.581 1.40375
505.652 1.40391
505.722 1.40408
505.793 1.40425
505.863 1.40441
505.933 1.40458
506.004 1.40475
506.074 1.40491
506.145 1.40508
506.215 1.40525
506.285 1.40541
506.356 1.40558
506.426 1.40575
506.497 1.40592
506.567 1.40608
506.637 1.40625
506.708 1.40642
506.778 1.40659
506.848 1.40675
506.919 1.40692
506.989 1.40709
507.059 1.40726
507.13 1.40743
507.2 1.40759
507.27 1.40776
507.34 1.40793
507.411 1.4081
507.481 1.40827
507.551 1.40843
507.622 1.4086
507.692 1.40877
507.762 1.40894
507.832 1.40911
507.902 1.40928
507.973 1.40945
508.043 1.40961
508.113 1.40978
508.183 1.40995
508.253 1.41012
508.324 1.41029
508.394 1.41046
508.464 1.41063
508.534 1.4108
508.604 1.41097
508.674 1.41114
508.745 1.41131
508.815 1.41147
508.885 1.41164
508.955 1.41181
509.025 1.41198
509.095 1.41215
509.165 1.41232
509.235 1.41249
509.305 1.41266
509.376 1.41283
509.446 1.413
509.516 1.41317
509.586 1.41334
509.656 1.41351
509.726 1.41368
509.796 1.41385
509.866 1.41402
509.936 1.41419
510.006 1.41437
510.076 1.41454
510.146 1.41471
510.216 1.41488
510.286 1.41505
510.356 1.41522
510.426 1.41539
510.496 1.41556
510.566 1.41573
510.636 1.4159
510.706 1.41607
510.776 1.41625
510.845 1.41642
510.915 1.41659
510.985 1.41676
511.055 1.41693
511.125 1.4171
511.195 1.41727
511.265 1.41745
511.335 1.41762
511.405 1.41779
511.474 1.41796
511.544 1.41813
511.614 1.4183
511.684 1.41848
511.754 1.41865
511.824 1.41882
511.893 1.41899
511.963 1.41917
512.033 1.41934
512.103 1.41951
512.173 1.41968
512.242 1.41986
512.312 1.42003
512.382 1.4202
512.452 1.42037
512.521 1.42055
512.591 1.42072
512.661 1.42089
512.731 1.42107
512.8 1.42124
512.87 1.42141
512.94 1.42159
513.009 1.42176
513.079 1.42193
513.149 1.42211
513.218 1.42228
513.288 1.42245
513.358 1.42263
513.427 1.4228
513.497 1.42297
513.567 1.42315
513.636 1.42332
513.706 1.4235
513.776 1.42367
513.845 1.42384
513.915 1.42402
513.984 1.42419
514.054 1.42437
514.124 1.42454
514.193 1.42472
514.263 1.42489
514.332 1.42506
514.402 1.42524
514.471 1.42541
514.541 1.42559
514.61 1.42576
514.68 1.42594
514.749 1.42611
514.819 1.42629
514.888 1.42646
514.958 1.42664
515.027 1.42681
515.097 1.42699
515.166 1.42716
515.236 1.42734
515.305 1.42751
515.375 1.42769
515.444 1.42787
515.513 1.42804
515.583 1.42822
515.652 1.42839
515.722 1.42857
515.791 1.42875
515.861 1.42892
515.93 1.4291
515.999 1.42927
516.069 1.42945
516.138 1.42963
516.207 1.4298
516.277 1.42998
516.346 1.43016
516.415 1.43033
516.485 1.43051
516.554 1.43068
516.623 1.43086
516.693 1.43104
516.762 1.43122
516.831 1.43139
516.9 1.43157
516.97 1.43175
517.039 1.43192
517.108 1.4321
517.177 1.43228
517.247 1.43246
517.316 1.43263
517.385 1.43281
517.454 1.43299
517.524 1.43317
517.593 1.43334
517.662 1.43352
517.731 1.4337
517.8 1.43388
517.869 1.43405
517.939 1.43423
518.008 1.43441
518.077 1.43459
518.146 1.43477
518.215 1.43495
518.284 1.43512
518.353 1.4353
518.423 1.43548
518.492 1.43566
518.561 1.43584
518.63 1.43602
518.699 1.43619
518.768 1.43637
518.837 1.43655
518.906 1.43673
518.975 1.43691
519.044 1.43709
519.113 1.43727
519.182 1.43745
519.251 1.43763
519.32 1.43781
519.389 1.43799
519.458 1.43817
519.527 1.43835
519.596 1.43852
519.665 1.4387
519.734 1.43888
519.803 1.43906
519.872 1.43924
519.941 1.43942
520.01 1.4396
520.079 1.43978
520.148 1.43996
520.217 1.44014
520.286 1.44032
520.354 1.44051
520.423 1.44069
520.492 1.44087
520.561 1.44105
520.63 1.44123
520.699 1.44141
520.768 1.44159
520.836 1.44177
520.905 1.44195
520.974 1.44213
521.043 1.44231
521.112 1.44249
521.181 1.44268
521.249 1.44286
521.318 1.44304
521.387 1.44322
521.456 1.4434
521.524 1.44358
521.593 1.44376
521.662 1.44395
521.731 1.44413
521.799 1.44431
521.868 1.44449
521.937 1.44467
522.006 1.44485
522.074 1.44504
522.143 1.44522
522.212 1.4454
522.28 1.44558
522.349 1.44577
522.418 1.44595
522.486 1.44613
522.555 1.44631
522.624 1.4465
522.692 1.44668
522.761 1.44686
522.829 1.44704
522.898 1.44723
522.967 1.44741
523.035 1.44759
523.104 1.44778
523.172 1.44796
523.241 1.44814
523.309 1.44833
523.378 1.44851
523.447 1.44869
523.515 1.44888
523.584 1.44906
523.652 1.44924
523.721 1.44943
523.789 1.44961
523.858 1.4498
523.926 1.44998
523.995 1.45016
524.063 1.45035
524.131 1.45053
524.2 1.45072
524.268 1.4509
524.337 1.45108
524.405 1.45127
524.474 1.45145
524.542 1.45164
524.61 1.45182
524.679 1.45201
524.747 1.45219
524.816 1.45238
524.884 1.45256
524.952 1.45275
525.021 1.45293
525.089 1.45312
525.157 1.4533
525.226 1.45349
525.294 1.45367
525.362 1.45386
525.431 1.45404
525.499 1.45423
525.567 1.45442
525.636 1.4546
525.704 1.45479
525.772 1.45497
525.84 1.45516
525.909 1.45534
525.977 1.45553
526.045 1.45572
526.113 1.4559
526.182 1.45609
526.25 1.45628
526.318 1.45646
526.386 1.45665
526.454 1.45684
526.523 1.45702
526.591 1.45721
526.659 1.4574
526.727 1.45758
526.795 1.45777
526.863 1.45796
526.931 1.45814
527 1.45833
527.068 1.45852
527.136 1.4587
527.204 1.45889
527.272 1.45908
527.34 1.45927
527.408 1.45945
527.476 1.45964
527.544 1.45983
527.612 1.46002
527.68 1.46021
527.748 1.46039
527.816 1.46058
527.885 1.46077
527.953 1.46096
528.021 1.46115
528.089 1.46133
528.156 1.46152
528.224 1.46171
528.292 1.4619
528.36 1.46209
528.428 1.46228
528.496 1.46246
528.564 1.46265
528.632 1.46284
528.7 1.46303
528.768 1.46322
528.836 1.46341
528.904 1.4636
528.972 1.46379
529.04 1.46398
529.107 1.46417
529.175 1.46436
529.243 1.46454
529.311 1.46473
529.379 1.46492
529.447 1.46511
529.515 1.4653
529.582 1.46549
529.65 1.46568
529.718 1.46587
529.786 1.46606
529.854 1.46625
529.921 1.46644
529.989 1.46663
530.057 1.46682
530.125 1.46701
530.192 1.4672
530.26 1.4674
530.328 1.46759
530.395 1.46778
530.463 1.46797
530.531 1.46816
530.599 1.46835
530.666 1.46854
530.734 1.46873
530.802 1.46892
530.869 1.46911
530.937 1.4693
531.005 1.4695
531.072 1.46969
531.14 1.46988
531.207 1.47007
531.275 1.47026
531.343 1.47045
531.41 1.47065
531.478 1.47084
531.545 1.47103
531.613 1.47122
531.681 1.47141
531.748 1.47161
531.816 1.4718
531.883 1.47199
531.951 1.47218
532.018 1.47238
532.086 1.47257
532.153 1.47276
532.221 1.47295
532.288 1.47315
532.356 1.47334
532.423 1.47353
532.491 1.47372
532.558 1.47392
532.626 1.47411
532.693 1.4743
532.76 1.4745
532.828 1.47469
532.895 1.47488
532.963 1.47508
533.03 1.47527
533.097 1.47546
533.165 1.47566
533.232 1.47585
533.3 1.47605
533.367 1.47624
533.434 1.47643
533.502 1.47663
533.569 1.47682
533.636 1.47702
533.704 1.47721
533.771 1.4774
533.838 1.4776
533.905 1.47779
533.973 1.47799
534.04 1.47818
534.107 1.47838
534.174 1.47857
534.242 1.47877
534.309 1.47896
534.376 1.47916
534.443 1.47935
534.511 1.47955
534.578 1.47974
534.645 1.47994
534.712 1.48013
534.779 1.48033
534.847 1.48052
534.914 1.48072
534.981 1.48091
535.048 1.48111
535.115 1.48131
535.182 1.4815
535.249 1.4817
535.316 1.48189
535.384 1.48209
535.451 1.48229
535.518 1.48248
535.585 1.48268
535.652 1.48288
535.719 1.48307
535.786 1.48327
535.853 1.48347
535.92 1.48366
535.987 1.48386
536.054 1.48406
536.121 1.48425
536.188 1.48445
536.255 1.48465
536.322 1.48484
536.389 1.48504
536.456 1.48524
536.523 1.48544
536.59 1.48563
536.657 1.48583
536.724 1.48603
536.791 1.48623
536.858 1.48642
536.925 1.48662
536.991 1.48682
537.058 1.48702
537.125 1.48722
537.192 1.48741
537.259 1.48761
537.326 1.48781
537.393 1.48801
537.459 1.48821
537.526 1.48841
537.593 1.4886
537.66 1.4888
537.727 1.489
537.794 1.4892
537.86 1.4894
537.927 1.4896
537.994 1.4898
538.061 1.49
538.127 1.4902
538.194 1.49039
538.261 1.49059
538.328 1.49079
538.394 1.49099
538.461 1.49119
538.528 1.49139
538.594 1.49159
538.661 1.49179
538.728 1.49199
538.794 1.49219
538.861 1.49239
538.928 1.49259
538.994 1.49279
539.061 1.49299
539.128 1.49319
539.194 1.49339
539.261 1.49359
539.327 1.49379
539.394 1.49399
539.461 1.4942
539.527 1.4944
539.594 1.4946
539.66 1.4948
539.727 1.495
539.793 1.4952
539.86 1.4954
539.926 1.4956
539.993 1.4958
540.059 1.49601
540.126 1.49621
540.192 1.49641
540.259 1.49661
540.325 1.49681
540.392 1.49701
540.458 1.49722
540.525 1.49742
540.591 1.49762
540.658 1.49782
540.724 1.49802
540.79 1.49823
540.857 1.49843
540.923 1.49863
540.99 1.49883
541.056 1.49904
541.122 1.49924
541.189 1.49944
541.255 1.49964
541.321 1.49985
541.388 1.50005
541.454 1.50025
541.52 1.50046
541.587 1.50066
541.653 1.50086
541.719 1.50107
541.785 1.50127
541.852 1.50147
541.918 1.50168
541.984 1.50188
542.05 1.50208
542.117 1.50229
542.183 1.50249
542.249 1.5027
542.315 1.5029
542.381 1.5031
542.448 1.50331
542.514 1.50351
542.58 1.50372
542.646 1.50392
542.712 1.50413
542.778 1.50433
542.845 1.50453
542.911 1.50474
542.977 1.50494
543.043 1.50515
543.109 1.50535
543.175 1.50556
543.241 1.50576
543.307 1.50597
543.373 1.50617
543.439 1.50638
543.505 1.50659
543.572 1.50679
543.638 1.507
543.704 1.5072
543.77 1.50741
543.836 1.50761
543.902 1.50782
543.968 1.50803
544.034 1.50823
544.1 1.50844
544.165 1.50864
544.231 1.50885
544.297 1.50906
544.363 1.50926
544.429 1.50947
544.495 1.50968
544.561 1.50988
544.627 1.51009
544.693 1.5103
544.759 1.5105
544.825 1.51071
544.89 1.51092
544.956 1.51112
545.022 1.51133
545.088 1.51154
545.154 1.51175
545.22 1.51195
545.285 1.51216
545.351 1.51237
545.417 1.51258
545.483 1.51278
545.549 1.51299
545.614 1.5132
545.68 1.51341
545.746 1.51362
545.812 1.51382
545.877 1.51403
545.943 1.51424
546.009 1.51445
546.074 1.51466
546.14 1.51487
546.206 1.51508
546.271 1.51528
546.337 1.51549
546.403 1.5157
546.468 1.51591
546.534 1.51612
546.6 1.51633
546.665 1.51654
546.731 1.51675
546.797 1.51696
546.862 1.51717
546.928 1.51738
546.993 1.51759
547.059 1.5178
547.124 1.51801
547.19 1.51822
547.255 1.51843
547.321 1.51864
547.387 1.51885
547.452 1.51906
547.518 1.51927
547.583 1.51948
547.649 1.51969
547.714 1.5199
547.779 1.52011
547.845 1.52032
547.91 1.52053
547.976 1.52074
548.041 1.52095
548.107 1.52116
548.172 1.52137
548.237 1.52158
548.303 1.5218
548.368 1.52201
548.434 1.52222
548.499 1.52243
548.564 1.52264
548.63 1.52285
548.695 1.52306
548.76 1.52328
548.826 1.52349
548.891 1.5237
548.956 1.52391
549.022 1.52412
549.087 1.52434
549.152 1.52455
549.217 1.52476
549.283 1.52497
549.348 1.52519
549.413 1.5254
549.478 1.52561
549.544 1.52582
549.609 1.52604
549.674 1.52625
549.739 1.52646
549.804 1.52668
549.87 1.52689
549.935 1.5271
550 1.52732
550.065 1.52753
550.13 1.52774
550.195 1.52796
550.261 1.52817
550.326 1.52838
550.391 1.5286
550.456 1.52881
550.521 1.52903
550.586 1.52924
550.651 1.52945
550.716 1.52967
550.781 1.52988
550.846 1.5301
550.911 1.53031
550.976 1.53053
551.041 1.53074
551.106 1.53096
551.171 1.53117
551.236 1.53139
551.301 1.5316
551.366 1.53182
551.431 1.53203
551.496 1.53225
551.561 1.53246
551.626 1.53268
551.691 1.53289
551.756 1.53311
551.821 1.53332
551.886 1.53354
551.951 1.53375
552.015 1.53397
552.08 1.53419
552.145 1.5344
552.21 1.53462
552.275 1.53484
552.34 1.53505
552.404 1.53527
552.469 1.53548
552.534 1.5357
552.599 1.53592
552.664 1.53613
552.728 1.53635
552.793 1.53657
552.858 1.53678
552.923 1.537
552.987 1.53722
553.052 1.53744
553.117 1.53765
553.182 1.53787
553.246 1.53809
553.311 1.53831
553.376 1.53852
553.44 1.53874
553.505 1.53896
553.57 1.53918
553.634 1.5394
553.699 1.53961
553.764 1.53983
553.828 1.54005
553.893 1.54027
553.957 1.54049
554.022 1.5407
554.087 1.54092
554.151 1.54114
554.216 1.54136
554.28 1.54158
554.345 1.5418
554.409 1.54202
554.474 1.54224
554.538 1.54246
554.603 1.54267
554.667 1.54289
554.732 1.54311
554.796 1.54333
554.861 1.54355
554.925 1.54377
554.99 1.54399
555.054 1.54421
555.119 1.54443
555.183 1.54465
555.247 1.54487
555.312 1.54509
555.376 1.54531
555.441 1.54553
555.505 1.54575
555.569 1.54597
555.634 1.54619
555.698 1.54641
555.762 1.54664
555.827 1.54686
555.891 1.54708
555.955 1.5473
556.02 1.54752
556.084 1.54774
556.148 1.54796
556.213 1.54818
556.277 1.5484
556.341 1.54863
556.405 1.54885
556.47 1.54907
556.534 1.54929
556.598 1.54951
556.662 1.54973
556.726 1.54996
556.791 1.55018
556.855 1.5504
556.919 1.55062
556.983 1.55085
557.047 1.55107
557.111 1.55129
557.176 1.55151
557.24 1.55174
557.304 1.55196
557.368 1.55218
557.432 1.5524
557.496 1.55263
557.56 1.55285
557.624 1.55307
557.688 1.5533
557.752 1.55352
557.816 1.55374
557.88 1.55397
557.944 1.55419
558.008 1.55442
558.072 1.55464
558.136 1.55486
558.2 1.55509
558.264 1.55531
558.328 1.55554
558.392 1.55576
558.456 1.55598
558.52 1.55621
558.584 1.55643
558.648 1.55666
558.712 1.55688
558.776 1.55711
558.84 1.55733
558.904 1.55756
558.967 1.55778
559.031 1.55801
559.095 1.55823
559.159 1.55846
559.223 1.55868
559.287 1.55891
559.35 1.55913
559.414 1.55936
559.478 1.55959
559.542 1.55981
559.606 1.56004
559.669 1.56026
559.733 1.56049
559.797 1.56071
559.861 1.56094
559.924 1.56117
559.988 1.56139
560.052 1.56162
560.115 1.56185
560.179 1.56207
560.243 1.5623
560.306 1.56253
560.37 1.56275
560.434 1.56298
560.497 1.56321
560.561 1.56344
560.625 1.56366
560.688 1.56389
560.752 1.56412
560.815 1.56435
560.879 1.56457
560.943 1.5648
561.006 1.56503
561.07 1.56526
561.133 1.56548
561.197 1.56571
561.26 1.56594
561.324 1.56617
561.387 1.5664
561.451 1.56663
561.514 1.56685
561.578 1.56708
561.641 1.56731
561.705 1.56754
561.768 1.56777
561.832 1.568
561.895 1.56823
561.958 1.56846
562.022 1.56869
562.085 1.56892
562.149 1.56914
562.212 1.56937
562.275 1.5696
562.339 1.56983
562.402 1.57006
562.465 1.57029
562.529 1.57052
562.592 1.57075
562.655 1.57098
562.719 1.57121
562.782 1.57144
562.845 1.57167
562.909 1.5719
562.972 1.57213
563.035 1.57237
563.098 1.5726
563.162 1.57283
563.225 1.57306
563.288 1.57329
563.351 1.57352
563.414 1.57375
563.478 1.57398
563.541 1.57421
563.604 1.57445
563.667 1.57468
563.73 1.57491
563.793 1.57514
563.857 1.57537
563.92 1.5756
563.983 1.57584
564.046 1.57607
564.109 1.5763
564.172 1.57653
564.235 1.57676
564.298 1.577
564.361 1.57723
564.424 1.57746
564.487 1.57769
564.55 1.57793
564.613 1.57816
564.676 1.57839
564.739 1.57863
564.802 1.57886
564.865 1.57909
564.928 1.57933
564.991 1.57956
565.054 1.57979
565.117 1.58003
565.18 1.58026
565.243 1.58049
565.306 1.58073
565.369 1.58096
565.432 1.5812
565.495 1.58143
565.557 1.58166
565.62 1.5819
565.683 1.58213
565.746 1.58237
565.809 1.5826
565.872 1.58284
565.934 1.58307
565.997 1.58331
566.06 1.58354
566.123 1.58378
566.186 1.58401
566.248 1.58425
566.311 1.58448
566.374 1.58472
566.437 1.58495
566.499 1.58519
566.562 1.58542
566.625 1.58566
566.687 1.5859
566.75 1.58613
566.813 1.58637
566.875 1.5866
566.938 1.58684
567.001 1.58708
567.063 1.58731
567.126 1.58755
567.189 1.58779
567.251 1.58802
567.314 1.58826
567.376 1.5885
567.439 1.58873
567.501 1.58897
567.564 1.58921
567.627 1.58945
567.689 1.58968
567.752 1.58992
567.814 1.59016
567.877 1.5904
567.939 1.59063
568.002 1.59087
568.064 1.59111
568.127 1.59135
568.189 1.59158
568.251 1.59182
568.314 1.59206
568.376 1.5923
568.439 1.59254
568.501 1.59278
568.564 1.59302
568.626 1.59325
568.688 1.59349
568.751 1.59373
568.813 1.59397
568.875 1.59421
568.938 1.59445
569 1.59469
569.062 1.59493
569.125 1.59517
569.187 1.59541
569.249 1.59565
569.312 1.59589
569.374 1.59613
569.436 1.59637
569.498 1.59661
569.561 1.59685
569.623 1.59709
569.685 1.59733
569.747 1.59757
569.809 1.59781
569.872 1.59805
569.934 1.59829
569.996 1.59853
570.058 1.59877
570.12 1.59901
570.182 1.59925
570.245 1.59949
570.307 1.59973
570.369 1.59998
570.431 1.60022
570.493 1.60046
570.555 1.6007
570.617 1.60094
570.679 1.60118
570.741 1.60143
570.803 1.60167
570.865 1.60191
570.927 1.60215
570.989 1.60239
571.051 1.60264
571.113 1.60288
571.175 1.60312
571.237 1.60336
571.299 1.60361
571.361 1.60385
571.423 1.60409
571.485 1.60434
571.547 1.60458
571.609 1.60482
571.671 1.60506
571.733 1.60531
571.795 1.60555
571.856 1.6058
571.918 1.60604
571.98 1.60628
572.042 1.60653
572.104 1.60677
572.166 1.60701
572.227 1.60726
572.289 1.6075
572.351 1.60775
572.413 1.60799
572.475 1.60824
572.536 1.60848
572.598 1.60873
572.66 1.60897
572.722 1.60922
572.783 1.60946
572.845 1.60971
572.907 1.60995
572.968 1.6102
573.03 1.61044
573.092 1.61069
573.153 1.61093
573.215 1.61118
573.277 1.61142
573.338 1.61167
573.4 1.61192
573.462 1.61216
573.523 1.61241
573.585 1.61265
573.646 1.6129
573.708 1.61315
573.769 1.61339
573.831 1.61364
573.893 1.61389
573.954 1.61413
574.016 1.61438
574.077 1.61463
574.139 1.61487
574.2 1.61512
574.262 1.61537
574.323 1.61562
574.384 1.61586
574.446 1.61611
574.507 1.61636
574.569 1.61661
574.63 1.61685
574.692 1.6171
574.753 1.61735
574.814 1.6176
574.876 1.61785
574.937 1.6181
574.998 1.61834
575.06 1.61859
575.121 1.61884
575.183 1.61909
575.244 1.61934
575.305 1.61959
575.366 1.61984
575.428 1.62009
575.489 1.62034
575.55 1.62058
575.612 1.62083
575.673 1.62108
575.734 1.62133
575.795 1.62158
575.856 1.62183
575.918 1.62208
575.979 1.62233
576.04 1.62258
576.101 1.62283
576.162 1.62308
576.224 1.62333
576.285 1.62358
576.346 1.62383
576.407 1.62409
576.468 1.62434
576.529 1.62459
576.59 1.62484
576.651 1.62509
576.712 1.62534
576.773 1.62559
576.835 1.62584
576.896 1.62609
576.957 1.62635
577.018 1.6266
577.079 1.62685
577.14 1.6271
577.201 1.62735
577.262 1.62761
577.323 1.62786
577.384 1.62811
577.444 1.62836
577.505 1.62861
577.566 1.62887
577.627 1.62912
577.688 1.62937
577.749 1.62963
577.81 1.62988
577.871 1.63013
577.932 1.63038
577.993 1.63064
578.053 1.63089
578.114 1.63114
578.175 1.6314
578.236 1.63165
578.297 1.63191
578.358 1.63216
578.418 1.63241
578.479 1.63267
578.54 1.63292
578.601 1.63318
578.661 1.63343
578.722 1.63368
578.783 1.63394
578.844 1.63419
578.904 1.63445
578.965 1.6347
579.026 1.63496
579.086 1.63521
579.147 1.63547
579.208 1.63572
579.268 1.63598
579.329 1.63623
579.39 1.63649
579.45 1.63675
579.511 1.637
579.571 1.63726
579.632 1.63751
579.692 1.63777
579.753 1.63802
579.814 1.63828
579.874 1.63854
579.935 1.63879
579.995 1.63905
580.056 1.63931
580.116 1.63956
580.177 1.63982
580.237 1.64008
580.298 1.64033
580.358 1.64059
580.419 1.64085
580.479 1.64111
580.539 1.64136
580.6 1.64162
580.66 1.64188
580.721 1.64214
580.781 1.64239
580.841 1.64265
580.902 1.64291
580.962 1.64317
581.022 1.64343
581.083 1.64368
581.143 1.64394
581.203 1.6442
581.264 1.64446
581.324 1.64472
581.384 1.64498
581.445 1.64524
581.505 1.6455
581.565 1.64576
581.625 1.64601
581.686 1.64627
581.746 1.64653
581.806 1.64679
581.866 1.64705
581.926 1.64731
581.987 1.64757
582.047 1.64783
582.107 1.64809
582.167 1.64835
582.227 1.64861
582.287 1.64887
582.347 1.64913
582.408 1.64939
582.468 1.64965
582.528 1.64992
582.588 1.65018
582.648 1.65044
582.708 1.6507
582.768 1.65096
582.828 1.65122
582.888 1.65148
582.948 1.65174
583.008 1.65201
583.068 1.65227
583.128 1.65253
583.188 1.65279
583.248 1.65305
583.308 1.65331
583.368 1.65358
583.428 1.65384
583.488 1.6541
583.548 1.65436
583.607 1.65463
583.667 1.65489
583.727 1.65515
583.787 1.65542
583.847 1.65568
583.907 1.65594
583.967 1.6562
584.026 1.65647
584.086 1.65673
584.146 1.65699
584.206 1.65726
584.266 1.65752
584.325 1.65779
584.385 1.65805
584.445 1.65831
584.505 1.65858
584.564 1.65884
584.624 1.65911
584.684 1.65937
584.744 1.65964
584.803 1.6599
584.863 1.66017
584.923 1.66043
584.982 1.6607
585.042 1.66096
585.102 1.66123
585.161 1.66149
585.221 1.66176
585.28 1.66202
585.34 1.66229
585.4 1.66255
585.459 1.66282
585.519 1.66309
585.578 1.66335
585.638 1.66362
585.697 1.66388
585.757 1.66415
585.816 1.66442
585.876 1.66468
585.935 1.66495
585.995 1.66522
586.054 1.66548
586.114 1.66575
586.173 1.66602
586.233 1.66628
586.292 1.66655
586.352 1.66682
586.411 1.66709
586.47 1.66735
586.53 1.66762
586.589 1.66789
586.648 1.66816
586.708 1.66843
586.767 1.66869
586.826 1.66896
586.886 1.66923
586.945 1.6695
587.004 1.66977
587.064 1.67004
587.123 1.67031
587.182 1.67057
587.241 1.67084
587.301 1.67111
587.36 1.67138
587.419 1.67165
587.478 1.67192
587.538 1.67219
587.597 1.67246
587.656 1.67273
587.715 1.673
587.774 1.67327
587.833 1.67354
587.893 1.67381
587.952 1.67408
588.011 1.67435
588.07 1.67462
588.129 1.67489
588.188 1.67516
588.247 1.67543
588.306 1.6757
588.365 1.67597
588.424 1.67625
588.483 1.67652
588.543 1.67679
588.602 1.67706
588.661 1.67733
588.72 1.6776
588.779 1.67787
588.837 1.67815
588.896 1.67842
588.955 1.67869
589.014 1.67896
589.073 1.67923
589.132 1.67951
589.191 1.67978
589.25 1.68005
589.309 1.68032
589.368 1.6806
589.427 1.68087
589.485 1.68114
589.544 1.68142
589.603 1.68169
589.662 1.68196
589.721 1.68224
589.78 1.68251
589.838 1.68278
589.897 1.68306
589.956 1.68333
590.015 1.68361
590.073 1.68388
590.132 1.68415
590.191 1.68443
590.25 1.6847
590.308 1.68498
590.367 1.68525
590.426 1.68553
590.484 1.6858
590.543 1.68608
590.602 1.68635
590.66 1.68663
590.719 1.6869
590.778 1.68718
590.836 1.68745
590.895 1.68773
590.953 1.688
591.012 1.68828
591.071 1.68856
591.129 1.68883
591.188 1.68911
591.246 1.68939
591.305 1.68966
591.363 1.68994
591.422 1.69021
591.48 1.69049
591.539 1.69077
591.597 1.69105
591.656 1.69132
591.714 1.6916
591.773 1.69188
591.831 1.69215
591.889 1.69243
591.948 1.69271
592.006 1.69299
592.065 1.69326
592.123 1.69354
592.181 1.69382
592.24 1.6941
592.298 1.69438
592.356 1.69466
592.415 1.69493
592.473 1.69521
592.531 1.69549
592.59 1.69577
592.648 1.69605
592.706 1.69633
592.764 1.69661
592.823 1.69689
592.881 1.69717
592.939 1.69745
592.997 1.69772
593.056 1.698
593.114 1.69828
593.172 1.69856
593.23 1.69884
593.288 1.69912
593.346 1.6994
593.405 1.69969
593.463 1.69997
593.521 1.70025
593.579 1.70053
593.637 1.70081
593.695 1.70109
593.753 1.70137
593.811 1.70165
593.869 1.70193
593.927 1.70221
593.985 1.70249
594.043 1.70278
594.101 1.70306
594.159 1.70334
594.217 1.70362
594.275 1.7039
594.333 1.70419
594.391 1.70447
594.449 1.70475
594.507 1.70503
594.565 1.70532
594.623 1.7056
594.681 1.70588
594.739 1.70616
594.797 1.70645
594.854 1.70673
594.912 1.70701
594.97 1.7073
595.028 1.70758
595.086 1.70786
595.144 1.70815
595.201 1.70843
595.259 1.70872
595.317 1.709
595.375 1.70928
595.433 1.70957
595.49 1.70985
595.548 1.71014
595.606 1.71042
595.664 1.71071
595.721 1.71099
595.779 1.71128
595.837 1.71156
595.894 1.71185
595.952 1.71213
596.01 1.71242
596.067 1.7127
596.125 1.71299
596.183 1.71327
596.24 1.71356
596.298 1.71385
596.355 1.71413
596.413 1.71442
596.47 1.7147
596.528 1.71499
596.586 1.71528
596.643 1.71556
596.701 1.71585
596.758 1.71614
596.816 1.71643
596.873 1.71671
596.931 1.717
596.988 1.71729
597.046 1.71757
597.103 1.71786
597.16 1.71815
597.218 1.71844
597.275 1.71873
597.333 1.71901
597.39 1.7193
597.447 1.71959
597.505 1.71988
597.562 1.72017
597.62 1.72046
597.677 1.72074
597.734 1.72103
597.791 1.72132
597.849 1.72161
597.906 1.7219
597.963 1.72219
598.021 1.72248
598.078 1.72277
598.135 1.72306
598.192 1.72335
598.25 1.72364
598.307 1.72393
598.364 1.72422
598.421 1.72451
598.478 1.7248
598.536 1.72509
598.593 1.72538
598.65 1.72567
598.707 1.72596
598.764 1.72625
598.821 1.72654
598.878 1.72683
598.936 1.72713
598.993 1.72742
599.05 1.72771
599.107 1.728
599.164 1.72829
599.221 1.72858
599.278 1.72888
599.335 1.72917
599.392 1.72946
599.449 1.72975
599.506 1.73004
599.563 1.73034
599.62 1.73063
599.677 1.73092
599.734 1.73121
599.791 1.73151
599.848 1.7318
599.905 1.73209
599.961 1.73239
600.018 1.73268
600.075 1.73297
600.132 1.73327
600.189 1.73356
600.246 1.73386
600.303 1.73415
600.359 1.73444
600.416 1.73474
600.473 1.73503
600.53 1.73533
600.587 1.73562
600.643 1.73592
600.7 1.73621
600.757 1.73651
600.814 1.7368
600.87 1.7371
600.927 1.73739
600.984 1.73769
601.04 1.73798
601.097 1.73828
601.154 1.73858
601.21 1.73887
601.267 1.73917
601.324 1.73946
601.38 1.73976
601.437 1.74006
601.494 1.74035
601.55 1.74065
601.607 1.74095
601.663 1.74124
601.72 1.74154
601.776 1.74184
601.833 1.74213
601.89 1.74243
601.946 1.74273
602.003 1.74303
602.059 1.74332
602.116 1.74362
602.172 1.74392
602.228 1.74422
602.285 1.74452
602.341 1.74482
602.398 1.74511
602.454 1.74541
602.511 1.74571
602.567 1.74601
602.623 1.74631
602.68 1.74661
602.736 1.74691
602.792 1.74721
602.849 1.74751
602.905 1.7478
602.961 1.7481
603.018 1.7484
603.074 1.7487
603.13 1.749
603.187 1.7493
603.243 1.7496
603.299 1.7499
603.355 1.75021
603.412 1.75051
603.468 1.75081
603.524 1.75111
603.58 1.75141
603.636 1.75171
603.693 1.75201
603.749 1.75231
603.805 1.75261
603.861 1.75292
603.917 1.75322
603.973 1.75352
604.029 1.75382
604.085 1.75412
604.142 1.75442
604.198 1.75473
604.254 1.75503
604.31 1.75533
604.366 1.75563
604.422 1.75594
604.478 1.75624
604.534 1.75654
604.59 1.75685
604.646 1.75715
604.702 1.75745
604.758 1.75776
604.814 1.75806
604.87 1.75836
604.926 1.75867
604.982 1.75897
605.037 1.75928
605.093 1.75958
605.149 1.75988
605.205 1.76019
605.261 1.76049
605.317 1.7608
605.373 1.7611
605.428 1.76141
605.484 1.76171
605.54 1.76202
605.596 1.76232
605.652 1.76263
605.707 1.76293
605.763 1.76324
605.819 1.76355
605.875 1.76385
605.93 1.76416
605.986 1.76446
606.042 1.76477
606.098 1.76508
606.153 1.76538
606.209 1.76569
606.265 1.766
606.32 1.7663
606.376 1.76661
606.432 1.76692
606.487 1.76723
606.543 1.76753
606.598 1.76784
606.654 1.76815
606.709 1.76846
606.765 1.76876
606.821 1.76907
606.876 1.76938
606.932 1.76969
606.987 1.77
607.043 1.77031
607.098 1.77061
607.154 1.77092
607.209 1.77123
607.265 1.77154
607.32 1.77185
607.376 1.77216
607.431 1.77247
607.486 1.77278
607.542 1.77309
607.597 1.7734
607.653 1.77371
607.708 1.77402
607.763 1.77433
607.819 1.77464
607.874 1.77495
607.929 1.77526
607.985 1.77557
608.04 1.77588
608.095 1.77619
608.15 1.7765
608.206 1.77681
608.261 1.77713
608.316 1.77744
608.372 1.77775
608.427 1.77806
608.482 1.77837
608.537 1.77868
608.592 1.779
608.648 1.77931
608.703 1.77962
608.758 1.77993
608.813 1.78025
608.868 1.78056
608.923 1.78087
608.978 1.78118
609.034 1.7815
609.089 1.78181
609.144 1.78212
609.199 1.78244
609.254 1.78275
609.309 1.78306
609.364 1.78338
609.419 1.78369
609.474 1.78401
609.529 1.78432
609.584 1.78463
609.639 1.78495
609.694 1.78526
609.749 1.78558
609.804 1.78589
609.859 1.78621
609.914 1.78652
609.969 1.78684
610.023 1.78715
610.078 1.78747
610.133 1.78778
610.188 1.7881
610.243 1.78842
610.298 1.78873
610.353 1.78905
610.407 1.78936
610.462 1.78968
610.517 1.79
610.572 1.79031
610.627 1.79063
610.681 1.79095
610.736 1.79126
610.791 1.79158
