633.914 0.922335
633.93 0.922341
633.945 0.922346
633.961 0.922352
633.977 0.922358
633.993 0.922363
634.009 0.922369
634.025 0.922374
634.041 0.92238
634.057 0.922386
634.073 0.922391
634.089 0.922397
634.105 0.922402
634.121 0.922408
634.137 0.922414
634.153 0.922419
634.169 0.922425
634.185 0.92243
634.2 0.922436
634.216 0.922442
634.232 0.922447
634.248 0.922453
634.264 0.922458
634.28 0.922464
634.296 0.92247
634.312 0.922475
634.328 0.922481
634.344 0.922487
634.36 0.922492
634.376 0.922498
634.392 0.922503
634.408 0.922509
634.424 0.922515
634.44 0.92252
634.456 0.922526
634.471 0.922531
634.487 0.922537
634.503 0.922543
634.519 0.922548
634.535 0.922554
634.551 0.922559
634.567 0.922565
634.583 0.922571
634.599 0.922576
634.615 0.922582
634.631 0.922588
634.647 0.922593
634.663 0.922599
634.679 0.922604
634.695 0.92261
634.711 0.922616
634.726 0.922621
634.742 0.922627
634.758 0.922633
634.774 0.922638
634.79 0.922644
634.806 0.922649
634.822 0.922655
634.838 0.922661
634.854 0.922666
634.87 0.922672
634.886 0.922678
634.902 0.922683
634.918 0.922689
634.934 0.922694
634.95 0.9227
634.966 0.922706
634.981 0.922711
634.997 0.922717
635.013 0.922723
635.029 0.922728
635.045 0.922734
635.061 0.922739
635.077 0.922745
635.093 0.922751
635.109 0.922756
635.125 0.922762
635.141 0.922768
635.157 0.922773
635.173 0.922779
635.189 0.922784
635.205 0.92279
635.22 0.922796
635.236 0.922801
635.252 0.922807
635.268 0.922813
635.284 0.922818
635.3 0.922824
635.316 0.92283
635.332 0.922835
635.348 0.922841
635.364 0.922846
635.38 0.922852
635.396 0.922858
635.412 0.922863
635.428 0.922869
635.444 0.922875
635.459 0.92288
635.475 0.922886
635.491 0.922892
635.507 0.922897
635.523 0.922903
635.539 0.922909
635.555 0.922914
635.571 0.92292
635.587 0.922925
635.603 0.922931
635.619 0.922937
635.635 0.922942
635.651 0.922948
635.667 0.922954
635.683 0.922959
635.698 0.922965
635.714 0.922971
635.73 0.922976
635.746 0.922982
635.762 0.922988
635.778 0.922993
635.794 0.922999
635.81 0.923005
635.826 0.92301
635.842 0.923016
635.858 0.923021
635.874 0.923027
635.89 0.923033
635.906 0.923038
635.922 0.923044
635.937 0.92305
635.953 0.923055
635.969 0.923061
635.985 0.923067
636.001 0.923072
636.017 0.923078
636.033 0.923084
636.049 0.923089
636.065 0.923095
636.081 0.923101
636.097 0.923106
636.113 0.923112
636.129 0.923118
636.145 0.923123
636.16 0.923129
636.176 0.923135
636.192 0.92314
636.208 0.923146
636.224 0.923152
636.24 0.923157
636.256 0.923163
636.272 0.923169
636.288 0.923174
636.304 0.92318
636.32 0.923186
636.336 0.923191
636.352 0.923197
636.368 0.923203
636.383 0.923208
636.399 0.923214
636.415 0.92322
636.431 0.923225
636.447 0.923231
636.463 0.923237
636.479 0.923242
636.495 0.923248
636.511 0.923254
636.527 0.923259
636.543 0.923265
636.559 0.923271
636.575 0.923276
636.591 0.923282
636.606 0.923288
636.622 0.923293
636.638 0.923299
636.654 0.923305
636.67 0.92331
636.686 0.923316
636.702 0.923322
636.718 0.923327
636.734 0.923333
636.75 0.923339
636.766 0.923344
636.782 0.92335
636.798 0.923356
636.813 0.923361
636.829 0.923367
636.845 0.923373
636.861 0.923378
636.877 0.923384
636.893 0.92339
636.909 0.923395
636.925 0.923401
636.941 0.923407
636.957 0.923412
636.973 0.923418
636.989 0.923424
637.005 0.92343
637.021 0.923435
637.036 0.923441
637.052 0.923447
637.068 0.923452
637.084 0.923458
637.1 0.923464
637.116 0.923469
637.132 0.923475
637.148 0.923481
637.164 0.923486
637.18 0.923492
637.196 0.923498
637.212 0.923503
637.228 0.923509
637.243 0.923515
637.259 0.923521
637.275 0.923526
637.291 0.923532
637.307 0.923538
637.323 0.923543
637.339 0.923549
637.355 0.923555
637.371 0.92356
637.387 0.923566
637.403 0.923572
637.419 0.923577
637.435 0.923583
637.45 0.923589
637.466 0.923595
637.482 0.9236
637.498 0.923606
637.514 0.923612
637.53 0.923617
637.546 0.923623
637.562 0.923629
637.578 0.923634
637.594 0.92364
637.61 0.923646
637.626 0.923652
637.642 0.923657
637.657 0.923663
637.673 0.923669
637.689 0.923674
637.705 0.92368
637.721 0.923686
637.737 0.923691
637.753 0.923697
637.769 0.923703
637.785 0.923709
637.801 0.923714
637.817 0.92372
637.833 0.923726
637.848 0.923731
637.864 0.923737
637.88 0.923743
637.896 0.923749
637.912 0.923754
637.928 0.92376
637.944 0.923766
637.96 0.923771
637.976 0.923777
637.992 0.923783
638.008 0.923788
638.024 0.923794
638.04 0.9238
638.055 0.923806
638.071 0.923811
638.087 0.923817
638.103 0.923823
638.119 0.923828
638.135 0.923834
638.151 0.92384
638.167 0.923846
638.183 0.923851
638.199 0.923857
638.215 0.923863
638.231 0.923868
638.246 0.923874
638.262 0.92388
638.278 0.923886
638.294 0.923891
638.31 0.923897
638.326 0.923903
638.342 0.923909
638.358 0.923914
638.374 0.92392
638.39 0.923926
638.406 0.923931
638.422 0.923937
638.437 0.923943
638.453 0.923949
638.469 0.923954
638.485 0.92396
638.501 0.923966
638.517 0.923971
638.533 0.923977
638.549 0.923983
638.565 0.923989
638.581 0.923994
638.597 0.924
638.613 0.924006
638.628 0.924012
638.644 0.924017
638.66 0.924023
638.676 0.924029
638.692 0.924034
638.708 0.92404
638.724 0.924046
638.74 0.924052
638.756 0.924057
638.772 0.924063
638.788 0.924069
638.804 0.924075
638.819 0.92408
638.835 0.924086
638.851 0.924092
638.867 0.924098
638.883 0.924103
638.899 0.924109
638.915 0.924115
638.931 0.924121
638.947 0.924126
638.963 0.924132
638.979 0.924138
638.995 0.924143
639.01 0.924149
639.026 0.924155
639.042 0.924161
639.058 0.924166
639.074 0.924172
639.09 0.924178
639.106 0.924184
639.122 0.924189
639.138 0.924195
639.154 0.924201
639.17 0.924207
639.185 0.924212
639.201 0.924218
639.217 0.924224
639.233 0.92423
639.249 0.924235
639.265 0.924241
639.281 0.924247
639.297 0.924253
639.313 0.924258
639.329 0.924264
639.345 0.92427
639.36 0.924276
639.376 0.924281
639.392 0.924287
639.408 0.924293
639.424 0.924299
639.44 0.924304
639.456 0.92431
639.472 0.924316
639.488 0.924322
639.504 0.924327
639.52 0.924333
639.536 0.924339
639.551 0.924345
639.567 0.92435
639.583 0.924356
639.599 0.924362
639.615 0.924368
639.631 0.924373
639.647 0.924379
639.663 0.924385
639.679 0.924391
639.695 0.924396
639.711 0.924402
639.726 0.924408
639.742 0.924414
639.758 0.924419
639.774 0.924425
639.79 0.924431
639.806 0.924437
639.822 0.924442
639.838 0.924448
639.854 0.924454
639.87 0.92446
639.886 0.924466
639.901 0.924471
639.917 0.924477
639.933 0.924483
639.949 0.924489
639.965 0.924494
639.981 0.9245
639.997 0.924506
640.013 0.924512
640.029 0.924517
640.045 0.924523
640.061 0.924529
640.076 0.924535
640.092 0.924541
640.108 0.924546
640.124 0.924552
640.14 0.924558
640.156 0.924564
640.172 0.924569
640.188 0.924575
640.204 0.924581
640.22 0.924587
640.235 0.924592
640.251 0.924598
640.267 0.924604
640.283 0.92461
640.299 0.924616
640.315 0.924621
640.331 0.924627
640.347 0.924633
640.363 0.924639
640.379 0.924644
640.395 0.92465
640.41 0.924656
640.426 0.924662
640.442 0.924668
640.458 0.924673
640.474 0.924679
640.49 0.924685
640.506 0.924691
640.522 0.924696
640.538 0.924702
640.554 0.924708
640.57 0.924714
640.585 0.92472
640.601 0.924725
640.617 0.924731
640.633 0.924737
640.649 0.924743
640.665 0.924749
640.681 0.924754
640.697 0.92476
640.713 0.924766
640.729 0.924772
640.744 0.924777
640.76 0.924783
640.776 0.924789
640.792 0.924795
640.808 0.924801
640.824 0.924806
640.84 0.924812
640.856 0.924818
640.872 0.924824
640.888 0.92483
640.903 0.924835
640.919 0.924841
640.935 0.924847
640.951 0.924853
640.967 0.924859
640.983 0.924864
640.999 0.92487
641.015 0.924876
641.031 0.924882
641.047 0.924887
641.063 0.924893
641.078 0.924899
641.094 0.924905
641.11 0.924911
641.126 0.924916
641.142 0.924922
641.158 0.924928
641.174 0.924934
641.19 0.92494
641.206 0.924945
641.222 0.924951
641.237 0.924957
641.253 0.924963
641.269 0.924969
641.285 0.924974
641.301 0.92498
641.317 0.924986
641.333 0.924992
641.349 0.924998
641.365 0.925004
641.381 0.925009
641.396 0.925015
641.412 0.925021
641.428 0.925027
641.444 0.925033
641.46 0.925038
641.476 0.925044
641.492 0.92505
641.508 0.925056
641.524 0.925062
641.54 0.925067
641.555 0.925073
641.571 0.925079
641.587 0.925085
641.603 0.925091
641.619 0.925096
641.635 0.925102
641.651 0.925108
641.667 0.925114
641.683 0.92512
641.699 0.925126
641.714 0.925131
641.73 0.925137
641.746 0.925143
641.762 0.925149
641.778 0.925155
641.794 0.92516
641.81 0.925166
641.826 0.925172
641.842 0.925178
641.857 0.925184
641.873 0.92519
641.889 0.925195
641.905 0.925201
641.921 0.925207
641.937 0.925213
641.953 0.925219
641.969 0.925224
641.985 0.92523
642.001 0.925236
642.016 0.925242
642.032 0.925248
642.048 0.925254
642.064 0.925259
642.08 0.925265
642.096 0.925271
642.112 0.925277
642.128 0.925283
642.144 0.925289
642.16 0.925294
642.175 0.9253
642.191 0.925306
642.207 0.925312
642.223 0.925318
642.239 0.925323
642.255 0.925329
642.271 0.925335
642.287 0.925341
642.303 0.925347
642.318 0.925353
642.334 0.925358
642.35 0.925364
642.366 0.92537
642.382 0.925376
642.398 0.925382
642.414 0.925388
642.43 0.925393
642.446 0.925399
642.462 0.925405
642.477 0.925411
642.493 0.925417
642.509 0.925423
642.525 0.925428
642.541 0.925434
642.557 0.92544
642.573 0.925446
642.589 0.925452
642.605 0.925458
642.62 0.925464
642.636 0.925469
642.652 0.925475
642.668 0.925481
642.684 0.925487
642.7 0.925493
642.716 0.925499
642.732 0.925504
642.748 0.92551
642.763 0.925516
642.779 0.925522
642.795 0.925528
642.811 0.925534
642.827 0.925539
642.843 0.925545
642.859 0.925551
642.875 0.925557
642.891 0.925563
642.906 0.925569
642.922 0.925575
642.938 0.92558
642.954 0.925586
642.97 0.925592
642.986 0.925598
643.002 0.925604
643.018 0.92561
643.034 0.925616
643.05 0.925621
643.065 0.925627
643.081 0.925633
643.097 0.925639
643.113 0.925645
643.129 0.925651
643.145 0.925657
643.161 0.925662
643.177 0.925668
643.193 0.925674
643.208 0.92568
643.224 0.925686
643.24 0.925692
643.256 0.925698
643.272 0.925703
643.288 0.925709
643.304 0.925715
643.32 0.925721
643.336 0.925727
643.351 0.925733
643.367 0.925739
643.383 0.925744
643.399 0.92575
643.415 0.925756
643.431 0.925762
643.447 0.925768
643.463 0.925774
643.479 0.92578
643.494 0.925785
643.51 0.925791
643.526 0.925797
643.542 0.925803
643.558 0.925809
643.574 0.925815
643.59 0.925821
643.606 0.925826
643.621 0.925832
643.637 0.925838
643.653 0.925844
643.669 0.92585
643.685 0.925856
643.701 0.925862
643.717 0.925868
643.733 0.925873
643.749 0.925879
643.764 0.925885
643.78 0.925891
643.796 0.925897
643.812 0.925903
643.828 0.925909
643.844 0.925915
643.86 0.92592
643.876 0.925926
643.892 0.925932
643.907 0.925938
643.923 0.925944
643.939 0.92595
643.955 0.925956
643.971 0.925962
643.987 0.925967
644.003 0.925973
644.019 0.925979
644.035 0.925985
644.05 0.925991
644.066 0.925997
644.082 0.926003
644.098 0.926009
644.114 0.926015
644.13 0.92602
644.146 0.926026
644.162 0.926032
644.177 0.926038
644.193 0.926044
644.209 0.92605
644.225 0.926056
644.241 0.926062
644.257 0.926067
644.273 0.926073
644.289 0.926079
644.305 0.926085
644.32 0.926091
644.336 0.926097
644.352 0.926103
644.368 0.926109
644.384 0.926115
644.4 0.92612
644.416 0.926126
644.432 0.926132
644.447 0.926138
644.463 0.926144
644.479 0.92615
644.495 0.926156
644.511 0.926162
644.527 0.926168
644.543 0.926174
644.559 0.926179
644.575 0.926185
644.59 0.926191
644.606 0.926197
644.622 0.926203
644.638 0.926209
644.654 0.926215
644.67 0.926221
644.686 0.926227
644.702 0.926232
644.717 0.926238
644.733 0.926244
644.749 0.92625
644.765 0.926256
644.781 0.926262
644.797 0.926268
644.813 0.926274
644.829 0.92628
644.844 0.926286
644.86 0.926291
644.876 0.926297
644.892 0.926303
644.908 0.926309
644.924 0.926315
644.94 0.926321
644.956 0.926327
644.972 0.926333
644.987 0.926339
645.003 0.926345
645.019 0.926351
645.035 0.926356
645.051 0.926362
645.067 0.926368
645.083 0.926374
645.099 0.92638
645.114 0.926386
645.13 0.926392
645.146 0.926398
645.162 0.926404
645.178 0.92641
645.194 0.926416
645.21 0.926421
645.226 0.926427
645.241 0.926433
645.257 0.926439
645.273 0.926445
645.289 0.926451
645.305 0.926457
645.321 0.926463
645.337 0.926469
645.353 0.926475
645.368 0.926481
645.384 0.926487
645.4 0.926492
645.416 0.926498
645.432 0.926504
645.448 0.92651
645.464 0.926516
645.48 0.926522
645.495 0.926528
645.511 0.926534
645.527 0.92654
645.543 0.926546
645.559 0.926552
645.575 0.926558
645.591 0.926564
645.607 0.926569
645.622 0.926575
645.638 0.926581
645.654 0.926587
645.67 0.926593
645.686 0.926599
645.702 0.926605
645.718 0.926611
645.734 0.926617
645.749 0.926623
645.765 0.926629
645.781 0.926635
645.797 0.926641
645.813 0.926647
645.829 0.926652
645.845 0.926658
645.861 0.926664
645.876 0.92667
645.892 0.926676
645.908 0.926682
645.924 0.926688
645.94 0.926694
645.956 0.9267
645.972 0.926706
645.988 0.926712
646.003 0.926718
646.019 0.926724
646.035 0.92673
646.051 0.926736
646.067 0.926741
646.083 0.926747
646.099 0.926753
646.115 0.926759
646.13 0.926765
646.146 0.926771
646.162 0.926777
646.178 0.926783
646.194 0.926789
646.21 0.926795
646.226 0.926801
646.241 0.926807
646.257 0.926813
646.273 0.926819
646.289 0.926825
646.305 0.926831
646.321 0.926837
646.337 0.926842
646.353 0.926848
646.368 0.926854
646.384 0.92686
646.4 0.926866
646.416 0.926872
646.432 0.926878
646.448 0.926884
646.464 0.92689
646.48 0.926896
646.495 0.926902
646.511 0.926908
646.527 0.926914
646.543 0.92692
646.559 0.926926
646.575 0.926932
646.591 0.926938
646.606 0.926944
646.622 0.92695
646.638 0.926955
646.654 0.926961
646.67 0.926967
646.686 0.926973
646.702 0.926979
646.718 0.926985
646.733 0.926991
646.749 0.926997
646.765 0.927003
646.781 0.927009
646.797 0.927015
646.813 0.927021
646.829 0.927027
646.844 0.927033
646.86 0.927039
646.876 0.927045
646.892 0.927051
646.908 0.927057
646.924 0.927063
646.94 0.927069
646.956 0.927075
646.971 0.927081
646.987 0.927087
647.003 0.927093
647.019 0.927099
647.035 0.927104
647.051 0.92711
647.067 0.927116
647.082 0.927122
647.098 0.927128
647.114 0.927134
647.13 0.92714
647.146 0.927146
647.162 0.927152
647.178 0.927158
647.194 0.927164
647.209 0.92717
647.225 0.927176
647.241 0.927182
647.257 0.927188
647.273 0.927194
647.289 0.9272
647.305 0.927206
647.32 0.927212
647.336 0.927218
647.352 0.927224
647.368 0.92723
647.384 0.927236
647.4 0.927242
647.416 0.927248
647.431 0.927254
647.447 0.92726
647.463 0.927266
647.479 0.927272
647.495 0.927278
647.511 0.927284
647.527 0.92729
647.543 0.927296
647.558 0.927302
647.574 0.927308
647.59 0.927314
647.606 0.927319
647.622 0.927325
647.638 0.927331
647.654 0.927337
647.669 0.927343
647.685 0.927349
647.701 0.927355
647.717 0.927361
647.733 0.927367
647.749 0.927373
647.765 0.927379
647.78 0.927385
647.796 0.927391
647.812 0.927397
647.828 0.927403
647.844 0.927409
647.86 0.927415
647.876 0.927421
647.891 0.927427
647.907 0.927433
647.923 0.927439
647.939 0.927445
647.955 0.927451
647.971 0.927457
647.987 0.927463
648.003 0.927469
648.018 0.927475
648.034 0.927481
648.05 0.927487
648.066 0.927493
648.082 0.927499
648.098 0.927505
648.114 0.927511
648.129 0.927517
648.145 0.927523
648.161 0.927529
648.177 0.927535
648.193 0.927541
648.209 0.927547
648.225 0.927553
648.24 0.927559
648.256 0.927565
648.272 0.927571
648.288 0.927577
648.304 0.927583
648.32 0.927589
648.336 0.927595
648.351 0.927601
648.367 0.927607
648.383 0.927613
648.399 0.927619
648.415 0.927625
648.431 0.927631
648.447 0.927637
648.462 0.927643
648.478 0.927649
648.494 0.927655
648.51 0.927661
648.526 0.927667
648.542 0.927673
648.558 0.927679
648.573 0.927685
648.589 0.927691
648.605 0.927697
648.621 0.927703
648.637 0.927709
648.653 0.927715
648.669 0.927721
648.684 0.927727
648.7 0.927733
648.716 0.927739
648.732 0.927745
648.748 0.927751
648.764 0.927757
648.78 0.927763
648.795 0.927769
648.811 0.927775
648.827 0.927781
648.843 0.927787
648.859 0.927793
648.875 0.927799
648.89 0.927805
648.906 0.927811
648.922 0.927817
648.938 0.927823
648.954 0.92783
648.97 0.927836
648.986 0.927842
649.001 0.927848
649.017 0.927854
649.033 0.92786
649.049 0.927866
649.065 0.927872
649.081 0.927878
649.097 0.927884
649.112 0.92789
649.128 0.927896
649.144 0.927902
649.16 0.927908
649.176 0.927914
649.192 0.92792
649.208 0.927926
649.223 0.927932
649.239 0.927938
649.255 0.927944
649.271 0.92795
649.287 0.927956
649.303 0.927962
649.318 0.927968
649.334 0.927974
649.35 0.92798
649.366 0.927986
649.382 0.927992
649.398 0.927998
649.414 0.928004
649.429 0.92801
649.445 0.928016
649.461 0.928022
649.477 0.928028
649.493 0.928034
649.509 0.92804
649.525 0.928046
649.54 0.928053
649.556 0.928059
649.572 0.928065
649.588 0.928071
649.604 0.928077
649.62 0.928083
649.635 0.928089
649.651 0.928095
649.667 0.928101
649.683 0.928107
649.699 0.928113
649.715 0.928119
649.731 0.928125
649.746 0.928131
649.762 0.928137
649.778 0.928143
649.794 0.928149
649.81 0.928155
649.826 0.928161
649.842 0.928167
649.857 0.928173
649.873 0.928179
649.889 0.928185
649.905 0.928191
649.921 0.928198
649.937 0.928204
649.952 0.92821
649.968 0.928216
649.984 0.928222
650 0.928228
650.016 0.928234
650.032 0.92824
650.048 0.928246
650.063 0.928252
650.079 0.928258
650.095 0.928264
650.111 0.92827
650.127 0.928276
650.143 0.928282
650.158 0.928288
650.174 0.928294
650.19 0.9283
650.206 0.928306
650.222 0.928312
650.238 0.928319
650.254 0.928325
650.269 0.928331
650.285 0.928337
650.301 0.928343
650.317 0.928349
650.333 0.928355
650.349 0.928361
650.364 0.928367
650.38 0.928373
650.396 0.928379
650.412 0.928385
650.428 0.928391
650.444 0.928397
650.46 0.928403
650.475 0.928409
650.491 0.928415
650.507 0.928422
650.523 0.928428
650.539 0.928434
650.555 0.92844
650.57 0.928446
650.586 0.928452
650.602 0.928458
650.618 0.928464
650.634 0.92847
650.65 0.928476
650.665 0.928482
650.681 0.928488
650.697 0.928494
650.713 0.9285
650.729 0.928506
650.745 0.928513
650.761 0.928519
650.776 0.928525
650.792 0.928531
650.808 0.928537
650.824 0.928543
650.84 0.928549
650.856 0.928555
650.871 0.928561
650.887 0.928567
650.903 0.928573
650.919 0.928579
650.935 0.928585
650.951 0.928591
650.966 0.928598
650.982 0.928604
650.998 0.92861
651.014 0.928616
651.03 0.928622
651.046 0.928628
651.061 0.928634
651.077 0.92864
651.093 0.928646
651.109 0.928652
651.125 0.928658
651.141 0.928664
651.157 0.928671
651.172 0.928677
651.188 0.928683
651.204 0.928689
651.22 0.928695
651.236 0.928701
651.252 0.928707
651.267 0.928713
651.283 0.928719
651.299 0.928725
651.315 0.928731
651.331 0.928737
651.347 0.928744
651.362 0.92875
651.378 0.928756
651.394 0.928762
651.41 0.928768
651.426 0.928774
651.442 0.92878
651.457 0.928786
651.473 0.928792
651.489 0.928798
651.505 0.928804
651.521 0.928811
651.537 0.928817
651.552 0.928823
651.568 0.928829
651.584 0.928835
651.6 0.928841
651.616 0.928847
651.632 0.928853
651.647 0.928859
651.663 0.928865
651.679 0.928871
651.695 0.928878
651.711 0.928884
651.727 0.92889
651.743 0.928896
651.758 0.928902
651.774 0.928908
651.79 0.928914
651.806 0.92892
651.822 0.928926
651.838 0.928932
651.853 0.928939
651.869 0.928945
651.885 0.928951
651.901 0.928957
651.917 0.928963
651.933 0.928969
651.948 0.928975
651.964 0.928981
651.98 0.928987
651.996 0.928993
652.012 0.929
652.028 0.929006
652.043 0.929012
652.059 0.929018
652.075 0.929024
652.091 0.92903
652.107 0.929036
652.123 0.929042
652.138 0.929048
652.154 0.929055
652.17 0.929061
652.186 0.929067
652.202 0.929073
652.218 0.929079
652.233 0.929085
652.249 0.929091
652.265 0.929097
652.281 0.929103
652.297 0.92911
652.313 0.929116
652.328 0.929122
652.344 0.929128
652.36 0.929134
652.376 0.92914
652.392 0.929146
652.407 0.929152
652.423 0.929159
652.439 0.929165
652.455 0.929171
652.471 0.929177
652.487 0.929183
652.502 0.929189
652.518 0.929195
652.534 0.929201
652.55 0.929207
652.566 0.929214
652.582 0.92922
652.597 0.929226
652.613 0.929232
652.629 0.929238
652.645 0.929244
652.661 0.92925
652.677 0.929256
652.692 0.929263
652.708 0.929269
652.724 0.929275
652.74 0.929281
652.756 0.929287
652.772 0.929293
652.787 0.929299
652.803 0.929305
652.819 0.929312
652.835 0.929318
652.851 0.929324
652.867 0.92933
652.882 0.929336
652.898 0.929342
652.914 0.929348
652.93 0.929355
652.946 0.929361
652.962 0.929367
652.977 0.929373
652.993 0.929379
653.009 0.929385
653.025 0.929391
653.041 0.929397
653.056 0.929404
653.072 0.92941
653.088 0.929416
653.104 0.929422
653.12 0.929428
653.136 0.929434
653.151 0.92944
653.167 0.929447
653.183 0.929453
653.199 0.929459
653.215 0.929465
653.231 0.929471
653.246 0.929477
653.262 0.929483
653.278 0.92949
653.294 0.929496
653.31 0.929502
653.325 0.929508
653.341 0.929514
653.357 0.92952
653.373 0.929526
653.389 0.929533
653.405 0.929539
653.42 0.929545
653.436 0.929551
653.452 0.929557
653.468 0.929563
653.484 0.929569
653.5 0.929576
653.515 0.929582
653.531 0.929588
653.547 0.929594
653.563 0.9296
653.579 0.929606
653.595 0.929612
653.61 0.929619
653.626 0.929625
653.642 0.929631
653.658 0.929637
653.674 0.929643
653.689 0.929649
653.705 0.929656
653.721 0.929662
653.737 0.929668
653.753 0.929674
653.769 0.92968
653.784 0.929686
653.8 0.929692
653.816 0.929699
653.832 0.929705
653.848 0.929711
653.863 0.929717
653.879 0.929723
653.895 0.929729
653.911 0.929736
653.927 0.929742
653.943 0.929748
653.958 0.929754
653.974 0.92976
653.99 0.929766
654.006 0.929773
654.022 0.929779
654.037 0.929785
654.053 0.929791
654.069 0.929797
654.085 0.929803
654.101 0.92981
654.117 0.929816
654.132 0.929822
654.148 0.929828
654.164 0.929834
654.18 0.92984
654.196 0.929847
654.212 0.929853
654.227 0.929859
654.243 0.929865
654.259 0.929871
654.275 0.929877
654.291 0.929884
654.306 0.92989
654.322 0.929896
654.338 0.929902
654.354 0.929908
654.37 0.929914
654.386 0.929921
654.401 0.929927
654.417 0.929933
654.433 0.929939
654.449 0.929945
654.465 0.929951
654.48 0.929958
654.496 0.929964
654.512 0.92997
654.528 0.929976
654.544 0.929982
654.559 0.929989
654.575 0.929995
654.591 0.930001
654.607 0.930007
654.623 0.930013
654.639 0.930019
654.654 0.930026
654.67 0.930032
654.686 0.930038
654.702 0.930044
654.718 0.93005
654.733 0.930057
654.749 0.930063
654.765 0.930069
654.781 0.930075
654.797 0.930081
654.813 0.930087
654.828 0.930094
654.844 0.9301
654.86 0.930106
654.876 0.930112
654.892 0.930118
654.907 0.930125
654.923 0.930131
654.939 0.930137
654.955 0.930143
654.971 0.930149
654.986 0.930156
655.002 0.930162
655.018 0.930168
655.034 0.930174
655.05 0.93018
655.066 0.930187
655.081 0.930193
655.097 0.930199
655.113 0.930205
655.129 0.930211
655.145 0.930217
655.16 0.930224
655.176 0.93023
655.192 0.930236
655.208 0.930242
655.224 0.930248
655.239 0.930255
655.255 0.930261
655.271 0.930267
655.287 0.930273
655.303 0.930279
655.319 0.930286
655.334 0.930292
655.35 0.930298
655.366 0.930304
655.382 0.93031
655.398 0.930317
655.413 0.930323
655.429 0.930329
655.445 0.930335
655.461 0.930341
655.477 0.930348
655.492 0.930354
655.508 0.93036
655.524 0.930366
655.54 0.930373
655.556 0.930379
655.571 0.930385
655.587 0.930391
655.603 0.930397
655.619 0.930404
655.635 0.93041
655.651 0.930416
655.666 0.930422
655.682 0.930428
655.698 0.930435
655.714 0.930441
655.73 0.930447
655.745 0.930453
655.761 0.930459
655.777 0.930466
655.793 0.930472
655.809 0.930478
655.824 0.930484
655.84 0.930491
655.856 0.930497
655.872 0.930503
655.888 0.930509
655.903 0.930515
655.919 0.930522
655.935 0.930528
655.951 0.930534
655.967 0.93054
655.983 0.930546
655.998 0.930553
656.014 0.930559
656.03 0.930565
656.046 0.930571
656.062 0.930578
656.077 0.930584
656.093 0.93059
656.109 0.930596
656.125 0.930602
656.141 0.930609
656.156 0.930615
656.172 0.930621
656.188 0.930627
656.204 0.930634
656.22 0.93064
656.235 0.930646
656.251 0.930652
656.267 0.930659
656.283 0.930665
656.299 0.930671
656.314 0.930677
656.33 0.930683
656.346 0.93069
656.362 0.930696
656.378 0.930702
656.393 0.930708
656.409 0.930715
656.425 0.930721
656.441 0.930727
656.457 0.930733
656.472 0.93074
656.488 0.930746
656.504 0.930752
656.52 0.930758
656.536 0.930764
656.551 0.930771
656.567 0.930777
656.583 0.930783
656.599 0.930789
656.615 0.930796
656.63 0.930802
656.646 0.930808
656.662 0.930814
656.678 0.930821
656.694 0.930827
656.709 0.930833
656.725 0.930839
656.741 0.930846
656.757 0.930852
656.773 0.930858
656.788 0.930864
656.804 0.930871
656.82 0.930877
656.836 0.930883
656.852 0.930889
656.867 0.930895
656.883 0.930902
656.899 0.930908
656.915 0.930914
656.931 0.93092
656.946 0.930927
656.962 0.930933
656.978 0.930939
656.994 0.930945
657.01 0.930952
657.025 0.930958
657.041 0.930964
657.057 0.93097
657.073 0.930977
657.089 0.930983
657.104 0.930989
657.12 0.930995
657.136 0.931002
657.152 0.931008
657.168 0.931014
657.183 0.93102
657.199 0.931027
657.215 0.931033
657.231 0.931039
657.247 0.931046
657.262 0.931052
657.278 0.931058
657.294 0.931064
657.31 0.931071
657.326 0.931077
657.341 0.931083
657.357 0.931089
657.373 0.931096
657.389 0.931102
657.405 0.931108
657.42 0.931114
657.436 0.931121
657.452 0.931127
657.468 0.931133
657.484 0.931139
657.499 0.931146
657.515 0.931152
657.531 0.931158
657.547 0.931164
657.563 0.931171
657.578 0.931177
657.594 0.931183
657.61 0.93119
657.626 0.931196
657.642 0.931202
657.657 0.931208
657.673 0.931215
657.689 0.931221
657.705 0.931227
657.721 0.931233
657.736 0.93124
657.752 0.931246
657.768 0.931252
657.784 0.931258
657.799 0.931265
657.815 0.931271
657.831 0.931277
657.847 0.931284
657.863 0.93129
657.878 0.931296
657.894 0.931302
657.91 0.931309
657.926 0.931315
657.942 0.931321
657.957 0.931327
657.973 0.931334
657.989 0.93134
658.005 0.931346
658.021 0.931353
658.036 0.931359
658.052 0.931365
658.068 0.931371
658.084 0.931378
658.1 0.931384
658.115 0.93139
658.131 0.931397
658.147 0.931403
658.163 0.931409
658.179 0.931415
658.194 0.931422
658.21 0.931428
658.226 0.931434
658.242 0.931441
658.257 0.931447
658.273 0.931453
658.289 0.931459
658.305 0.931466
658.321 0.931472
658.336 0.931478
658.352 0.931485
658.368 0.931491
658.384 0.931497
658.4 0.931503
658.415 0.93151
658.431 0.931516
658.447 0.931522
658.463 0.931529
658.479 0.931535
658.494 0.931541
658.51 0.931547
658.526 0.931554
658.542 0.93156
658.557 0.931566
658.573 0.931573
658.589 0.931579
658.605 0.931585
658.621 0.931591
658.636 0.931598
658.652 0.931604
658.668 0.93161
658.684 0.931617
658.7 0.931623
658.715 0.931629
658.731 0.931636
658.747 0.931642
658.763 0.931648
658.778 0.931654
658.794 0.931661
658.81 0.931667
658.826 0.931673
658.842 0.93168
658.857 0.931686
658.873 0.931692
658.889 0.931699
658.905 0.931705
658.921 0.931711
658.936 0.931717
658.952 0.931724
658.968 0.93173
658.984 0.931736
658.999 0.931743
659.015 0.931749
659.031 0.931755
659.047 0.931762
659.063 0.931768
659.078 0.931774
659.094 0.931781
659.11 0.931787
659.126 0.931793
659.142 0.931799
659.157 0.931806
659.173 0.931812
659.189 0.931818
659.205 0.931825
659.22 0.931831
659.236 0.931837
659.252 0.931844
659.268 0.93185
659.284 0.931856
659.299 0.931863
659.315 0.931869
659.331 0.931875
659.347 0.931882
659.362 0.931888
659.378 0.931894
659.394 0.931901
659.41 0.931907
659.426 0.931913
659.441 0.931919
659.457 0.931926
659.473 0.931932
659.489 0.931938
659.505 0.931945
659.52 0.931951
659.536 0.931957
659.552 0.931964
659.568 0.93197
659.583 0.931976
659.599 0.931983
659.615 0.931989
659.631 0.931995
659.647 0.932002
659.662 0.932008
659.678 0.932014
659.694 0.932021
659.71 0.932027
659.725 0.932033
659.741 0.93204
659.757 0.932046
659.773 0.932052
659.789 0.932059
659.804 0.932065
659.82 0.932071
659.836 0.932078
659.852 0.932084
659.867 0.93209
659.883 0.932097
659.899 0.932103
659.915 0.932109
659.931 0.932116
659.946 0.932122
659.962 0.932128
659.978 0.932135
659.994 0.932141
660.009 0.932147
660.025 0.932154
660.041 0.93216
660.057 0.932166
660.073 0.932173
660.088 0.932179
660.104 0.932185
660.12 0.932192
660.136 0.932198
660.151 0.932204
660.167 0.932211
660.183 0.932217
660.199 0.932223
660.215 0.93223
660.23 0.932236
660.246 0.932242
660.262 0.932249
660.278 0.932255
660.293 0.932261
660.309 0.932268
660.325 0.932274
660.341 0.93228
660.357 0.932287
660.372 0.932293
660.388 0.932299
660.404 0.932306
660.42 0.932312
660.435 0.932318
660.451 0.932325
660.467 0.932331
660.483 0.932338
660.499 0.932344
660.514 0.93235
660.53 0.932357
660.546 0.932363
660.562 0.932369
660.577 0.932376
660.593 0.932382
660.609 0.932388
660.625 0.932395
660.64 0.932401
660.656 0.932407
660.672 0.932414
660.688 0.93242
660.704 0.932426
660.719 0.932433
660.735 0.932439
660.751 0.932446
660.767 0.932452
660.782 0.932458
660.798 0.932465
660.814 0.932471
660.83 0.932477
660.846 0.932484
660.861 0.93249
660.877 0.932496
660.893 0.932503
660.909 0.932509
660.924 0.932515
660.94 0.932522
660.956 0.932528
660.972 0.932535
660.987 0.932541
661.003 0.932547
661.019 0.932554
661.035 0.93256
661.051 0.932566
661.066 0.932573
661.082 0.932579
661.098 0.932586
661.114 0.932592
661.129 0.932598
661.145 0.932605
661.161 0.932611
661.177 0.932617
661.192 0.932624
661.208 0.93263
661.224 0.932636
661.24 0.932643
661.256 0.932649
661.271 0.932656
661.287 0.932662
661.303 0.932668
661.319 0.932675
661.334 0.932681
661.35 0.932687
661.366 0.932694
661.382 0.9327
661.397 0.932707
661.413 0.932713
661.429 0.932719
661.445 0.932726
661.461 0.932732
661.476 0.932738
661.492 0.932745
661.508 0.932751
661.524 0.932758
661.539 0.932764
661.555 0.93277
661.571 0.932777
661.587 0.932783
661.602 0.932789
661.618 0.932796
661.634 0.932802
661.65 0.932809
661.665 0.932815
661.681 0.932821
661.697 0.932828
661.713 0.932834
661.729 0.932841
661.744 0.932847
661.76 0.932853
661.776 0.93286
661.792 0.932866
661.807 0.932872
661.823 0.932879
661.839 0.932885
661.855 0.932892
661.87 0.932898
661.886 0.932904
661.902 0.932911
661.918 0.932917
661.933 0.932924
661.949 0.93293
661.965 0.932936
661.981 0.932943
661.997 0.932949
662.012 0.932956
662.028 0.932962
662.044 0.932968
662.06 0.932975
662.075 0.932981
662.091 0.932988
662.107 0.932994
662.123 0.933
662.138 0.933007
662.154 0.933013
662.17 0.93302
662.186 0.933026
662.201 0.933032
662.217 0.933039
662.233 0.933045
662.249 0.933052
662.264 0.933058
662.28 0.933064
662.296 0.933071
662.312 0.933077
662.328 0.933084
662.343 0.93309
662.359 0.933096
662.375 0.933103
662.391 0.933109
662.406 0.933116
662.422 0.933122
662.438 0.933128
662.454 0.933135
662.469 0.933141
662.485 0.933148
662.501 0.933154
662.517 0.93316
662.532 0.933167
662.548 0.933173
662.564 0.93318
662.58 0.933186
662.595 0.933192
662.611 0.933199
662.627 0.933205
662.643 0.933212
662.658 0.933218
662.674 0.933224
662.69 0.933231
662.706 0.933237
662.721 0.933244
662.737 0.93325
662.753 0.933257
662.769 0.933263
662.785 0.933269
662.8 0.933276
662.816 0.933282
662.832 0.933289
662.848 0.933295
662.863 0.933301
662.879 0.933308
662.895 0.933314
662.911 0.933321
662.926 0.933327
662.942 0.933334
662.958 0.93334
662.974 0.933346
662.989 0.933353
663.005 0.933359
663.021 0.933366
663.037 0.933372
663.052 0.933379
663.068 0.933385
663.084 0.933391
663.1 0.933398
663.115 0.933404
663.131 0.933411
663.147 0.933417
663.163 0.933424
663.178 0.93343
663.194 0.933436
663.21 0.933443
663.226 0.933449
663.241 0.933456
663.257 0.933462
663.273 0.933469
663.289 0.933475
663.304 0.933481
663.32 0.933488
663.336 0.933494
663.352 0.933501
663.367 0.933507
663.383 0.933514
663.399 0.93352
663.415 0.933526
663.43 0.933533
663.446 0.933539
663.462 0.933546
663.478 0.933552
663.493 0.933559
663.509 0.933565
663.525 0.933571
663.541 0.933578
663.556 0.933584
663.572 0.933591
663.588 0.933597
663.604 0.933604
663.619 0.93361
663.635 0.933617
663.651 0.933623
663.667 0.933629
663.682 0.933636
663.698 0.933642
663.714 0.933649
663.73 0.933655
663.745 0.933662
663.761 0.933668
663.777 0.933675
663.793 0.933681
663.808 0.933687
663.824 0.933694
663.84 0.9337
663.856 0.933707
663.871 0.933713
663.887 0.93372
663.903 0.933726
663.919 0.933733
663.934 0.933739
663.95 0.933745
663.966 0.933752
663.982 0.933758
663.997 0.933765
664.013 0.933771
664.029 0.933778
664.045 0.933784
664.06 0.933791
664.076 0.933797
664.092 0.933803
664.108 0.93381
664.123 0.933816
664.139 0.933823
664.155 0.933829
664.171 0.933836
664.186 0.933842
664.202 0.933849
664.218 0.933855
664.234 0.933862
664.249 0.933868
664.265 0.933875
664.281 0.933881
664.297 0.933887
664.312 0.933894
664.328 0.9339
664.344 0.933907
664.36 0.933913
664.375 0.93392
664.391 0.933926
664.407 0.933933
664.423 0.933939
664.438 0.933946
664.454 0.933952
664.47 0.933959
664.486 0.933965
664.501 0.933971
664.517 0.933978
664.533 0.933984
664.549 0.933991
664.564 0.933997
664.58 0.934004
664.596 0.93401
664.612 0.934017
664.627 0.934023
664.643 0.93403
664.659 0.934036
664.674 0.934043
664.69 0.934049
664.706 0.934056
664.722 0.934062
664.737 0.934068
664.753 0.934075
664.769 0.934081
664.785 0.934088
664.8 0.934094
664.816 0.934101
664.832 0.934107
664.848 0.934114
664.863 0.93412
664.879 0.934127
664.895 0.934133
664.911 0.93414
664.926 0.934146
664.942 0.934153
664.958 0.934159
664.974 0.934166
664.989 0.934172
665.005 0.934179
665.021 0.934185
665.037 0.934192
665.052 0.934198
665.068 0.934205
665.084 0.934211
665.099 0.934217
665.115 0.934224
665.131 0.93423
665.147 0.934237
665.162 0.934243
665.178 0.93425
665.194 0.934256
665.21 0.934263
665.225 0.934269
665.241 0.934276
665.257 0.934282
665.273 0.934289
665.288 0.934295
665.304 0.934302
665.32 0.934308
665.336 0.934315
665.351 0.934321
665.367 0.934328
665.383 0.934334
665.399 0.934341
665.414 0.934347
665.43 0.934354
665.446 0.93436
665.461 0.934367
665.477 0.934373
665.493 0.93438
665.509 0.934386
665.524 0.934393
665.54 0.934399
665.556 0.934406
665.572 0.934412
665.587 0.934419
665.603 0.934425
665.619 0.934432
665.635 0.934438
665.65 0.934445
665.666 0.934451
665.682 0.934458
665.697 0.934464
665.713 0.934471
665.729 0.934477
665.745 0.934484
665.76 0.93449
665.776 0.934497
665.792 0.934503
665.808 0.93451
665.823 0.934516
665.839 0.934523
665.855 0.934529
665.871 0.934536
665.886 0.934542
665.902 0.934549
665.918 0.934555
665.934 0.934562
665.949 0.934568
665.965 0.934575
