296.686 0.980491
296.931 0.980478
297.176 0.980466
297.421 0.980454
297.666 0.980441
297.911 0.980429
298.157 0.980417
298.402 0.980404
298.647 0.980392
298.892 0.98038
299.137 0.980367
299.382 0.980355
299.627 0.980343
299.872 0.980331
300.118 0.980318
300.363 0.980306
300.608 0.980294
300.853 0.980282
301.098 0.980269
301.343 0.980257
301.589 0.980245
301.834 0.980233
302.079 0.98022
302.324 0.980208
302.569 0.980196
302.814 0.980184
303.06 0.980171
303.305 0.980159
303.55 0.980147
303.795 0.980135
304.041 0.980123
304.286 0.980111
304.531 0.980098
304.776 0.980086
305.022 0.980074
305.267 0.980062
305.512 0.98005
305.757 0.980038
306.003 0.980025
306.248 0.980013
306.493 0.980001
306.739 0.979989
306.984 0.979977
307.229 0.979965
307.475 0.979953
307.72 0.979941
307.965 0.979929
308.21 0.979916
308.456 0.979904
308.701 0.979892
308.947 0.97988
309.192 0.979868
309.437 0.979856
309.683 0.979844
309.928 0.979832
310.173 0.97982
310.419 0.979808
310.664 0.979796
310.91 0.979784
311.155 0.979772
311.4 0.97976
311.646 0.979748
311.891 0.979736
312.137 0.979724
312.382 0.979712
312.627 0.9797
312.873 0.979688
313.118 0.979676
313.364 0.979664
313.609 0.979652
313.855 0.97964
314.1 0.979628
314.346 0.979616
314.591 0.979604
314.837 0.979592
315.082 0.97958
315.328 0.979568
315.573 0.979557
315.819 0.979545
316.064 0.979533
316.31 0.979521
316.555 0.979509
316.801 0.979497
317.046 0.979485
317.292 0.979473
317.537 0.979461
317.783 0.97945
318.028 0.979438
318.274 0.979426
318.52 0.979414
318.765 0.979402
319.011 0.97939
319.256 0.979378
319.502 0.979367
319.748 0.979355
319.993 0.979343
320.239 0.979331
320.484 0.979319
320.73 0.979308
320.976 0.979296
321.221 0.979284
321.467 0.979272
321.712 0.97926
321.958 0.979249
322.204 0.979237
322.449 0.979225
322.695 0.979213
322.941 0.979202
323.186 0.97919
323.432 0.979178
323.678 0.979166
323.924 0.979155
324.169 0.979143
324.415 0.979131
324.661 0.97912
324.906 0.979108
325.152 0.979096
325.398 0.979084
325.644 0.979073
325.889 0.979061
326.135 0.979049
326.381 0.979038
326.626 0.979026
326.872 0.979014
327.118 0.979003
327.364 0.978991
327.61 0.978979
327.855 0.978968
328.101 0.978956
328.347 0.978945
328.593 0.978933
328.838 0.978921
329.084 0.97891
329.33 0.978898
329.576 0.978887
329.822 0.978875
330.068 0.978863
330.313 0.978852
330.559 0.97884
330.805 0.978829
331.051 0.978817
331.297 0.978806
331.543 0.978794
331.788 0.978782
332.034 0.978771
332.28 0.978759
332.526 0.978748
332.772 0.978736
333.018 0.978725
333.264 0.978713
333.51 0.978702
333.756 0.97869
334.001 0.978679
334.247 0.978667
334.493 0.978656
334.739 0.978644
334.985 0.978633
335.231 0.978621
335.477 0.97861
335.723 0.978598
335.969 0.978587
336.215 0.978576
336.461 0.978564
336.707 0.978553
336.953 0.978541
337.199 0.97853
337.445 0.978518
337.691 0.978507
337.937 0.978496
338.183 0.978484
338.429 0.978473
338.675 0.978461
338.921 0.97845
339.167 0.978439
339.413 0.978427
339.659 0.978416
339.905 0.978405
340.151 0.978393
340.397 0.978382
340.643 0.978371
340.889 0.978359
341.135 0.978348
341.381 0.978337
341.627 0.978325
341.873 0.978314
342.119 0.978303
342.366 0.978291
342.612 0.97828
342.858 0.978269
343.104 0.978257
343.35 0.978246
343.596 0.978235
343.842 0.978224
344.088 0.978212
344.334 0.978201
344.581 0.97819
344.827 0.978179
345.073 0.978167
345.319 0.978156
345.565 0.978145
345.811 0.978134
346.058 0.978122
346.304 0.978111
346.55 0.9781
346.796 0.978089
347.042 0.978078
347.288 0.978066
347.535 0.978055
347.781 0.978044
348.027 0.978033
348.273 0.978022
348.519 0.97801
348.766 0.977999
349.012 0.977988
349.258 0.977977
349.504 0.977966
349.751 0.977955
349.997 0.977944
350.243 0.977932
350.489 0.977921
350.736 0.97791
350.982 0.977899
351.228 0.977888
351.474 0.977877
351.721 0.977866
351.967 0.977855
352.213 0.977844
352.46 0.977833
352.706 0.977822
352.952 0.97781
353.199 0.977799
353.445 0.977788
353.691 0.977777
353.937 0.977766
354.184 0.977755
354.43 0.977744
354.676 0.977733
354.923 0.977722
355.169 0.977711
355.416 0.9777
355.662 0.977689
355.908 0.977678
356.155 0.977667
356.401 0.977656
356.647 0.977645
356.894 0.977634
357.14 0.977623
357.387 0.977612
357.633 0.977601
357.879 0.97759
358.126 0.977579
358.372 0.977569
358.619 0.977558
358.865 0.977547
359.111 0.977536
359.358 0.977525
359.604 0.977514
359.851 0.977503
360.097 0.977492
360.344 0.977481
360.59 0.97747
360.837 0.977459
361.083 0.977449
361.33 0.977438
361.576 0.977427
361.823 0.977416
362.069 0.977405
362.316 0.977394
362.562 0.977383
362.809 0.977373
363.055 0.977362
363.302 0.977351
363.548 0.97734
363.795 0.977329
364.041 0.977318
364.288 0.977308
364.534 0.977297
364.781 0.977286
365.027 0.977275
365.274 0.977264
365.52 0.977254
365.767 0.977243
366.013 0.977232
366.26 0.977221
366.507 0.977211
366.753 0.9772
367 0.977189
367.246 0.977178
367.493 0.977168
367.74 0.977157
367.986 0.977146
368.233 0.977136
368.479 0.977125
368.726 0.977114
368.973 0.977103
369.219 0.977093
369.466 0.977082
369.713 0.977071
369.959 0.977061
370.206 0.97705
370.452 0.977039
370.699 0.977029
370.946 0.977018
371.192 0.977007
371.439 0.976997
371.686 0.976986
371.932 0.976975
372.179 0.976965
372.426 0.976954
372.673 0.976944
372.919 0.976933
373.166 0.976922
373.413 0.976912
373.659 0.976901
373.906 0.976891
374.153 0.97688
374.399 0.976869
374.646 0.976859
374.893 0.976848
375.14 0.976838
375.386 0.976827
375.633 0.976817
375.88 0.976806
376.127 0.976796
376.373 0.976785
376.62 0.976775
376.867 0.976764
377.114 0.976753
377.361 0.976743
377.607 0.976732
377.854 0.976722
378.101 0.976711
378.348 0.976701
378.595 0.976691
378.841 0.97668
379.088 0.97667
379.335 0.976659
379.582 0.976649
379.829 0.976638
380.075 0.976628
380.322 0.976617
380.569 0.976607
380.816 0.976596
381.063 0.976586
381.31 0.976576
381.557 0.976565
381.803 0.976555
382.05 0.976544
382.297 0.976534
382.544 0.976524
382.791 0.976513
383.038 0.976503
383.285 0.976492
383.532 0.976482
383.778 0.976472
384.025 0.976461
384.272 0.976451
384.519 0.976441
384.766 0.97643
385.013 0.97642
385.26 0.97641
385.507 0.976399
385.754 0.976389
386.001 0.976379
386.248 0.976368
386.495 0.976358
386.742 0.976348
386.989 0.976338
387.235 0.976327
387.482 0.976317
387.729 0.976307
387.976 0.976296
388.223 0.976286
388.47 0.976276
388.717 0.976266
388.964 0.976255
389.211 0.976245
389.458 0.976235
389.705 0.976225
389.952 0.976215
390.199 0.976204
390.446 0.976194
390.693 0.976184
390.94 0.976174
391.187 0.976163
391.434 0.976153
391.682 0.976143
391.929 0.976133
392.176 0.976123
392.423 0.976113
392.67 0.976102
392.917 0.976092
393.164 0.976082
393.411 0.976072
393.658 0.976062
393.905 0.976052
394.152 0.976042
394.399 0.976031
394.646 0.976021
394.893 0.976011
395.141 0.976001
395.388 0.975991
395.635 0.975981
395.882 0.975971
396.129 0.975961
396.376 0.975951
396.623 0.975941
396.87 0.975931
397.117 0.975921
397.365 0.97591
397.612 0.9759
397.859 0.97589
398.106 0.97588
398.353 0.97587
398.6 0.97586
398.848 0.97585
399.095 0.97584
399.342 0.97583
399.589 0.97582
399.836 0.97581
400.083 0.9758
400.331 0.97579
400.578 0.97578
400.825 0.97577
401.072 0.97576
401.319 0.97575
401.567 0.97574
401.814 0.97573
402.061 0.975721
402.308 0.975711
402.555 0.975701
402.803 0.975691
403.05 0.975681
403.297 0.975671
403.544 0.975661
403.792 0.975651
404.039 0.975641
404.286 0.975631
404.533 0.975621
404.781 0.975611
405.028 0.975602
405.275 0.975592
405.523 0.975582
405.77 0.975572
406.017 0.975562
406.264 0.975552
406.512 0.975542
406.759 0.975533
407.006 0.975523
407.254 0.975513
407.501 0.975503
407.748 0.975493
407.995 0.975483
408.243 0.975474
408.49 0.975464
408.737 0.975454
408.985 0.975444
409.232 0.975434
409.479 0.975425
409.727 0.975415
409.974 0.975405
410.222 0.975395
410.469 0.975386
410.716 0.975376
410.964 0.975366
411.211 0.975356
411.458 0.975347
411.706 0.975337
411.953 0.975327
412.201 0.975317
412.448 0.975308
412.695 0.975298
412.943 0.975288
413.19 0.975279
413.437 0.975269
413.685 0.975259
413.932 0.97525
414.18 0.97524
414.427 0.97523
414.675 0.975221
414.922 0.975211
415.169 0.975201
415.417 0.975192
415.664 0.975182
415.912 0.975172
416.159 0.975163
416.407 0.975153
416.654 0.975144
416.902 0.975134
417.149 0.975124
417.397 0.975115
417.644 0.975105
417.891 0.975096
418.139 0.975086
418.386 0.975076
418.634 0.975067
418.881 0.975057
419.129 0.975048
419.376 0.975038
419.624 0.975029
419.871 0.975019
420.119 0.975009
420.366 0.975
420.614 0.97499
420.862 0.974981
421.109 0.974971
421.357 0.974962
421.604 0.974952
421.852 0.974943
422.099 0.974933
422.347 0.974924
422.594 0.974914
422.842 0.974905
423.089 0.974895
423.337 0.974886
423.585 0.974877
423.832 0.974867
424.08 0.974858
424.327 0.974848
424.575 0.974839
424.822 0.974829
425.07 0.97482
425.318 0.97481
425.565 0.974801
425.813 0.974792
426.06 0.974782
426.308 0.974773
426.556 0.974763
426.803 0.974754
427.051 0.974745
427.298 0.974735
427.546 0.974726
427.794 0.974717
428.041 0.974707
428.289 0.974698
428.537 0.974689
428.784 0.974679
429.032 0.97467
429.28 0.97466
429.527 0.974651
429.775 0.974642
430.023 0.974633
430.27 0.974623
430.518 0.974614
430.766 0.974605
431.013 0.974595
431.261 0.974586
431.509 0.974577
431.756 0.974567
432.004 0.974558
432.252 0.974549
432.499 0.97454
432.747 0.97453
432.995 0.974521
433.243 0.974512
433.49 0.974503
433.738 0.974493
433.986 0.974484
434.233 0.974475
434.481 0.974466
434.729 0.974457
434.977 0.974447
435.224 0.974438
435.472 0.974429
435.72 0.97442
435.968 0.974411
436.215 0.974401
436.463 0.974392
436.711 0.974383
436.959 0.974374
437.206 0.974365
437.454 0.974356
437.702 0.974347
437.95 0.974337
438.198 0.974328
438.445 0.974319
438.693 0.97431
438.941 0.974301
439.189 0.974292
439.436 0.974283
439.684 0.974274
439.932 0.974265
440.18 0.974255
440.428 0.974246
440.676 0.974237
440.923 0.974228
441.171 0.974219
441.419 0.97421
441.667 0.974201
441.915 0.974192
442.163 0.974183
442.41 0.974174
442.658 0.974165
442.906 0.974156
443.154 0.974147
443.402 0.974138
443.65 0.974129
443.898 0.97412
444.145 0.974111
444.393 0.974102
444.641 0.974093
444.889 0.974084
445.137 0.974075
445.385 0.974066
445.633 0.974057
445.881 0.974048
446.128 0.974039
446.376 0.97403
446.624 0.974021
446.872 0.974012
447.12 0.974003
447.368 0.973994
447.616 0.973985
447.864 0.973977
448.112 0.973968
448.36 0.973959
448.608 0.97395
448.856 0.973941
449.104 0.973932
449.351 0.973923
449.599 0.973914
449.847 0.973905
450.095 0.973897
450.343 0.973888
450.591 0.973879
450.839 0.97387
451.087 0.973861
451.335 0.973852
451.583 0.973844
451.831 0.973835
452.079 0.973826
452.327 0.973817
452.575 0.973808
452.823 0.9738
453.071 0.973791
453.319 0.973782
453.567 0.973773
453.815 0.973764
454.063 0.973756
454.311 0.973747
454.559 0.973738
454.807 0.973729
455.055 0.973721
455.303 0.973712
455.551 0.973703
455.799 0.973694
456.047 0.973686
456.295 0.973677
456.543 0.973668
456.791 0.973659
457.039 0.973651
457.287 0.973642
457.535 0.973633
457.783 0.973625
458.031 0.973616
458.28 0.973607
458.528 0.973599
458.776 0.97359
459.024 0.973581
459.272 0.973573
459.52 0.973564
459.768 0.973555
460.016 0.973547
460.264 0.973538
460.512 0.973529
460.76 0.973521
461.008 0.973512
461.257 0.973504
461.505 0.973495
461.753 0.973486
462.001 0.973478
462.249 0.973469
462.497 0.973461
462.745 0.973452
462.993 0.973444
463.241 0.973435
463.49 0.973426
463.738 0.973418
463.986 0.973409
464.234 0.973401
464.482 0.973392
464.73 0.973384
464.978 0.973375
465.227 0.973367
465.475 0.973358
465.723 0.97335
465.971 0.973341
466.219 0.973333
466.467 0.973324
466.715 0.973316
466.964 0.973307
467.212 0.973299
467.46 0.97329
467.708 0.973282
467.956 0.973273
468.205 0.973265
468.453 0.973256
468.701 0.973248
468.949 0.973239
469.197 0.973231
469.446 0.973223
469.694 0.973214
469.942 0.973206
470.19 0.973197
470.438 0.973189
470.687 0.973181
470.935 0.973172
471.183 0.973164
471.431 0.973155
471.679 0.973147
471.928 0.973139
472.176 0.97313
472.424 0.973122
472.672 0.973114
472.921 0.973105
473.169 0.973097
473.417 0.973089
473.665 0.97308
473.914 0.973072
474.162 0.973064
474.41 0.973055
474.658 0.973047
474.907 0.973039
475.155 0.97303
475.403 0.973022
475.652 0.973014
475.9 0.973006
476.148 0.972997
476.396 0.972989
476.645 0.972981
476.893 0.972972
477.141 0.972964
477.39 0.972956
477.638 0.972948
477.886 0.972939
478.134 0.972931
478.383 0.972923
478.631 0.972915
478.879 0.972907
479.128 0.972898
479.376 0.97289
479.624 0.972882
479.873 0.972874
480.121 0.972866
480.369 0.972857
480.618 0.972849
480.866 0.972841
481.114 0.972833
481.363 0.972825
481.611 0.972817
481.859 0.972808
482.108 0.9728
482.356 0.972792
482.604 0.972784
482.853 0.972776
483.101 0.972768
483.35 0.97276
483.598 0.972752
483.846 0.972743
484.095 0.972735
484.343 0.972727
484.591 0.972719
484.84 0.972711
485.088 0.972703
485.337 0.972695
485.585 0.972687
485.833 0.972679
486.082 0.972671
486.33 0.972663
486.579 0.972655
486.827 0.972647
487.075 0.972639
487.324 0.972631
487.572 0.972623
487.821 0.972615
488.069 0.972607
488.318 0.972599
488.566 0.972591
488.814 0.972583
489.063 0.972575
489.311 0.972567
489.56 0.972559
489.808 0.972551
490.057 0.972543
490.305 0.972535
490.553 0.972527
490.802 0.972519
491.05 0.972511
491.299 0.972503
491.547 0.972495
491.796 0.972487
492.044 0.972479
492.293 0.972471
492.541 0.972463
492.79 0.972456
493.038 0.972448
493.287 0.97244
493.535 0.972432
493.783 0.972424
494.032 0.972416
494.28 0.972408
494.529 0.9724
494.777 0.972393
495.026 0.972385
495.274 0.972377
495.523 0.972369
495.771 0.972361
496.02 0.972353
496.268 0.972345
496.517 0.972338
496.765 0.97233
497.014 0.972322
497.262 0.972314
497.511 0.972306
497.76 0.972299
498.008 0.972291
498.257 0.972283
498.505 0.972275
498.754 0.972268
499.002 0.97226
499.251 0.972252
499.499 0.972244
499.748 0.972237
499.996 0.972229
500.245 0.972221
500.493 0.972213
500.742 0.972206
500.991 0.972198
501.239 0.97219
501.488 0.972182
501.736 0.972175
501.985 0.972167
502.233 0.972159
502.482 0.972152
502.731 0.972144
502.979 0.972136
503.228 0.972129
503.476 0.972121
503.725 0.972113
503.973 0.972106
504.222 0.972098
504.471 0.97209
504.719 0.972083
504.968 0.972075
505.216 0.972068
505.465 0.97206
505.714 0.972052
505.962 0.972045
506.211 0.972037
506.459 0.97203
506.708 0.972022
506.957 0.972014
507.205 0.972007
507.454 0.971999
507.703 0.971992
507.951 0.971984
508.2 0.971977
508.448 0.971969
508.697 0.971961
508.946 0.971954
509.194 0.971946
509.443 0.971939
509.692 0.971931
509.94 0.971924
510.189 0.971916
510.438 0.971909
510.686 0.971901
510.935 0.971894
511.183 0.971886
511.432 0.971879
511.681 0.971871
511.929 0.971864
512.178 0.971856
512.427 0.971849
512.675 0.971841
512.924 0.971834
513.173 0.971827
513.421 0.971819
513.67 0.971812
513.919 0.971804
514.168 0.971797
514.416 0.971789
514.665 0.971782
514.914 0.971775
515.162 0.971767
515.411 0.97176
515.66 0.971752
515.908 0.971745
516.157 0.971738
516.406 0.97173
516.655 0.971723
516.903 0.971716
517.152 0.971708
517.401 0.971701
517.649 0.971694
517.898 0.971686
518.147 0.971679
518.396 0.971672
518.644 0.971664
518.893 0.971657
519.142 0.97165
519.39 0.971642
519.639 0.971635
519.888 0.971628
520.137 0.97162
520.385 0.971613
520.634 0.971606
520.883 0.971599
521.132 0.971591
521.38 0.971584
521.629 0.971577
521.878 0.971569
522.127 0.971562
522.375 0.971555
522.624 0.971548
522.873 0.971541
523.122 0.971533
523.37 0.971526
523.619 0.971519
523.868 0.971512
524.117 0.971504
524.366 0.971497
524.614 0.97149
524.863 0.971483
525.112 0.971476
525.361 0.971469
525.609 0.971461
525.858 0.971454
526.107 0.971447
526.356 0.97144
526.605 0.971433
526.853 0.971426
527.102 0.971419
527.351 0.971411
527.6 0.971404
527.849 0.971397
528.097 0.97139
528.346 0.971383
528.595 0.971376
528.844 0.971369
529.093 0.971362
529.341 0.971355
529.59 0.971348
529.839 0.97134
530.088 0.971333
530.337 0.971326
530.586 0.971319
530.834 0.971312
531.083 0.971305
531.332 0.971298
531.581 0.971291
531.83 0.971284
532.079 0.971277
532.327 0.97127
532.576 0.971263
532.825 0.971256
533.074 0.971249
533.323 0.971242
533.572 0.971235
533.821 0.971228
534.069 0.971221
534.318 0.971214
534.567 0.971207
534.816 0.9712
535.065 0.971193
535.314 0.971186
535.563 0.971179
535.811 0.971172
536.06 0.971165
536.309 0.971159
536.558 0.971152
536.807 0.971145
537.056 0.971138
537.305 0.971131
537.554 0.971124
537.802 0.971117
538.051 0.97111
538.3 0.971103
538.549 0.971096
538.798 0.97109
539.047 0.971083
539.296 0.971076
539.545 0.971069
539.794 0.971062
540.042 0.971055
540.291 0.971048
540.54 0.971042
540.789 0.971035
541.038 0.971028
541.287 0.971021
541.536 0.971014
541.785 0.971008
542.034 0.971001
542.283 0.970994
542.532 0.970987
542.781 0.97098
543.029 0.970974
543.278 0.970967
543.527 0.97096
543.776 0.970953
544.025 0.970947
544.274 0.97094
544.523 0.970933
544.772 0.970926
545.021 0.97092
545.27 0.970913
545.519 0.970906
545.768 0.970899
546.017 0.970893
546.266 0.970886
546.515 0.970879
546.763 0.970873
547.012 0.970866
547.261 0.970859
547.51 0.970853
547.759 0.970846
548.008 0.970839
548.257 0.970833
548.506 0.970826
548.755 0.970819
549.004 0.970813
549.253 0.970806
549.502 0.970799
549.751 0.970793
550 0.970786
550.249 0.970779
550.498 0.970773
550.747 0.970766
550.996 0.97076
551.245 0.970753
551.494 0.970746
551.743 0.97074
551.992 0.970733
552.241 0.970727
552.49 0.97072
552.739 0.970714
552.988 0.970707
553.237 0.9707
553.486 0.970694
553.735 0.970687
553.984 0.970681
554.233 0.970674
554.482 0.970668
554.731 0.970661
554.98 0.970655
555.229 0.970648
555.478 0.970642
555.727 0.970635
555.976 0.970629
556.225 0.970622
556.474 0.970616
556.723 0.970609
556.972 0.970603
557.221 0.970596
557.47 0.97059
557.719 0.970584
557.968 0.970577
558.217 0.970571
558.466 0.970564
558.715 0.970558
558.964 0.970551
559.213 0.970545
559.462 0.970539
559.711 0.970532
559.96 0.970526
560.209 0.970519
560.458 0.970513
560.707 0.970507
560.956 0.9705
561.205 0.970494
561.454 0.970487
561.704 0.970481
561.953 0.970475
562.202 0.970468
562.451 0.970462
562.7 0.970456
562.949 0.970449
563.198 0.970443
563.447 0.970437
563.696 0.97043
563.945 0.970424
564.194 0.970418
564.443 0.970411
564.692 0.970405
564.941 0.970399
565.19 0.970393
565.439 0.970386
565.689 0.97038
565.938 0.970374
566.187 0.970368
566.436 0.970361
566.685 0.970355
566.934 0.970349
567.183 0.970343
567.432 0.970336
567.681 0.97033
567.93 0.970324
568.179 0.970318
568.428 0.970311
568.677 0.970305
568.927 0.970299
569.176 0.970293
569.425 0.970287
569.674 0.97028
569.923 0.970274
570.172 0.970268
570.421 0.970262
570.67 0.970256
570.919 0.97025
571.168 0.970243
571.418 0.970237
571.667 0.970231
571.916 0.970225
572.165 0.970219
572.414 0.970213
572.663 0.970207
572.912 0.970201
573.161 0.970194
573.41 0.970188
573.66 0.970182
573.909 0.970176
574.158 0.97017
574.407 0.970164
574.656 0.970158
574.905 0.970152
575.154 0.970146
575.403 0.97014
575.652 0.970134
575.902 0.970128
576.151 0.970122
576.4 0.970116
576.649 0.97011
576.898 0.970104
577.147 0.970098
577.396 0.970092
577.646 0.970086
577.895 0.97008
578.144 0.970074
578.393 0.970068
578.642 0.970062
578.891 0.970056
579.14 0.97005
579.39 0.970044
579.639 0.970038
579.888 0.970032
580.137 0.970026
580.386 0.97002
580.635 0.970014
580.884 0.970008
581.134 0.970002
581.383 0.969996
581.632 0.96999
581.881 0.969984
582.13 0.969978
582.379 0.969972
582.628 0.969967
582.878 0.969961
583.127 0.969955
583.376 0.969949
583.625 0.969943
583.874 0.969937
584.123 0.969931
584.373 0.969925
584.622 0.96992
584.871 0.969914
585.12 0.969908
585.369 0.969902
585.618 0.969896
585.868 0.96989
586.117 0.969885
586.366 0.969879
586.615 0.969873
586.864 0.969867
587.114 0.969861
587.363 0.969856
587.612 0.96985
587.861 0.969844
588.11 0.969838
588.359 0.969832
588.609 0.969827
588.858 0.969821
589.107 0.969815
589.356 0.969809
589.605 0.969804
589.855 0.969798
590.104 0.969792
590.353 0.969787
590.602 0.969781
590.851 0.969775
591.101 0.969769
591.35 0.969764
591.599 0.969758
591.848 0.969752
592.097 0.969747
592.347 0.969741
592.596 0.969735
592.845 0.96973
593.094 0.969724
593.343 0.969718
593.593 0.969713
593.842 0.969707
594.091 0.969701
594.34 0.969696
594.589 0.96969
594.839 0.969684
595.088 0.969679
595.337 0.969673
595.586 0.969668
595.835 0.969662
596.085 0.969656
596.334 0.969651
596.583 0.969645
596.832 0.96964
597.082 0.969634
597.331 0.969628
597.58 0.969623
597.829 0.969617
598.078 0.969612
598.328 0.969606
598.577 0.969601
598.826 0.969595
599.075 0.96959
599.325 0.969584
599.574 0.969579
599.823 0.969573
600.072 0.969568
600.321 0.969562
600.571 0.969557
600.82 0.969551
601.069 0.969546
601.318 0.96954
601.568 0.969535
601.817 0.969529
602.066 0.969524
602.315 0.969518
602.565 0.969513
602.814 0.969507
603.063 0.969502
603.312 0.969496
603.562 0.969491
603.811 0.969486
604.06 0.96948
604.309 0.969475
604.558 0.969469
604.808 0.969464
605.057 0.969459
605.306 0.969453
605.555 0.969448
605.805 0.969442
606.054 0.969437
606.303 0.969432
606.552 0.969426
606.802 0.969421
607.051 0.969416
607.3 0.96941
607.549 0.969405
607.799 0.9694
608.048 0.969394
608.297 0.969389
608.546 0.969384
608.796 0.969378
609.045 0.969373
609.294 0.969368
609.544 0.969362
609.793 0.969357
610.042 0.969352
610.291 0.969346
610.541 0.969341
610.79 0.969336
611.039 0.969331
611.288 0.969325
611.538 0.96932
611.787 0.969315
612.036 0.96931
612.285 0.969304
612.535 0.969299
612.784 0.969294
613.033 0.969289
613.282 0.969284
613.532 0.969278
613.781 0.969273
614.03 0.969268
614.28 0.969263
614.529 0.969258
614.778 0.969252
615.027 0.969247
615.277 0.969242
615.526 0.969237
615.775 0.969232
616.024 0.969227
616.274 0.969221
616.523 0.969216
616.772 0.969211
617.022 0.969206
617.271 0.969201
617.52 0.969196
617.769 0.969191
618.019 0.969185
618.268 0.96918
618.517 0.969175
618.767 0.96917
619.016 0.969165
619.265 0.96916
619.514 0.969155
619.764 0.96915
620.013 0.969145
620.262 0.96914
620.512 0.969135
620.761 0.96913
621.01 0.969125
621.259 0.96912
621.509 0.969115
621.758 0.969109
622.007 0.969104
622.257 0.969099
622.506 0.969094
622.755 0.969089
623.004 0.969084
623.254 0.969079
623.503 0.969074
623.752 0.969069
624.002 0.969064
624.251 0.96906
624.5 0.969055
624.749 0.96905
624.999 0.969045
625.248 0.96904
625.497 0.969035
625.747 0.96903
625.996 0.969025
626.245 0.96902
626.495 0.969015
626.744 0.96901
626.993 0.969005
627.242 0.969
627.492 0.968995
627.741 0.96899
627.99 0.968986
628.24 0.968981
628.489 0.968976
628.738 0.968971
628.987 0.968966
629.237 0.968961
629.486 0.968956
629.735 0.968951
629.985 0.968947
630.234 0.968942
630.483 0.968937
630.733 0.968932
630.982 0.968927
631.231 0.968922
631.481 0.968918
631.73 0.968913
631.979 0.968908
632.228 0.968903
632.478 0.968898
632.727 0.968894
632.976 0.968889
633.226 0.968884
633.475 0.968879
633.724 0.968875
633.974 0.96887
634.223 0.968865
634.472 0.96886
634.721 0.968856
634.971 0.968851
635.22 0.968846
635.469 0.968841
635.719 0.968837
635.968 0.968832
636.217 0.968827
636.467 0.968823
636.716 0.968818
636.965 0.968813
637.215 0.968808
637.464 0.968804
637.713 0.968799
637.962 0.968794
638.212 0.96879
638.461 0.968785
638.71 0.96878
638.96 0.968776
639.209 0.968771
639.458 0.968767
639.708 0.968762
639.957 0.968757
640.206 0.968753
640.456 0.968748
640.705 0.968743
640.954 0.968739
641.204 0.968734
641.453 0.96873
641.702 0.968725
641.951 0.96872
642.201 0.968716
642.45 0.968711
642.699 0.968707
642.949 0.968702
643.198 0.968698
643.447 0.968693
643.697 0.968689
643.946 0.968684
644.195 0.96868
644.445 0.968675
644.694 0.96867
644.943 0.968666
645.193 0.968661
645.442 0.968657
645.691 0.968652
645.941 0.968648
646.19 0.968643
646.439 0.968639
646.688 0.968634
646.938 0.96863
647.187 0.968626
647.436 0.968621
647.686 0.968617
647.935 0.968612
648.184 0.968608
648.434 0.968603
648.683 0.968599
648.932 0.968594
649.182 0.96859
649.431 0.968586
649.68 0.968581
649.93 0.968577
650.179 0.968572
650.428 0.968568
650.677 0.968564
650.927 0.968559
651.176 0.968555
651.425 0.96855
651.675 0.968546
651.924 0.968542
652.173 0.968537
652.423 0.968533
652.672 0.968529
652.921 0.968524
653.171 0.96852
653.42 0.968516
653.669 0.968511
653.919 0.968507
654.168 0.968503
654.417 0.968498
654.667 0.968494
654.916 0.96849
655.165 0.968486
655.414 0.968481
655.664 0.968477
655.913 0.968473
656.162 0.968468
656.412 0.968464
656.661 0.96846
656.91 0.968456
657.16 0.968451
657.409 0.968447
657.658 0.968443
657.908 0.968439
658.157 0.968434
658.406 0.96843
658.656 0.968426
658.905 0.968422
659.154 0.968418
659.404 0.968413
659.653 0.968409
659.902 0.968405
660.151 0.968401
660.401 0.968397
660.65 0.968393
660.899 0.968388
661.149 0.968384
661.398 0.96838
661.647 0.968376
661.897 0.968372
662.146 0.968368
662.395 0.968363
662.645 0.968359
662.894 0.968355
663.143 0.968351
663.392 0.968347
663.642 0.968343
663.891 0.968339
664.14 0.968335
664.39 0.968331
664.639 0.968327
664.888 0.968322
665.138 0.968318
665.387 0.968314
665.636 0.96831
665.886 0.968306
666.135 0.968302
666.384 0.968298
666.634 0.968294
666.883 0.96829
667.132 0.968286
667.381 0.968282
667.631 0.968278
667.88 0.968274
668.129 0.96827
668.379 0.968266
668.628 0.968262
668.877 0.968258
669.127 0.968254
669.376 0.96825
669.625 0.968246
669.874 0.968242
670.124 0.968238
670.373 0.968234
670.622 0.96823
670.872 0.968226
671.121 0.968222
671.37 0.968218
671.62 0.968214
671.869 0.968211
672.118 0.968207
672.367 0.968203
672.617 0.968199
672.866 0.968195
673.115 0.968191
673.365 0.968187
673.614 0.968183
673.863 0.968179
674.113 0.968175
674.362 0.968172
674.611 0.968168
674.86 0.968164
675.11 0.96816
675.359 0.968156
675.608 0.968152
675.858 0.968149
676.107 0.968145
676.356 0.968141
676.606 0.968137
676.855 0.968133
677.104 0.968129
677.353 0.968126
677.603 0.968122
677.852 0.968118
678.101 0.968114
678.351 0.96811
678.6 0.968107
678.849 0.968103
679.098 0.968099
679.348 0.968095
679.597 0.968092
679.846 0.968088
680.096 0.968084
680.345 0.96808
680.594 0.968077
680.843 0.968073
681.093 0.968069
681.342 0.968066
681.591 0.968062
681.841 0.968058
682.09 0.968054
682.339 0.968051
682.588 0.968047
682.838 0.968043
683.087 0.96804
683.336 0.968036
683.586 0.968032
683.835 0.968029
684.084 0.968025
684.333 0.968021
684.583 0.968018
684.832 0.968014
685.081 0.96801
685.33 0.968007
685.58 0.968003
685.829 0.968
686.078 0.967996
686.328 0.967992
686.577 0.967989
686.826 0.967985
687.075 0.967982
687.325 0.967978
687.574 0.967974
687.823 0.967971
688.072 0.967967
688.322 0.967964
688.571 0.96796
688.82 0.967957
689.07 0.967953
689.319 0.96795
689.568 0.967946
689.817 0.967943
690.067 0.967939
690.316 0.967935
690.565 0.967932
690.814 0.967928
691.064 0.967925
691.313 0.967921
691.562 0.967918
691.811 0.967914
692.061 0.967911
692.31 0.967908
692.559 0.967904
692.808 0.967901
693.058 0.967897
693.307 0.967894
693.556 0.96789
693.805 0.967887
694.055 0.967883
694.304 0.96788
694.553 0.967877
694.802 0.967873
695.052 0.96787
695.301 0.967866
695.55 0.967863
695.799 0.967859
696.049 0.967856
696.298 0.967853
696.547 0.967849
696.796 0.967846
697.046 0.967843
697.295 0.967839
697.544 0.967836
697.793 0.967833
698.043 0.967829
698.292 0.967826
698.541 0.967822
698.79 0.967819
699.04 0.967816
699.289 0.967812
699.538 0.967809
699.787 0.967806
700.037 0.967803
700.286 0.967799
700.535 0.967796
700.784 0.967793
701.033 0.967789
701.283 0.967786
701.532 0.967783
701.781 0.96778
702.03 0.967776
702.28 0.967773
702.529 0.96777
702.778 0.967767
703.027 0.967763
703.276 0.96776
703.526 0.967757
703.775 0.967754
704.024 0.96775
704.273 0.967747
704.523 0.967744
704.772 0.967741
705.021 0.967738
705.27 0.967734
705.519 0.967731
705.769 0.967728
706.018 0.967725
706.267 0.967722
706.516 0.967719
706.765 0.967715
707.015 0.967712
707.264 0.967709
707.513 0.967706
707.762 0.967703
708.011 0.9677
708.261 0.967697
708.51 0.967693
708.759 0.96769
709.008 0.967687
709.258 0.967684
709.507 0.967681
709.756 0.967678
710.005 0.967675
710.254 0.967672
710.503 0.967669
710.753 0.967666
711.002 0.967663
711.251 0.96766
711.5 0.967656
711.749 0.967653
711.999 0.96765
712.248 0.967647
712.497 0.967644
712.746 0.967641
712.995 0.967638
713.245 0.967635
713.494 0.967632
713.743 0.967629
713.992 0.967626
714.241 0.967623
714.49 0.96762
714.74 0.967617
714.989 0.967614
715.238 0.967611
715.487 0.967608
715.736 0.967605
715.986 0.967602
716.235 0.9676
716.484 0.967597
716.733 0.967594
716.982 0.967591
717.231 0.967588
717.481 0.967585
717.73 0.967582
717.979 0.967579
718.228 0.967576
718.477 0.967573
718.726 0.96757
718.975 0.967567
719.225 0.967565
719.474 0.967562
719.723 0.967559
719.972 0.967556
720.221 0.967553
720.47 0.96755
720.72 0.967547
720.969 0.967545
721.218 0.967542
721.467 0.967539
721.716 0.967536
721.965 0.967533
722.214 0.96753
722.464 0.967528
722.713 0.967525
722.962 0.967522
723.211 0.967519
723.46 0.967516
723.709 0.967514
723.958 0.967511
724.208 0.967508
724.457 0.967505
724.706 0.967503
724.955 0.9675
725.204 0.967497
725.453 0.967494
725.702 0.967492
725.951 0.967489
726.201 0.967486
726.45 0.967483
726.699 0.967481
726.948 0.967478
727.197 0.967475
727.446 0.967472
727.695 0.96747
727.944 0.967467
728.193 0.967464
728.443 0.967462
728.692 0.967459
728.941 0.967456
729.19 0.967454
729.439 0.967451
729.688 0.967448
729.937 0.967446
730.186 0.967443
730.435 0.96744
730.685 0.967438
730.934 0.967435
731.183 0.967433
731.432 0.96743
731.681 0.967427
731.93 0.967425
732.179 0.967422
732.428 0.96742
732.677 0.967417
732.926 0.967414
733.175 0.967412
733.425 0.967409
733.674 0.967407
733.923 0.967404
734.172 0.967402
734.421 0.967399
734.67 0.967396
734.919 0.967394
735.168 0.967391
735.417 0.967389
735.666 0.967386
735.915 0.967384
736.164 0.967381
736.413 0.967379
736.662 0.967376
736.912 0.967374
737.161 0.967371
737.41 0.967369
737.659 0.967366
737.908 0.967364
738.157 0.967361
738.406 0.967359
738.655 0.967356
738.904 0.967354
739.153 0.967352
739.402 0.967349
739.651 0.967347
739.9 0.967344
740.149 0.967342
740.398 0.967339
740.647 0.967337
740.896 0.967335
741.145 0.967332
741.394 0.96733
741.643 0.967327
741.893 0.967325
742.142 0.967323
742.391 0.96732
742.64 0.967318
742.889 0.967315
743.138 0.967313
743.387 0.967311
743.636 0.967308
743.885 0.967306
744.134 0.967304
744.383 0.967301
744.632 0.967299
744.881 0.967297
745.13 0.967294
745.379 0.967292
745.628 0.96729
745.877 0.967287
746.126 0.967285
746.375 0.967283
746.624 0.967281
746.873 0.967278
747.122 0.967276
747.371 0.967274
747.62 0.967272
747.869 0.967269
748.118 0.967267
748.367 0.967265
748.616 0.967263
748.865 0.96726
749.114 0.967258
749.363 0.967256
749.612 0.967254
749.861 0.967251
750.11 0.967249
750.359 0.967247
750.608 0.967245
750.857 0.967243
751.106 0.96724
751.355 0.967238
751.604 0.967236
751.853 0.967234
752.102 0.967232
752.351 0.96723
752.599 0.967227
752.848 0.967225
753.097 0.967223
753.346 0.967221
753.595 0.967219
753.844 0.967217
754.093 0.967215
754.342 0.967212
754.591 0.96721
754.84 0.967208
755.089 0.967206
755.338 0.967204
755.587 0.967202
755.836 0.9672
756.085 0.967198
756.334 0.967196
756.583 0.967194
756.832 0.967192
757.081 0.96719
757.329 0.967188
757.578 0.967185
757.827 0.967183
758.076 0.967181
758.325 0.967179
758.574 0.967177
758.823 0.967175
759.072 0.967173
759.321 0.967171
759.57 0.967169
759.819 0.967167
760.068 0.967165
760.317 0.967163
760.565 0.967161
760.814 0.967159
761.063 0.967157
761.312 0.967155
761.561 0.967153
761.81 0.967152
762.059 0.96715
762.308 0.967148
762.557 0.967146
762.806 0.967144
763.054 0.967142
763.303 0.96714
763.552 0.967138
763.801 0.967136
764.05 0.967134
764.299 0.967132
764.548 0.96713
764.797 0.967129
765.045 0.967127
765.294 0.967125
765.543 0.967123
765.792 0.967121
766.041 0.967119
766.29 0.967117
766.539 0.967115
766.787 0.967114
767.036 0.967112
767.285 0.96711
767.534 0.967108
767.783 0.967106
768.032 0.967104
768.281 0.967103
768.529 0.967101
768.778 0.967099
769.027 0.967097
769.276 0.967095
769.525 0.967094
769.774 0.967092
770.022 0.96709
770.271 0.967088
770.52 0.967087
770.769 0.967085
771.018 0.967083
771.267 0.967081
771.515 0.96708
771.764 0.967078
772.013 0.967076
772.262 0.967074
772.511 0.967073
772.76 0.967071
773.008 0.967069
773.257 0.967068
773.506 0.967066
773.755 0.967064
774.004 0.967062
774.252 0.967061
774.501 0.967059
774.75 0.967057
774.999 0.967056
775.248 0.967054
775.496 0.967052
775.745 0.967051
775.994 0.967049
776.243 0.967047
776.491 0.967046
776.74 0.967044
776.989 0.967043
777.238 0.967041
777.487 0.967039
777.735 0.967038
777.984 0.967036
778.233 0.967035
778.482 0.967033
778.73 0.967031
778.979 0.96703
779.228 0.967028
779.477 0.967027
779.725 0.967025
779.974 0.967024
780.223 0.967022
780.472 0.96702
780.72 0.967019
780.969 0.967017
781.218 0.967016
781.467 0.967014
781.715 0.967013
781.964 0.967011
782.213 0.96701
782.462 0.967008
782.71 0.967007
782.959 0.967005
783.208 0.967004
783.456 0.967002
783.705 0.967001
783.954 0.966999
784.203 0.966998
784.451 0.966996
784.7 0.966995
784.949 0.966994
785.197 0.966992
785.446 0.966991
785.695 0.966989
785.944 0.966988
786.192 0.966986
786.441 0.966985
786.69 0.966984
786.938 0.966982
787.187 0.966981
787.436 0.966979
787.684 0.966978
787.933 0.966977
788.182 0.966975
788.43 0.966974
788.679 0.966972
788.928 0.966971
789.176 0.96697
789.425 0.966968
789.674 0.966967
789.922 0.966966
790.171 0.966964
790.42 0.966963
790.668 0.966962
790.917 0.96696
791.166 0.966959
791.414 0.966958
791.663 0.966956
791.912 0.966955
792.16 0.966954
792.409 0.966953
792.658 0.966951
792.906 0.96695
793.155 0.966949
793.403 0.966947
793.652 0.966946
793.901 0.966945
794.149 0.966944
794.398 0.966942
794.647 0.966941
794.895 0.96694
795.144 0.966939
795.392 0.966937
795.641 0.966936
795.89 0.966935
796.138 0.966934
796.387 0.966933
796.635 0.966931
796.884 0.96693
797.133 0.966929
797.381 0.966928
797.63 0.966927
797.878 0.966926
798.127 0.966924
798.375 0.966923
798.624 0.966922
798.873 0.966921
799.121 0.96692
799.37 0.966919
799.618 0.966918
799.867 0.966916
800.115 0.966915
800.364 0.966914
800.613 0.966913
800.861 0.966912
801.11 0.966911
801.358 0.96691
801.607 0.966909
801.855 0.966908
802.104 0.966907
802.352 0.966905
802.601 0.966904
802.849 0.966903
803.098 0.966902
803.347 0.966901
803.595 0.9669
803.844 0.966899
804.092 0.966898
804.341 0.966897
804.589 0.966896
804.838 0.966895
