645.824 0.945711
645.834 0.945715
645.843 0.945718
645.853 0.945721
645.863 0.945725
645.873 0.945728
645.883 0.945731
645.893 0.945734
645.902 0.945738
645.912 0.945741
645.922 0.945744
645.932 0.945748
645.941 0.945751
645.951 0.945754
645.961 0.945757
645.971 0.945761
645.98 0.945764
645.99 0.945767
646 0.94577
646.009 0.945774
646.019 0.945777
646.029 0.94578
646.038 0.945783
646.048 0.945787
646.057 0.94579
646.067 0.945793
646.077 0.945796
646.086 0.945799
646.096 0.945803
646.105 0.945806
646.115 0.945809
646.124 0.945812
646.134 0.945815
646.143 0.945819
646.153 0.945822
646.162 0.945825
646.172 0.945828
646.181 0.945831
646.191 0.945835
646.2 0.945838
646.21 0.945841
646.219 0.945844
646.229 0.945847
646.238 0.94585
646.247 0.945854
646.257 0.945857
646.266 0.94586
646.275 0.945863
646.285 0.945866
646.294 0.945869
646.303 0.945872
646.313 0.945875
646.322 0.945879
646.331 0.945882
646.341 0.945885
646.35 0.945888
646.359 0.945891
646.368 0.945894
646.378 0.945897
646.387 0.9459
646.396 0.945903
646.405 0.945906
646.414 0.945909
646.424 0.945913
646.433 0.945916
646.442 0.945919
646.451 0.945922
646.46 0.945925
646.469 0.945928
646.478 0.945931
646.488 0.945934
646.497 0.945937
646.506 0.94594
646.515 0.945943
646.524 0.945946
646.533 0.945949
646.542 0.945952
646.551 0.945955
646.56 0.945958
646.569 0.945961
646.578 0.945964
646.587 0.945967
646.596 0.94597
646.605 0.945973
646.614 0.945976
646.623 0.945979
646.632 0.945982
646.64 0.945985
646.649 0.945988
646.658 0.945991
646.667 0.945994
646.676 0.945997
646.685 0.946
646.694 0.946003
646.703 0.946006
646.711 0.946009
646.72 0.946012
646.729 0.946015
646.738 0.946018
646.747 0.94602
646.755 0.946023
646.764 0.946026
646.773 0.946029
646.781 0.946032
646.79 0.946035
646.799 0.946038
646.808 0.946041
646.816 0.946044
646.825 0.946047
646.834 0.94605
646.842 0.946052
646.851 0.946055
646.86 0.946058
646.868 0.946061
646.877 0.946064
646.885 0.946067
646.894 0.94607
646.903 0.946073
646.911 0.946075
646.92 0.946078
646.928 0.946081
646.937 0.946084
646.945 0.946087
646.954 0.94609
646.962 0.946092
646.971 0.946095
646.979 0.946098
646.988 0.946101
646.996 0.946104
647.004 0.946107
647.013 0.946109
647.021 0.946112
647.03 0.946115
647.038 0.946118
647.046 0.946121
647.055 0.946123
647.063 0.946126
647.072 0.946129
647.08 0.946132
647.088 0.946134
647.097 0.946137
647.105 0.94614
647.113 0.946143
647.121 0.946145
647.13 0.946148
647.138 0.946151
647.146 0.946154
647.154 0.946156
647.163 0.946159
647.171 0.946162
647.179 0.946165
647.187 0.946167
647.195 0.94617
647.204 0.946173
647.212 0.946176
647.22 0.946178
647.228 0.946181
647.236 0.946184
647.244 0.946186
647.252 0.946189
647.26 0.946192
647.268 0.946194
647.276 0.946197
647.285 0.9462
647.293 0.946202
647.301 0.946205
647.309 0.946208
647.317 0.94621
647.325 0.946213
647.333 0.946216
647.341 0.946218
647.349 0.946221
647.356 0.946224
647.364 0.946226
647.372 0.946229
647.38 0.946232
647.388 0.946234
647.396 0.946237
647.404 0.946239
647.412 0.946242
647.42 0.946245
647.427 0.946247
647.435 0.94625
647.443 0.946252
647.451 0.946255
647.459 0.946258
647.467 0.94626
647.474 0.946263
647.482 0.946265
647.49 0.946268
647.498 0.946271
647.505 0.946273
647.513 0.946276
647.521 0.946278
647.528 0.946281
647.536 0.946283
647.544 0.946286
647.551 0.946288
647.559 0.946291
647.567 0.946293
647.574 0.946296
647.582 0.946299
647.59 0.946301
647.597 0.946304
647.605 0.946306
647.612 0.946309
647.62 0.946311
647.627 0.946314
647.635 0.946316
647.643 0.946319
647.65 0.946321
647.658 0.946324
647.665 0.946326
647.672 0.946329
647.68 0.946331
647.687 0.946333
647.695 0.946336
647.702 0.946338
647.71 0.946341
647.717 0.946343
647.725 0.946346
647.732 0.946348
647.739 0.946351
647.747 0.946353
647.754 0.946356
647.761 0.946358
647.769 0.94636
647.776 0.946363
647.783 0.946365
647.791 0.946368
647.798 0.94637
647.805 0.946372
647.812 0.946375
647.82 0.946377
647.827 0.94638
647.834 0.946382
647.841 0.946384
647.849 0.946387
647.856 0.946389
647.863 0.946392
647.87 0.946394
647.877 0.946396
647.884 0.946399
647.892 0.946401
647.899 0.946403
647.906 0.946406
647.913 0.946408
647.92 0.94641
647.927 0.946413
647.934 0.946415
647.941 0.946417
647.948 0.94642
647.955 0.946422
647.962 0.946424
647.969 0.946427
647.976 0.946429
647.983 0.946431
647.99 0.946434
647.997 0.946436
648.004 0.946438
648.011 0.946441
648.018 0.946443
648.025 0.946445
648.032 0.946447
648.039 0.94645
648.046 0.946452
648.052 0.946454
648.059 0.946457
648.066 0.946459
648.073 0.946461
648.08 0.946463
648.087 0.946466
648.093 0.946468
648.1 0.94647
648.107 0.946472
648.114 0.946475
648.121 0.946477
648.127 0.946479
648.134 0.946481
648.141 0.946483
648.147 0.946486
648.154 0.946488
648.161 0.94649
648.167 0.946492
648.174 0.946494
648.181 0.946497
648.187 0.946499
648.194 0.946501
648.201 0.946503
648.207 0.946505
648.214 0.946508
648.22 0.94651
648.227 0.946512
648.234 0.946514
648.24 0.946516
648.247 0.946518
648.253 0.946521
648.26 0.946523
648.266 0.946525
648.273 0.946527
648.279 0.946529
648.286 0.946531
648.292 0.946533
648.298 0.946536
648.305 0.946538
648.311 0.94654
648.318 0.946542
648.324 0.946544
648.331 0.946546
648.337 0.946548
648.343 0.94655
648.35 0.946552
648.356 0.946554
648.362 0.946557
648.369 0.946559
648.375 0.946561
648.381 0.946563
648.387 0.946565
648.394 0.946567
648.4 0.946569
648.406 0.946571
648.412 0.946573
648.419 0.946575
648.425 0.946577
648.431 0.946579
648.437 0.946581
648.443 0.946583
648.45 0.946585
648.456 0.946587
648.462 0.946589
648.468 0.946591
648.474 0.946593
648.48 0.946595
648.486 0.946597
648.492 0.946599
648.498 0.946601
648.505 0.946603
648.511 0.946605
648.517 0.946607
648.523 0.946609
648.529 0.946611
648.535 0.946613
648.541 0.946615
648.547 0.946617
648.553 0.946619
648.559 0.946621
648.564 0.946623
648.57 0.946625
648.576 0.946627
648.582 0.946629
648.588 0.946631
648.594 0.946633
648.6 0.946635
648.606 0.946637
648.612 0.946639
648.617 0.946641
648.623 0.946643
648.629 0.946644
648.635 0.946646
648.641 0.946648
648.646 0.94665
648.652 0.946652
648.658 0.946654
648.664 0.946656
648.669 0.946658
648.675 0.94666
648.681 0.946661
648.687 0.946663
648.692 0.946665
648.698 0.946667
648.704 0.946669
648.709 0.946671
648.715 0.946673
648.72 0.946675
648.726 0.946676
648.732 0.946678
648.737 0.94668
648.743 0.946682
648.748 0.946684
648.754 0.946686
648.76 0.946687
648.765 0.946689
648.771 0.946691
648.776 0.946693
648.782 0.946695
648.787 0.946696
648.793 0.946698
648.798 0.9467
648.803 0.946702
648.809 0.946704
648.814 0.946705
648.82 0.946707
648.825 0.946709
648.831 0.946711
648.836 0.946712
648.841 0.946714
648.847 0.946716
648.852 0.946718
648.857 0.946719
648.863 0.946721
648.868 0.946723
648.873 0.946725
648.879 0.946726
648.884 0.946728
648.889 0.94673
648.894 0.946732
648.9 0.946733
648.905 0.946735
648.91 0.946737
648.915 0.946738
648.92 0.94674
648.926 0.946742
648.931 0.946744
648.936 0.946745
648.941 0.946747
648.946 0.946749
648.951 0.94675
648.956 0.946752
648.962 0.946754
648.967 0.946755
648.972 0.946757
648.977 0.946759
648.982 0.94676
648.987 0.946762
648.992 0.946764
648.997 0.946765
649.002 0.946767
649.007 0.946769
649.012 0.94677
649.017 0.946772
649.022 0.946773
649.027 0.946775
649.032 0.946777
649.037 0.946778
649.042 0.94678
649.046 0.946782
649.051 0.946783
649.056 0.946785
649.061 0.946786
649.066 0.946788
649.071 0.94679
649.076 0.946791
649.08 0.946793
649.085 0.946794
649.09 0.946796
649.095 0.946797
649.1 0.946799
649.104 0.946801
649.109 0.946802
649.114 0.946804
649.119 0.946805
649.123 0.946807
649.128 0.946808
649.133 0.94681
649.137 0.946811
649.142 0.946813
649.147 0.946814
649.151 0.946816
649.156 0.946817
649.16 0.946819
649.165 0.94682
649.17 0.946822
649.174 0.946823
649.179 0.946825
649.183 0.946826
649.188 0.946828
649.192 0.946829
649.197 0.946831
649.202 0.946832
649.206 0.946834
649.211 0.946835
649.215 0.946837
649.219 0.946838
649.224 0.94684
649.228 0.946841
649.233 0.946843
649.237 0.946844
649.242 0.946846
649.246 0.946847
649.25 0.946848
649.255 0.94685
649.259 0.946851
649.263 0.946853
649.268 0.946854
649.272 0.946855
649.276 0.946857
649.281 0.946858
649.285 0.94686
649.289 0.946861
649.294 0.946863
649.298 0.946864
649.302 0.946865
649.306 0.946867
649.31 0.946868
649.315 0.946869
649.319 0.946871
649.323 0.946872
649.327 0.946874
649.331 0.946875
649.335 0.946876
649.34 0.946878
649.344 0.946879
649.348 0.94688
649.352 0.946882
649.356 0.946883
649.36 0.946884
649.364 0.946886
649.368 0.946887
649.372 0.946888
649.376 0.94689
649.38 0.946891
649.384 0.946892
649.388 0.946894
649.392 0.946895
649.396 0.946896
649.4 0.946897
649.404 0.946899
649.408 0.9469
649.412 0.946901
649.416 0.946903
649.42 0.946904
649.424 0.946905
649.428 0.946906
649.431 0.946908
649.435 0.946909
649.439 0.94691
649.443 0.946911
649.447 0.946913
649.451 0.946914
649.454 0.946915
649.458 0.946916
649.462 0.946918
649.466 0.946919
649.469 0.94692
649.473 0.946921
649.477 0.946922
649.481 0.946924
649.484 0.946925
649.488 0.946926
649.492 0.946927
649.495 0.946928
649.499 0.94693
649.503 0.946931
649.506 0.946932
649.51 0.946933
649.513 0.946934
649.517 0.946936
649.52 0.946937
649.524 0.946938
649.528 0.946939
649.531 0.94694
649.535 0.946941
649.538 0.946943
649.542 0.946944
649.545 0.946945
649.549 0.946946
649.552 0.946947
649.556 0.946948
649.559 0.946949
649.562 0.94695
649.566 0.946952
649.569 0.946953
649.573 0.946954
649.576 0.946955
649.579 0.946956
649.583 0.946957
649.586 0.946958
649.59 0.946959
649.593 0.94696
649.596 0.946961
649.599 0.946963
649.603 0.946964
649.606 0.946965
649.609 0.946966
649.613 0.946967
649.616 0.946968
649.619 0.946969
649.622 0.94697
649.625 0.946971
649.629 0.946972
649.632 0.946973
649.635 0.946974
649.638 0.946975
649.641 0.946976
649.644 0.946977
649.648 0.946978
649.651 0.946979
649.654 0.94698
649.657 0.946981
649.66 0.946982
649.663 0.946983
649.666 0.946984
649.669 0.946985
649.672 0.946986
649.675 0.946987
649.678 0.946988
649.681 0.946989
649.684 0.94699
649.687 0.946991
649.69 0.946992
649.693 0.946993
649.696 0.946994
649.699 0.946995
649.702 0.946996
649.705 0.946997
649.708 0.946998
649.71 0.946999
649.713 0.947
649.716 0.947001
649.719 0.947002
649.722 0.947002
649.725 0.947003
649.727 0.947004
649.73 0.947005
649.733 0.947006
649.736 0.947007
649.739 0.947008
649.741 0.947009
649.744 0.94701
649.747 0.947011
649.749 0.947011
649.752 0.947012
649.755 0.947013
649.758 0.947014
649.76 0.947015
649.763 0.947016
649.765 0.947017
649.768 0.947018
649.771 0.947018
649.773 0.947019
649.776 0.94702
649.778 0.947021
649.781 0.947022
649.784 0.947023
649.786 0.947023
649.789 0.947024
649.791 0.947025
649.794 0.947026
649.796 0.947027
649.799 0.947028
649.801 0.947028
649.804 0.947029
649.806 0.94703
649.808 0.947031
649.811 0.947032
649.813 0.947032
649.816 0.947033
649.818 0.947034
649.82 0.947035
649.823 0.947035
649.825 0.947036
649.828 0.947037
649.83 0.947038
649.832 0.947038
649.834 0.947039
649.837 0.94704
649.839 0.947041
649.841 0.947041
649.844 0.947042
649.846 0.947043
649.848 0.947044
649.85 0.947044
649.852 0.947045
649.855 0.947046
649.857 0.947047
649.859 0.947047
649.861 0.947048
649.863 0.947049
649.865 0.947049
649.868 0.94705
649.87 0.947051
649.872 0.947051
649.874 0.947052
649.876 0.947053
649.878 0.947053
649.88 0.947054
649.882 0.947055
649.884 0.947055
649.886 0.947056
649.888 0.947057
649.89 0.947057
649.892 0.947058
649.894 0.947059
649.896 0.947059
649.898 0.94706
649.9 0.947061
649.902 0.947061
649.904 0.947062
649.906 0.947062
649.908 0.947063
649.909 0.947064
649.911 0.947064
649.913 0.947065
649.915 0.947065
649.917 0.947066
649.919 0.947067
649.92 0.947067
649.922 0.947068
649.924 0.947068
649.926 0.947069
649.928 0.94707
649.929 0.94707
649.931 0.947071
649.933 0.947071
649.934 0.947072
649.936 0.947072
649.938 0.947073
649.939 0.947073
649.941 0.947074
649.943 0.947075
649.944 0.947075
649.946 0.947076
649.948 0.947076
649.949 0.947077
649.951 0.947077
649.952 0.947078
649.954 0.947078
649.956 0.947079
649.957 0.947079
649.959 0.94708
649.96 0.94708
649.962 0.947081
649.963 0.947081
649.965 0.947082
649.966 0.947082
649.967 0.947083
649.969 0.947083
649.97 0.947083
649.972 0.947084
649.973 0.947084
649.975 0.947085
649.976 0.947085
649.977 0.947086
649.979 0.947086
649.98 0.947087
649.981 0.947087
649.983 0.947088
649.984 0.947088
649.985 0.947088
649.987 0.947089
649.988 0.947089
649.989 0.94709
649.99 0.94709
649.992 0.94709
649.993 0.947091
649.994 0.947091
649.995 0.947092
649.996 0.947092
649.998 0.947092
649.999 0.947093
650 0.947093
650.001 0.947094
650.002 0.947094
650.003 0.947094
650.005 0.947095
650.006 0.947095
650.007 0.947095
650.008 0.947096
650.009 0.947096
650.01 0.947096
650.011 0.947097
650.012 0.947097
650.013 0.947097
650.014 0.947098
650.015 0.947098
650.016 0.947098
650.017 0.947099
650.018 0.947099
650.019 0.947099
650.02 0.9471
650.021 0.9471
650.022 0.9471
650.022 0.9471
650.023 0.947101
650.024 0.947101
650.025 0.947101
650.026 0.947102
650.027 0.947102
650.028 0.947102
650.028 0.947102
650.029 0.947103
650.03 0.947103
650.031 0.947103
650.031 0.947103
650.032 0.947104
650.033 0.947104
650.034 0.947104
650.034 0.947104
650.035 0.947105
650.036 0.947105
650.036 0.947105
650.037 0.947105
650.038 0.947105
650.038 0.947106
650.039 0.947106
650.04 0.947106
650.04 0.947106
650.041 0.947106
650.042 0.947107
650.042 0.947107
650.043 0.947107
650.043 0.947107
650.044 0.947107
650.044 0.947108
650.045 0.947108
650.045 0.947108
650.046 0.947108
650.046 0.947108
650.047 0.947108
650.047 0.947108
650.048 0.947109
650.048 0.947109
650.048 0.947109
650.049 0.947109
650.049 0.947109
650.05 0.947109
650.05 0.947109
650.05 0.94711
650.051 0.94711
650.051 0.94711
650.051 0.94711
650.052 0.94711
650.052 0.94711
650.052 0.94711
650.052 0.94711
650.053 0.94711
650.053 0.94711
650.053 0.94711
650.053 0.947111
650.054 0.947111
650.054 0.947111
650.054 0.947111
650.054 0.947111
650.054 0.947111
650.055 0.947111
650.055 0.947111
650.055 0.947111
650.055 0.947111
650.055 0.947111
650.055 0.947111
650.055 0.947111
650.055 0.947111
650.055 0.947111
650.055 0.947111
650.055 0.947111
650.055 0.947111
650.055 0.947111
650.055 0.947111
650.055 0.947111
650.055 0.947111
650.055 0.947111
650.055 0.947111
650.055 0.947111
650.055 0.947111
650.055 0.947111
650.055 0.947111
650.055 0.947111
650.055 0.947111
650.055 0.947111
650.055 0.947111
650.054 0.947111
650.054 0.947111
650.054 0.947111
650.054 0.947111
650.054 0.947111
650.053 0.947111
650.053 0.94711
650.053 0.94711
650.053 0.94711
650.052 0.94711
650.052 0.94711
650.052 0.94711
650.052 0.94711
650.051 0.94711
650.051 0.94711
650.051 0.94711
650.05 0.94711
650.05 0.947109
650.05 0.947109
650.049 0.947109
650.049 0.947109
650.048 0.947109
650.048 0.947109
650.047 0.947109
650.047 0.947108
650.047 0.947108
650.046 0.947108
650.046 0.947108
650.045 0.947108
650.045 0.947108
650.044 0.947108
650.044 0.947107
650.043 0.947107
650.043 0.947107
650.042 0.947107
650.041 0.947107
650.041 0.947106
650.04 0.947106
650.04 0.947106
650.039 0.947106
650.038 0.947106
650.038 0.947105
650.037 0.947105
650.036 0.947105
650.036 0.947105
650.035 0.947105
650.034 0.947104
650.034 0.947104
650.033 0.947104
650.032 0.947104
650.031 0.947103
650.031 0.947103
650.03 0.947103
650.029 0.947103
650.028 0.947102
650.027 0.947102
650.027 0.947102
650.026 0.947102
650.025 0.947101
650.024 0.947101
650.023 0.947101
650.022 0.9471
650.021 0.9471
650.02 0.9471
650.02 0.9471
650.019 0.947099
650.018 0.947099
650.017 0.947099
650.016 0.947098
650.015 0.947098
650.014 0.947098
650.013 0.947097
650.012 0.947097
650.011 0.947097
650.01 0.947096
650.009 0.947096
650.008 0.947096
650.006 0.947095
650.005 0.947095
650.004 0.947095
650.003 0.947094
650.002 0.947094
650.001 0.947093
650 0.947093
649.999 0.947093
649.997 0.947092
649.996 0.947092
649.995 0.947092
649.994 0.947091
649.993 0.947091
649.991 0.94709
649.99 0.94709
649.989 0.94709
649.988 0.947089
649.986 0.947089
649.985 0.947088
649.984 0.947088
649.982 0.947087
649.981 0.947087
649.98 0.947087
649.978 0.947086
649.977 0.947086
649.976 0.947085
649.974 0.947085
649.973 0.947084
649.972 0.947084
649.97 0.947083
649.969 0.947083
649.967 0.947082
649.966 0.947082
649.964 0.947082
649.963 0.947081
649.961 0.947081
649.96 0.94708
649.958 0.94708
649.957 0.947079
649.955 0.947079
649.954 0.947078
649.952 0.947078
649.951 0.947077
649.949 0.947077
649.947 0.947076
649.946 0.947075
649.944 0.947075
649.943 0.947074
649.941 0.947074
649.939 0.947073
649.938 0.947073
649.936 0.947072
649.934 0.947072
649.932 0.947071
649.931 0.947071
649.929 0.94707
649.927 0.947069
649.926 0.947069
649.924 0.947068
649.922 0.947068
649.92 0.947067
649.918 0.947067
649.917 0.947066
649.915 0.947065
649.913 0.947065
649.911 0.947064
649.909 0.947064
649.907 0.947063
649.905 0.947062
649.904 0.947062
649.902 0.947061
649.9 0.94706
649.898 0.94706
649.896 0.947059
649.894 0.947059
649.892 0.947058
649.89 0.947057
649.888 0.947057
649.886 0.947056
649.884 0.947055
649.882 0.947055
649.88 0.947054
649.878 0.947053
649.876 0.947053
649.874 0.947052
649.872 0.947051
649.87 0.947051
649.867 0.94705
649.865 0.947049
649.863 0.947049
649.861 0.947048
649.859 0.947047
649.857 0.947046
649.855 0.947046
649.852 0.947045
649.85 0.947044
649.848 0.947044
649.846 0.947043
649.843 0.947042
649.841 0.947041
649.839 0.947041
649.837 0.94704
649.834 0.947039
649.832 0.947038
649.83 0.947038
649.827 0.947037
649.825 0.947036
649.823 0.947035
649.82 0.947035
649.818 0.947034
649.816 0.947033
649.813 0.947032
649.811 0.947032
649.808 0.947031
649.806 0.94703
649.804 0.947029
649.801 0.947028
649.799 0.947028
649.796 0.947027
649.794 0.947026
649.791 0.947025
649.789 0.947024
649.786 0.947023
649.784 0.947023
649.781 0.947022
649.779 0.947021
649.776 0.94702
649.773 0.947019
649.771 0.947018
649.768 0.947018
649.766 0.947017
649.763 0.947016
649.76 0.947015
649.758 0.947014
649.755 0.947013
649.752 0.947012
649.75 0.947012
649.747 0.947011
649.744 0.94701
649.741 0.947009
649.739 0.947008
649.736 0.947007
649.733 0.947006
649.73 0.947005
649.728 0.947004
649.725 0.947003
649.722 0.947003
649.719 0.947002
649.716 0.947001
649.714 0.947
649.711 0.946999
649.708 0.946998
649.705 0.946997
649.702 0.946996
649.699 0.946995
649.696 0.946994
649.693 0.946993
649.69 0.946992
649.687 0.946991
649.684 0.94699
649.681 0.946989
649.679 0.946988
649.676 0.946987
649.672 0.946986
649.669 0.946985
649.666 0.946984
649.663 0.946983
649.66 0.946982
649.657 0.946981
649.654 0.94698
649.651 0.946979
649.648 0.946978
649.645 0.946977
649.642 0.946976
649.639 0.946975
649.635 0.946974
649.632 0.946973
649.629 0.946972
649.626 0.946971
649.623 0.94697
649.62 0.946969
649.616 0.946968
649.613 0.946967
649.61 0.946966
649.607 0.946965
649.603 0.946964
649.6 0.946963
649.597 0.946962
649.593 0.946961
649.59 0.94696
649.587 0.946958
649.583 0.946957
649.58 0.946956
649.577 0.946955
649.573 0.946954
649.57 0.946953
649.567 0.946952
649.563 0.946951
649.56 0.94695
649.556 0.946948
649.553 0.946947
649.549 0.946946
649.546 0.946945
649.543 0.946944
649.539 0.946943
649.536 0.946942
649.532 0.946941
649.528 0.946939
649.525 0.946938
649.521 0.946937
649.518 0.946936
649.514 0.946935
649.511 0.946934
649.507 0.946932
649.503 0.946931
649.5 0.94693
649.496 0.946929
649.493 0.946928
649.489 0.946926
649.485 0.946925
649.482 0.946924
649.478 0.946923
649.474 0.946922
649.47 0.94692
649.467 0.946919
649.463 0.946918
649.459 0.946917
649.456 0.946916
649.452 0.946914
649.448 0.946913
649.444 0.946912
649.44 0.946911
649.437 0.946909
649.433 0.946908
649.429 0.946907
649.425 0.946906
649.421 0.946904
649.417 0.946903
649.413 0.946902
649.409 0.9469
649.406 0.946899
649.402 0.946898
649.398 0.946897
649.394 0.946895
649.39 0.946894
649.386 0.946893
649.382 0.946891
649.378 0.94689
649.374 0.946889
649.37 0.946887
649.366 0.946886
649.362 0.946885
649.358 0.946884
649.354 0.946882
649.35 0.946881
649.345 0.94688
649.341 0.946878
649.337 0.946877
649.333 0.946875
649.329 0.946874
649.325 0.946873
649.321 0.946871
649.317 0.94687
649.312 0.946869
649.308 0.946867
649.304 0.946866
649.3 0.946865
649.295 0.946863
649.291 0.946862
649.287 0.94686
649.283 0.946859
649.278 0.946858
649.274 0.946856
649.27 0.946855
649.266 0.946853
649.261 0.946852
649.257 0.946851
649.253 0.946849
649.248 0.946848
649.244 0.946846
649.239 0.946845
649.235 0.946843
649.231 0.946842
649.226 0.94684
649.222 0.946839
649.217 0.946838
649.213 0.946836
649.208 0.946835
649.204 0.946833
649.2 0.946832
649.195 0.94683
649.19 0.946829
649.186 0.946827
649.181 0.946826
649.177 0.946824
649.172 0.946823
649.168 0.946821
649.163 0.94682
649.159 0.946818
649.154 0.946817
649.149 0.946815
649.145 0.946814
649.14 0.946812
649.135 0.946811
649.131 0.946809
649.126 0.946808
649.121 0.946806
649.117 0.946805
649.112 0.946803
649.107 0.946802
649.103 0.9468
649.098 0.946798
649.093 0.946797
649.088 0.946795
649.084 0.946794
649.079 0.946792
649.074 0.946791
649.069 0.946789
649.064 0.946787
649.06 0.946786
649.055 0.946784
649.05 0.946783
649.045 0.946781
649.04 0.946779
649.035 0.946778
649.03 0.946776
649.025 0.946775
649.02 0.946773
649.016 0.946771
649.011 0.94677
649.006 0.946768
649.001 0.946767
648.996 0.946765
648.991 0.946763
648.986 0.946762
648.981 0.94676
648.976 0.946758
648.971 0.946757
648.965 0.946755
648.96 0.946753
648.955 0.946752
648.95 0.94675
648.945 0.946748
648.94 0.946747
648.935 0.946745
648.93 0.946743
648.925 0.946742
648.919 0.94674
648.914 0.946738
648.909 0.946736
648.904 0.946735
648.899 0.946733
648.894 0.946731
648.888 0.94673
648.883 0.946728
648.878 0.946726
648.873 0.946724
648.867 0.946723
648.862 0.946721
648.857 0.946719
648.851 0.946718
648.846 0.946716
648.841 0.946714
648.835 0.946712
648.83 0.946711
648.825 0.946709
648.819 0.946707
648.814 0.946705
648.808 0.946703
648.803 0.946702
648.798 0.9467
648.792 0.946698
648.787 0.946696
648.781 0.946694
648.776 0.946693
648.77 0.946691
648.765 0.946689
648.759 0.946687
648.754 0.946685
648.748 0.946684
648.743 0.946682
648.737 0.94668
648.732 0.946678
648.726 0.946676
648.72 0.946675
648.715 0.946673
648.709 0.946671
648.704 0.946669
648.698 0.946667
648.692 0.946665
648.687 0.946663
648.681 0.946662
648.675 0.94666
648.67 0.946658
648.664 0.946656
648.658 0.946654
648.653 0.946652
648.647 0.94665
648.641 0.946648
648.635 0.946646
648.63 0.946645
648.624 0.946643
648.618 0.946641
648.612 0.946639
648.606 0.946637
648.601 0.946635
648.595 0.946633
648.589 0.946631
648.583 0.946629
648.577 0.946627
648.571 0.946625
648.565 0.946623
648.559 0.946622
648.554 0.94662
648.548 0.946618
648.542 0.946616
648.536 0.946614
648.53 0.946612
648.524 0.94661
648.518 0.946608
648.512 0.946606
648.506 0.946604
648.5 0.946602
648.494 0.9466
648.488 0.946598
648.482 0.946596
648.476 0.946594
648.469 0.946592
648.463 0.94659
648.457 0.946588
648.451 0.946586
648.445 0.946584
648.439 0.946582
648.433 0.94658
648.427 0.946578
648.42 0.946576
648.414 0.946574
648.408 0.946572
648.402 0.94657
648.396 0.946568
648.389 0.946566
648.383 0.946563
648.377 0.946561
648.371 0.946559
648.364 0.946557
648.358 0.946555
648.352 0.946553
648.345 0.946551
648.339 0.946549
648.333 0.946547
648.326 0.946545
648.32 0.946543
648.314 0.946541
648.307 0.946538
648.301 0.946536
648.295 0.946534
648.288 0.946532
648.282 0.94653
648.275 0.946528
648.269 0.946526
648.262 0.946524
648.256 0.946522
648.25 0.946519
648.243 0.946517
648.237 0.946515
648.23 0.946513
648.223 0.946511
648.217 0.946509
648.21 0.946506
648.204 0.946504
648.197 0.946502
648.191 0.9465
648.184 0.946498
648.177 0.946496
648.171 0.946493
648.164 0.946491
648.158 0.946489
648.151 0.946487
648.144 0.946485
648.138 0.946482
648.131 0.94648
648.124 0.946478
648.118 0.946476
648.111 0.946474
648.104 0.946471
648.097 0.946469
648.091 0.946467
648.084 0.946465
648.077 0.946462
648.07 0.94646
648.064 0.946458
648.057 0.946456
648.05 0.946453
648.043 0.946451
648.036 0.946449
648.029 0.946447
648.022 0.946444
648.016 0.946442
648.009 0.94644
648.002 0.946438
647.995 0.946435
647.988 0.946433
647.981 0.946431
647.974 0.946428
647.967 0.946426
647.96 0.946424
647.953 0.946421
647.946 0.946419
647.939 0.946417
647.932 0.946415
647.925 0.946412
647.918 0.94641
647.911 0.946408
647.904 0.946405
647.897 0.946403
647.89 0.946401
647.883 0.946398
647.876 0.946396
647.869 0.946393
647.862 0.946391
647.854 0.946389
647.847 0.946386
647.84 0.946384
647.833 0.946382
647.826 0.946379
647.819 0.946377
647.811 0.946375
647.804 0.946372
647.797 0.94637
647.79 0.946367
647.782 0.946365
647.775 0.946363
647.768 0.94636
647.761 0.946358
647.753 0.946355
647.746 0.946353
647.739 0.94635
647.731 0.946348
647.724 0.946346
647.717 0.946343
647.709 0.946341
647.702 0.946338
647.695 0.946336
647.687 0.946333
647.68 0.946331
647.672 0.946328
647.665 0.946326
647.657 0.946324
647.65 0.946321
647.643 0.946319
647.635 0.946316
647.628 0.946314
647.62 0.946311
647.613 0.946309
647.605 0.946306
647.598 0.946304
647.59 0.946301
647.582 0.946299
647.575 0.946296
647.567 0.946294
647.56 0.946291
647.552 0.946289
647.545 0.946286
