296.686 -0.252953
296.931 -0.248822
297.176 -0.244707
297.421 -0.24061
297.666 -0.236529
297.911 -0.232465
298.157 -0.228417
298.402 -0.224386
298.647 -0.220372
298.892 -0.216373
299.137 -0.212391
299.382 -0.208426
299.627 -0.204476
299.872 -0.200542
300.118 -0.196625
300.363 -0.192723
300.608 -0.188837
300.853 -0.184966
301.098 -0.181112
301.343 -0.177273
301.589 -0.173449
301.834 -0.169641
302.079 -0.165848
302.324 -0.16207
302.569 -0.158308
302.814 -0.154561
303.06 -0.150828
303.305 -0.147111
303.55 -0.143409
303.795 -0.139722
304.041 -0.136049
304.286 -0.132391
304.531 -0.128747
304.776 -0.125119
305.022 -0.121504
305.267 -0.117904
305.512 -0.114319
305.757 -0.110747
306.003 -0.10719
306.248 -0.103647
306.493 -0.100119
306.739 -0.0966038
306.984 -0.0931029
307.229 -0.0896159
307.475 -0.0861427
307.72 -0.0826832
307.965 -0.0792374
308.21 -0.0758053
308.456 -0.0723867
308.701 -0.0689815
308.947 -0.0655899
309.192 -0.0622115
309.437 -0.0588465
309.683 -0.0554947
309.928 -0.0521561
310.173 -0.0488306
310.419 -0.0455181
310.664 -0.0422187
310.91 -0.0389321
311.155 -0.0356585
311.4 -0.0323976
311.646 -0.0291495
311.891 -0.0259141
312.137 -0.0226913
312.382 -0.0194811
312.627 -0.0162834
312.873 -0.0130982
313.118 -0.0099253
313.364 -0.00676479
313.609 -0.00361656
313.855 -0.00048056
314.1 0.00264328
314.346 0.005755
314.591 0.00885467
314.837 0.0119423
315.082 0.0150181
315.328 0.0180819
315.573 0.0211339
315.819 0.0241741
316.064 0.0272026
316.31 0.0302195
316.555 0.0332247
316.801 0.0362183
317.046 0.0392004
317.292 0.0421711
317.537 0.0451304
317.783 0.0480783
318.028 0.0510149
318.274 0.0539403
318.52 0.0568545
318.765 0.0597575
319.011 0.0626494
319.256 0.0655303
319.502 0.0684002
319.748 0.0712591
319.993 0.0741072
320.239 0.0769444
320.484 0.0797708
320.73 0.0825864
320.976 0.0853914
321.221 0.0881857
321.467 0.0909694
321.712 0.0937426
321.958 0.0965052
322.204 0.0992574
322.449 0.101999
322.695 0.104731
322.941 0.107452
323.186 0.110163
323.432 0.112863
323.678 0.115554
323.924 0.118234
324.169 0.120904
324.415 0.123564
324.661 0.126214
324.906 0.128855
325.152 0.131485
325.398 0.134105
325.644 0.136716
325.889 0.139317
326.135 0.141908
326.381 0.14449
326.626 0.147061
326.872 0.149624
327.118 0.152176
327.364 0.154719
327.61 0.157253
327.855 0.159777
328.101 0.162292
328.347 0.164798
328.593 0.167294
328.838 0.169781
329.084 0.172258
329.33 0.174727
329.576 0.177186
329.822 0.179637
330.068 0.182078
330.313 0.18451
330.559 0.186933
330.805 0.189347
331.051 0.191753
331.297 0.194149
331.543 0.196537
331.788 0.198916
332.034 0.201286
332.28 0.203647
332.526 0.206
332.772 0.208344
333.018 0.21068
333.264 0.213007
333.51 0.215325
333.756 0.217635
334.001 0.219937
334.247 0.22223
334.493 0.224515
334.739 0.226791
334.985 0.229059
335.231 0.231319
335.477 0.233571
335.723 0.235814
335.969 0.23805
336.215 0.240277
336.461 0.242496
336.707 0.244707
336.953 0.24691
337.199 0.249105
337.445 0.251292
337.691 0.253471
337.937 0.255643
338.183 0.257806
338.429 0.259962
338.675 0.26211
338.921 0.26425
339.167 0.266382
339.413 0.268507
339.659 0.270624
339.905 0.272734
340.151 0.274836
340.397 0.27693
340.643 0.279017
340.889 0.281096
341.135 0.283168
341.381 0.285233
341.627 0.28729
341.873 0.28934
342.119 0.291382
342.366 0.293417
342.612 0.295445
342.858 0.297466
343.104 0.29948
343.35 0.301486
343.596 0.303485
343.842 0.305477
344.088 0.307462
344.334 0.30944
344.581 0.311411
344.827 0.313375
345.073 0.315332
345.319 0.317282
345.565 0.319225
345.811 0.321162
346.058 0.323091
346.304 0.325014
346.55 0.32693
346.796 0.328839
347.042 0.330741
347.288 0.332637
347.535 0.334526
347.781 0.336409
348.027 0.338284
348.273 0.340154
348.519 0.342016
348.766 0.343872
349.012 0.345722
349.258 0.347565
349.504 0.349402
349.751 0.351232
349.997 0.353056
350.243 0.354873
350.489 0.356685
350.736 0.358489
350.982 0.360288
351.228 0.36208
351.474 0.363866
351.721 0.365646
351.967 0.36742
352.213 0.369187
352.46 0.370949
352.706 0.372704
352.952 0.374453
353.199 0.376196
353.445 0.377934
353.691 0.379665
353.937 0.38139
354.184 0.383109
354.43 0.384822
354.676 0.386529
354.923 0.388231
355.169 0.389926
355.416 0.391616
355.662 0.3933
355.908 0.394978
356.155 0.396651
356.401 0.398317
356.647 0.399978
356.894 0.401633
357.14 0.403283
357.387 0.404927
357.633 0.406565
357.879 0.408198
358.126 0.409825
358.372 0.411446
358.619 0.413062
358.865 0.414673
359.111 0.416278
359.358 0.417877
359.604 0.419471
359.851 0.42106
360.097 0.422643
360.344 0.424221
360.59 0.425794
360.837 0.427361
361.083 0.428923
361.33 0.43048
361.576 0.432031
361.823 0.433577
362.069 0.435118
362.316 0.436653
362.562 0.438184
362.809 0.439709
363.055 0.441229
363.302 0.442744
363.548 0.444254
363.795 0.445759
364.041 0.447259
364.288 0.448754
364.534 0.450243
364.781 0.451728
365.027 0.453208
365.274 0.454683
365.52 0.456153
365.767 0.457618
366.013 0.459078
366.26 0.460533
366.507 0.461983
366.753 0.463428
367 0.464869
367.246 0.466305
367.493 0.467736
367.74 0.469162
367.986 0.470584
368.233 0.472
368.479 0.473413
368.726 0.47482
368.973 0.476223
369.219 0.477621
369.466 0.479014
369.713 0.480403
369.959 0.481787
370.206 0.483167
370.452 0.484542
370.699 0.485912
370.946 0.487278
371.192 0.48864
371.439 0.489997
371.686 0.491349
371.932 0.492698
372.179 0.494041
372.426 0.49538
372.673 0.496715
372.919 0.498046
373.166 0.499372
373.413 0.500693
373.659 0.502011
373.906 0.503324
374.153 0.504633
374.399 0.505937
374.646 0.507237
374.893 0.508533
375.14 0.509825
375.386 0.511112
375.633 0.512396
375.88 0.513675
376.127 0.51495
376.373 0.516221
376.62 0.517487
376.867 0.51875
377.114 0.520008
377.361 0.521263
377.607 0.522513
377.854 0.523759
378.101 0.525001
378.348 0.52624
378.595 0.527474
378.841 0.528704
379.088 0.52993
379.335 0.531152
379.582 0.532371
379.829 0.533585
380.075 0.534795
380.322 0.536002
380.569 0.537204
380.816 0.538403
381.063 0.539598
381.31 0.540789
381.557 0.541976
381.803 0.54316
382.05 0.544339
382.297 0.545515
382.544 0.546687
382.791 0.547856
383.038 0.54902
383.285 0.550181
383.532 0.551338
383.778 0.552492
384.025 0.553642
384.272 0.554788
384.519 0.55593
384.766 0.557069
385.013 0.558204
385.26 0.559336
385.507 0.560463
385.754 0.561588
386.001 0.562709
386.248 0.563826
386.495 0.56494
386.742 0.56605
386.989 0.567156
387.235 0.56826
387.482 0.569359
387.729 0.570455
387.976 0.571548
388.223 0.572637
388.47 0.573723
388.717 0.574805
388.964 0.575884
389.211 0.57696
389.458 0.578032
389.705 0.579101
389.952 0.580166
390.199 0.581228
390.446 0.582287
390.693 0.583343
390.94 0.584395
391.187 0.585443
391.434 0.586489
391.682 0.587531
391.929 0.58857
392.176 0.589606
392.423 0.590638
392.67 0.591668
392.917 0.592694
393.164 0.593717
393.411 0.594736
393.658 0.595753
393.905 0.596766
394.152 0.597776
394.399 0.598783
394.646 0.599787
394.893 0.600788
395.141 0.601785
395.388 0.60278
395.635 0.603771
395.882 0.60476
396.129 0.605745
396.376 0.606727
396.623 0.607707
396.87 0.608683
397.117 0.609656
397.365 0.610626
397.612 0.611593
397.859 0.612558
398.106 0.613519
398.353 0.614477
398.6 0.615432
398.848 0.616385
399.095 0.617334
399.342 0.618281
399.589 0.619224
399.836 0.620165
400.083 0.621103
400.331 0.622038
400.578 0.62297
400.825 0.623899
401.072 0.624826
401.319 0.625749
401.567 0.62667
401.814 0.627588
402.061 0.628503
402.308 0.629415
402.555 0.630325
402.803 0.631232
403.05 0.632135
403.297 0.633037
403.544 0.633935
403.792 0.634831
404.039 0.635724
404.286 0.636614
404.533 0.637502
404.781 0.638387
405.028 0.639269
405.275 0.640149
405.523 0.641026
405.77 0.6419
406.017 0.642771
406.264 0.64364
406.512 0.644507
406.759 0.645371
407.006 0.646232
407.254 0.64709
407.501 0.647946
407.748 0.648799
407.995 0.64965
408.243 0.650498
408.49 0.651344
408.737 0.652187
408.985 0.653028
409.232 0.653866
409.479 0.654701
409.727 0.655535
409.974 0.656365
410.222 0.657193
410.469 0.658019
410.716 0.658842
410.964 0.659663
411.211 0.660481
411.458 0.661296
411.706 0.66211
411.953 0.662921
412.201 0.663729
412.448 0.664535
412.695 0.665339
412.943 0.66614
413.19 0.666939
413.437 0.667736
413.685 0.66853
413.932 0.669322
414.18 0.670111
414.427 0.670898
414.675 0.671683
414.922 0.672465
415.169 0.673245
415.417 0.674023
415.664 0.674799
415.912 0.675572
416.159 0.676343
416.407 0.677112
416.654 0.677878
416.902 0.678642
417.149 0.679404
417.397 0.680164
417.644 0.680921
417.891 0.681676
418.139 0.682429
418.386 0.68318
418.634 0.683928
418.881 0.684675
419.129 0.685419
419.376 0.686161
419.624 0.686901
419.871 0.687638
420.119 0.688374
420.366 0.689107
420.614 0.689838
420.862 0.690567
421.109 0.691294
421.357 0.692019
421.604 0.692741
421.852 0.693462
422.099 0.69418
422.347 0.694897
422.594 0.695611
422.842 0.696323
423.089 0.697033
423.337 0.697741
423.585 0.698447
423.832 0.699151
424.08 0.699853
424.327 0.700553
424.575 0.701251
424.822 0.701947
425.07 0.702641
425.318 0.703333
425.565 0.704022
425.813 0.70471
426.06 0.705396
426.308 0.70608
426.556 0.706762
426.803 0.707442
427.051 0.70812
427.298 0.708796
427.546 0.70947
427.794 0.710142
428.041 0.710812
428.289 0.71148
428.537 0.712147
428.784 0.712811
429.032 0.713473
429.28 0.714134
429.527 0.714793
429.775 0.71545
430.023 0.716105
430.27 0.716758
430.518 0.717409
430.766 0.718058
431.013 0.718706
431.261 0.719351
431.509 0.719995
431.756 0.720637
432.004 0.721277
432.252 0.721916
432.499 0.722552
432.747 0.723187
432.995 0.72382
433.243 0.724451
433.49 0.72508
433.738 0.725708
433.986 0.726333
434.233 0.726957
434.481 0.72758
434.729 0.7282
434.977 0.728819
435.224 0.729436
435.472 0.730051
435.72 0.730664
435.968 0.731276
436.215 0.731886
436.463 0.732494
436.711 0.733101
436.959 0.733706
437.206 0.734309
437.454 0.73491
437.702 0.73551
437.95 0.736108
438.198 0.736704
438.445 0.737299
438.693 0.737892
438.941 0.738483
439.189 0.739073
439.436 0.739661
439.684 0.740248
439.932 0.740832
440.18 0.741416
440.428 0.741997
440.676 0.742577
440.923 0.743155
441.171 0.743732
441.419 0.744307
441.667 0.74488
441.915 0.745452
442.163 0.746022
442.41 0.746591
442.658 0.747158
442.906 0.747724
443.154 0.748287
443.402 0.74885
443.65 0.749411
443.898 0.74997
444.145 0.750528
444.393 0.751084
444.641 0.751638
444.889 0.752191
445.137 0.752743
445.385 0.753293
445.633 0.753841
445.881 0.754388
446.128 0.754934
446.376 0.755478
446.624 0.75602
446.872 0.756561
447.12 0.757101
447.368 0.757639
447.616 0.758175
447.864 0.75871
448.112 0.759244
448.36 0.759776
448.608 0.760306
448.856 0.760835
449.104 0.761363
449.351 0.761889
449.599 0.762414
449.847 0.762938
450.095 0.76346
450.343 0.76398
450.591 0.764499
450.839 0.765017
451.087 0.765533
451.335 0.766048
451.583 0.766561
451.831 0.767073
452.079 0.767584
452.327 0.768093
452.575 0.768601
452.823 0.769108
453.071 0.769613
453.319 0.770117
453.567 0.770619
453.815 0.77112
454.063 0.77162
454.311 0.772118
454.559 0.772615
454.807 0.77311
455.055 0.773605
455.303 0.774097
455.551 0.774589
455.799 0.775079
456.047 0.775568
456.295 0.776056
456.543 0.776542
456.791 0.777027
457.039 0.777511
457.287 0.777993
457.535 0.778474
457.783 0.778954
458.031 0.779432
458.28 0.779909
458.528 0.780385
458.776 0.78086
459.024 0.781333
459.272 0.781805
459.52 0.782276
459.768 0.782746
460.016 0.783214
460.264 0.783681
460.512 0.784147
460.76 0.784611
461.008 0.785075
461.257 0.785537
461.505 0.785997
461.753 0.786457
462.001 0.786915
462.249 0.787372
462.497 0.787828
462.745 0.788283
462.993 0.788736
463.241 0.789189
463.49 0.78964
463.738 0.79009
463.986 0.790538
464.234 0.790986
464.482 0.791432
464.73 0.791877
464.978 0.792321
465.227 0.792764
465.475 0.793205
465.723 0.793646
465.971 0.794085
466.219 0.794523
466.467 0.79496
466.715 0.795396
466.964 0.79583
467.212 0.796264
467.46 0.796696
467.708 0.797127
467.956 0.797557
468.205 0.797986
468.453 0.798414
468.701 0.798841
468.949 0.799266
469.197 0.799691
469.446 0.800114
469.694 0.800536
469.942 0.800957
470.19 0.801377
470.438 0.801796
470.687 0.802214
470.935 0.80263
471.183 0.803046
471.431 0.803461
471.679 0.803874
471.928 0.804286
472.176 0.804697
472.424 0.805108
472.672 0.805517
472.921 0.805925
473.169 0.806332
473.417 0.806738
473.665 0.807142
473.914 0.807546
474.162 0.807949
474.41 0.808351
474.658 0.808751
474.907 0.809151
475.155 0.80955
475.403 0.809947
475.652 0.810344
475.9 0.810739
476.148 0.811133
476.396 0.811527
476.645 0.811919
476.893 0.812311
477.141 0.812701
477.39 0.81309
477.638 0.813479
477.886 0.813866
478.134 0.814252
478.383 0.814638
478.631 0.815022
478.879 0.815406
479.128 0.815788
479.376 0.816169
479.624 0.81655
479.873 0.816929
480.121 0.817308
480.369 0.817685
480.618 0.818062
480.866 0.818437
481.114 0.818812
481.363 0.819185
481.611 0.819558
481.859 0.81993
482.108 0.820301
482.356 0.82067
482.604 0.821039
482.853 0.821407
483.101 0.821774
483.35 0.82214
483.598 0.822505
483.846 0.822869
484.095 0.823233
484.343 0.823595
484.591 0.823956
484.84 0.824317
485.088 0.824676
485.337 0.825035
485.585 0.825393
485.833 0.82575
486.082 0.826106
486.33 0.826461
486.579 0.826815
486.827 0.827168
487.075 0.82752
487.324 0.827872
487.572 0.828222
487.821 0.828572
488.069 0.82892
488.318 0.829268
488.566 0.829615
488.814 0.829961
489.063 0.830307
489.311 0.830651
489.56 0.830995
489.808 0.831337
490.057 0.831679
490.305 0.83202
490.553 0.83236
490.802 0.832699
491.05 0.833037
491.299 0.833375
491.547 0.833711
491.796 0.834047
492.044 0.834382
492.293 0.834716
492.541 0.83505
492.79 0.835382
493.038 0.835714
493.287 0.836044
493.535 0.836374
493.783 0.836703
494.032 0.837032
494.28 0.837359
494.529 0.837686
494.777 0.838012
495.026 0.838337
495.274 0.838661
495.523 0.838984
495.771 0.839307
496.02 0.839629
496.268 0.83995
496.517 0.84027
496.765 0.840589
497.014 0.840908
497.262 0.841226
497.511 0.841543
497.76 0.841859
498.008 0.842174
498.257 0.842489
498.505 0.842803
498.754 0.843116
499.002 0.843428
499.251 0.84374
499.499 0.844051
499.748 0.844361
499.996 0.84467
500.245 0.844978
500.493 0.845286
500.742 0.845593
500.991 0.845899
501.239 0.846205
501.488 0.846509
501.736 0.846813
501.985 0.847116
502.233 0.847419
502.482 0.84772
502.731 0.848021
502.979 0.848322
503.228 0.848621
503.476 0.84892
503.725 0.849218
503.973 0.849515
504.222 0.849812
504.471 0.850108
504.719 0.850403
504.968 0.850697
505.216 0.850991
505.465 0.851284
505.714 0.851576
505.962 0.851867
506.211 0.852158
506.459 0.852448
506.708 0.852738
506.957 0.853026
507.205 0.853314
507.454 0.853601
507.703 0.853888
507.951 0.854174
508.2 0.854459
508.448 0.854743
508.697 0.855027
508.946 0.85531
509.194 0.855593
509.443 0.855874
509.692 0.856155
509.94 0.856436
510.189 0.856715
510.438 0.856994
510.686 0.857273
510.935 0.85755
511.183 0.857827
511.432 0.858104
511.681 0.858379
511.929 0.858654
512.178 0.858929
512.427 0.859202
512.675 0.859475
512.924 0.859747
513.173 0.860019
513.421 0.86029
513.67 0.86056
513.919 0.86083
514.168 0.861099
514.416 0.861368
514.665 0.861635
514.914 0.861902
515.162 0.862169
515.411 0.862435
515.66 0.8627
515.908 0.862965
516.157 0.863228
516.406 0.863492
516.655 0.863754
516.903 0.864016
517.152 0.864278
517.401 0.864539
517.649 0.864799
517.898 0.865058
518.147 0.865317
518.396 0.865576
518.644 0.865833
518.893 0.86609
519.142 0.866347
519.39 0.866603
519.639 0.866858
519.888 0.867112
520.137 0.867366
520.385 0.86762
520.634 0.867873
520.883 0.868125
521.132 0.868376
521.38 0.868627
521.629 0.868878
521.878 0.869128
522.127 0.869377
522.375 0.869626
522.624 0.869874
522.873 0.870121
523.122 0.870368
523.37 0.870614
523.619 0.87086
523.868 0.871105
524.117 0.87135
524.366 0.871594
524.614 0.871837
524.863 0.87208
525.112 0.872322
525.361 0.872564
525.609 0.872805
525.858 0.873045
526.107 0.873285
526.356 0.873525
526.605 0.873764
526.853 0.874002
527.102 0.87424
527.351 0.874477
527.6 0.874713
527.849 0.874949
528.097 0.875185
528.346 0.87542
528.595 0.875654
528.844 0.875888
529.093 0.876121
529.341 0.876354
529.59 0.876586
529.839 0.876818
530.088 0.877049
530.337 0.87728
530.586 0.87751
530.834 0.877739
531.083 0.877968
531.332 0.878197
531.581 0.878425
531.83 0.878652
532.079 0.878879
532.327 0.879105
532.576 0.879331
532.825 0.879556
533.074 0.879781
533.323 0.880005
533.572 0.880229
533.821 0.880452
534.069 0.880675
534.318 0.880897
534.567 0.881118
534.816 0.88134
535.065 0.88156
535.314 0.88178
535.563 0.882
535.811 0.882219
536.06 0.882438
536.309 0.882656
536.558 0.882873
536.807 0.88309
537.056 0.883307
537.305 0.883523
537.554 0.883738
537.802 0.883953
538.051 0.884168
538.3 0.884382
538.549 0.884596
538.798 0.884809
539.047 0.885021
539.296 0.885233
539.545 0.885445
539.794 0.885656
540.042 0.885867
540.291 0.886077
540.54 0.886287
540.789 0.886496
541.038 0.886705
541.287 0.886913
541.536 0.887121
541.785 0.887328
542.034 0.887535
542.283 0.887741
542.532 0.887947
542.781 0.888152
543.029 0.888357
543.278 0.888562
543.527 0.888766
543.776 0.888969
544.025 0.889173
544.274 0.889375
544.523 0.889577
544.772 0.889779
545.021 0.88998
545.27 0.890181
545.519 0.890381
545.768 0.890581
546.017 0.890781
546.266 0.89098
546.515 0.891178
546.763 0.891376
547.012 0.891574
547.261 0.891771
547.51 0.891968
547.759 0.892164
548.008 0.89236
548.257 0.892555
548.506 0.89275
548.755 0.892945
549.004 0.893139
549.253 0.893332
549.502 0.893525
549.751 0.893718
550 0.89391
550.249 0.894102
550.498 0.894294
550.747 0.894485
550.996 0.894675
551.245 0.894866
551.494 0.895055
551.743 0.895245
551.992 0.895433
552.241 0.895622
552.49 0.89581
552.739 0.895998
552.988 0.896185
553.237 0.896372
553.486 0.896558
553.735 0.896744
553.984 0.896929
554.233 0.897114
554.482 0.897299
554.731 0.897483
554.98 0.897667
555.229 0.897851
555.478 0.898034
555.727 0.898216
555.976 0.898399
556.225 0.89858
556.474 0.898762
556.723 0.898943
556.972 0.899123
557.221 0.899304
557.47 0.899483
557.719 0.899663
557.968 0.899842
558.217 0.90002
558.466 0.900199
558.715 0.900377
558.964 0.900554
559.213 0.900731
559.462 0.900908
559.711 0.901084
559.96 0.90126
560.209 0.901435
560.458 0.90161
560.707 0.901785
560.956 0.901959
561.205 0.902133
561.454 0.902307
561.704 0.90248
561.953 0.902653
562.202 0.902825
562.451 0.902997
562.7 0.903169
562.949 0.90334
563.198 0.903511
563.447 0.903681
563.696 0.903851
563.945 0.904021
564.194 0.90419
564.443 0.904359
564.692 0.904528
564.941 0.904696
565.19 0.904864
565.439 0.905032
565.689 0.905199
565.938 0.905366
566.187 0.905532
566.436 0.905698
566.685 0.905864
566.934 0.906029
567.183 0.906194
567.432 0.906359
567.681 0.906523
567.93 0.906687
568.179 0.90685
568.428 0.907013
568.677 0.907176
568.927 0.907339
569.176 0.907501
569.425 0.907663
569.674 0.907824
569.923 0.907985
570.172 0.908146
570.421 0.908306
570.67 0.908466
570.919 0.908626
571.168 0.908785
571.418 0.908944
571.667 0.909103
571.916 0.909261
572.165 0.909419
572.414 0.909576
572.663 0.909734
572.912 0.90989
573.161 0.910047
573.41 0.910203
573.66 0.910359
573.909 0.910515
574.158 0.91067
574.407 0.910825
574.656 0.910979
574.905 0.911133
575.154 0.911287
575.403 0.911441
575.652 0.911594
575.902 0.911747
576.151 0.911899
576.4 0.912052
576.649 0.912204
576.898 0.912355
577.147 0.912506
577.396 0.912657
577.646 0.912808
577.895 0.912958
578.144 0.913108
578.393 0.913258
578.642 0.913407
578.891 0.913556
579.14 0.913705
579.39 0.913853
579.639 0.914001
579.888 0.914149
580.137 0.914296
580.386 0.914443
580.635 0.91459
580.884 0.914736
581.134 0.914882
581.383 0.915028
581.632 0.915174
581.881 0.915319
582.13 0.915464
582.379 0.915608
582.628 0.915753
582.878 0.915897
583.127 0.91604
583.376 0.916184
583.625 0.916327
583.874 0.916469
584.123 0.916612
584.373 0.916754
584.622 0.916896
584.871 0.917037
585.12 0.917178
585.369 0.917319
585.618 0.91746
585.868 0.9176
586.117 0.91774
586.366 0.91788
586.615 0.91802
586.864 0.918159
587.114 0.918298
587.363 0.918436
587.612 0.918574
587.861 0.918712
588.11 0.91885
588.359 0.918987
588.609 0.919125
588.858 0.919261
589.107 0.919398
589.356 0.919534
589.605 0.91967
589.855 0.919806
590.104 0.919941
590.353 0.920076
590.602 0.920211
590.851 0.920345
591.101 0.92048
591.35 0.920614
591.599 0.920747
591.848 0.920881
592.097 0.921014
592.347 0.921147
592.596 0.921279
592.845 0.921412
593.094 0.921544
593.343 0.921675
593.593 0.921807
593.842 0.921938
594.091 0.922069
594.34 0.922199
594.589 0.92233
594.839 0.92246
595.088 0.92259
595.337 0.922719
595.586 0.922848
595.835 0.922977
596.085 0.923106
596.334 0.923235
596.583 0.923363
596.832 0.923491
597.082 0.923618
597.331 0.923746
597.58 0.923873
597.829 0.924
598.078 0.924126
598.328 0.924253
598.577 0.924379
598.826 0.924505
599.075 0.92463
599.325 0.924755
599.574 0.92488
599.823 0.925005
600.072 0.92513
600.321 0.925254
600.571 0.925378
600.82 0.925502
601.069 0.925625
601.318 0.925748
601.568 0.925871
601.817 0.925994
602.066 0.926117
602.315 0.926239
602.565 0.926361
602.814 0.926483
603.063 0.926604
603.312 0.926725
603.562 0.926846
603.811 0.926967
604.06 0.927087
604.309 0.927208
604.558 0.927328
604.808 0.927447
605.057 0.927567
605.306 0.927686
605.555 0.927805
605.805 0.927924
606.054 0.928042
606.303 0.92816
606.552 0.928278
606.802 0.928396
607.051 0.928514
607.3 0.928631
607.549 0.928748
607.799 0.928865
608.048 0.928981
608.297 0.929098
608.546 0.929214
608.796 0.92933
609.045 0.929445
609.294 0.929561
609.544 0.929676
609.793 0.929791
610.042 0.929905
610.291 0.93002
610.541 0.930134
610.79 0.930248
611.039 0.930362
611.288 0.930475
611.538 0.930589
611.787 0.930702
612.036 0.930815
612.285 0.930927
612.535 0.931039
612.784 0.931152
613.033 0.931264
613.282 0.931375
613.532 0.931487
613.781 0.931598
614.03 0.931709
614.28 0.93182
614.529 0.93193
614.778 0.932041
615.027 0.932151
615.277 0.932261
615.526 0.93237
615.775 0.93248
616.024 0.932589
616.274 0.932698
616.523 0.932807
616.772 0.932915
617.022 0.933024
617.271 0.933132
617.52 0.93324
617.769 0.933347
618.019 0.933455
618.268 0.933562
618.517 0.933669
618.767 0.933776
619.016 0.933883
619.265 0.933989
619.514 0.934095
619.764 0.934201
620.013 0.934307
620.262 0.934412
620.512 0.934518
620.761 0.934623
621.01 0.934728
621.259 0.934832
621.509 0.934937
621.758 0.935041
622.007 0.935145
622.257 0.935249
622.506 0.935353
622.755 0.935456
623.004 0.93556
623.254 0.935663
623.503 0.935765
623.752 0.935868
624.002 0.93597
624.251 0.936073
624.5 0.936175
624.749 0.936276
624.999 0.936378
625.248 0.936479
625.497 0.936581
625.747 0.936682
625.996 0.936783
626.245 0.936883
626.495 0.936984
626.744 0.937084
626.993 0.937184
627.242 0.937284
627.492 0.937383
627.741 0.937483
627.99 0.937582
628.24 0.937681
628.489 0.93778
628.738 0.937878
628.987 0.937977
629.237 0.938075
629.486 0.938173
629.735 0.938271
629.985 0.938368
630.234 0.938466
630.483 0.938563
630.733 0.93866
630.982 0.938757
631.231 0.938854
631.481 0.93895
631.73 0.939047
631.979 0.939143
632.228 0.939239
632.478 0.939334
632.727 0.93943
632.976 0.939525
633.226 0.939621
633.475 0.939716
633.724 0.93981
633.974 0.939905
634.223 0.939999
634.472 0.940094
634.721 0.940188
634.971 0.940282
635.22 0.940375
635.469 0.940469
635.719 0.940562
635.968 0.940655
636.217 0.940748
636.467 0.940841
636.716 0.940934
636.965 0.941026
637.215 0.941118
637.464 0.94121
637.713 0.941302
637.962 0.941394
638.212 0.941485
638.461 0.941577
638.71 0.941668
638.96 0.941759
639.209 0.94185
639.458 0.94194
639.708 0.942031
639.957 0.942121
640.206 0.942211
640.456 0.942301
640.705 0.942391
640.954 0.94248
641.204 0.94257
641.453 0.942659
641.702 0.942748
641.951 0.942837
642.201 0.942926
642.45 0.943014
642.699 0.943103
642.949 0.943191
643.198 0.943279
643.447 0.943367
643.697 0.943454
643.946 0.943542
644.195 0.943629
644.445 0.943717
644.694 0.943804
644.943 0.94389
645.193 0.943977
645.442 0.944064
645.691 0.94415
645.941 0.944236
646.19 0.944322
646.439 0.944408
646.688 0.944494
646.938 0.944579
647.187 0.944664
647.436 0.94475
647.686 0.944835
647.935 0.94492
648.184 0.945004
648.434 0.945089
648.683 0.945173
648.932 0.945257
649.182 0.945341
649.431 0.945425
649.68 0.945509
649.93 0.945593
650.179 0.945676
650.428 0.945759
650.677 0.945842
650.927 0.945925
651.176 0.946008
651.425 0.946091
651.675 0.946173
651.924 0.946255
652.173 0.946337
652.423 0.946419
652.672 0.946501
652.921 0.946583
653.171 0.946664
653.42 0.946746
653.669 0.946827
653.919 0.946908
654.168 0.946989
654.417 0.94707
654.667 0.94715
654.916 0.947231
655.165 0.947311
655.414 0.947391
655.664 0.947471
655.913 0.947551
656.162 0.947631
656.412 0.94771
656.661 0.947789
656.91 0.947869
657.16 0.947948
657.409 0.948027
657.658 0.948105
657.908 0.948184
658.157 0.948263
658.406 0.948341
658.656 0.948419
658.905 0.948497
659.154 0.948575
659.404 0.948653
659.653 0.94873
659.902 0.948808
660.151 0.948885
660.401 0.948962
660.65 0.949039
660.899 0.949116
661.149 0.949193
661.398 0.949269
661.647 0.949346
661.897 0.949422
662.146 0.949498
662.395 0.949574
662.645 0.94965
662.894 0.949726
663.143 0.949801
663.392 0.949877
663.642 0.949952
663.891 0.950027
664.14 0.950102
664.39 0.950177
664.639 0.950252
664.888 0.950326
665.138 0.950401
665.387 0.950475
665.636 0.950549
665.886 0.950623
666.135 0.950697
666.384 0.950771
666.634 0.950844
666.883 0.950918
667.132 0.950991
667.381 0.951064
667.631 0.951137
667.88 0.95121
668.129 0.951283
668.379 0.951356
668.628 0.951428
668.877 0.9515
669.127 0.951573
669.376 0.951645
669.625 0.951717
669.874 0.951789
670.124 0.95186
670.373 0.951932
670.622 0.952003
670.872 0.952075
671.121 0.952146
671.37 0.952217
671.62 0.952288
671.869 0.952359
672.118 0.952429
672.367 0.9525
672.617 0.95257
672.866 0.95264
673.115 0.95271
673.365 0.95278
673.614 0.95285
673.863 0.95292
674.113 0.95299
674.362 0.953059
674.611 0.953128
674.86 0.953198
675.11 0.953267
675.359 0.953336
675.608 0.953405
675.858 0.953473
676.107 0.953542
676.356 0.95361
676.606 0.953679
676.855 0.953747
677.104 0.953815
677.353 0.953883
677.603 0.953951
677.852 0.954018
678.101 0.954086
678.351 0.954153
678.6 0.954221
678.849 0.954288
679.098 0.954355
679.348 0.954422
679.597 0.954489
679.846 0.954556
680.096 0.954622
680.345 0.954689
680.594 0.954755
680.843 0.954821
681.093 0.954887
681.342 0.954953
681.591 0.955019
681.841 0.955085
682.09 0.955151
682.339 0.955216
682.588 0.955281
682.838 0.955347
683.087 0.955412
683.336 0.955477
683.586 0.955542
683.835 0.955607
684.084 0.955671
684.333 0.955736
684.583 0.9558
684.832 0.955865
685.081 0.955929
685.33 0.955993
685.58 0.956057
685.829 0.956121
686.078 0.956184
686.328 0.956248
686.577 0.956312
686.826 0.956375
687.075 0.956438
687.325 0.956501
687.574 0.956564
687.823 0.956627
688.072 0.95669
688.322 0.956753
688.571 0.956815
688.82 0.956878
689.07 0.95694
689.319 0.957003
689.568 0.957065
689.817 0.957127
690.067 0.957189
690.316 0.95725
690.565 0.957312
690.814 0.957374
691.064 0.957435
691.313 0.957496
691.562 0.957558
691.811 0.957619
692.061 0.95768
692.31 0.957741
692.559 0.957802
692.808 0.957862
693.058 0.957923
693.307 0.957983
693.556 0.958044
693.805 0.958104
694.055 0.958164
694.304 0.958224
694.553 0.958284
694.802 0.958344
695.052 0.958404
695.301 0.958463
695.55 0.958523
695.799 0.958582
696.049 0.958641
696.298 0.958701
696.547 0.95876
696.796 0.958819
697.046 0.958878
697.295 0.958936
697.544 0.958995
697.793 0.959054
698.043 0.959112
698.292 0.95917
698.541 0.959229
698.79 0.959287
699.04 0.959345
699.289 0.959403
699.538 0.959461
699.787 0.959518
700.037 0.959576
700.286 0.959633
700.535 0.959691
700.784 0.959748
701.033 0.959805
701.283 0.959862
701.532 0.959919
701.781 0.959976
702.03 0.960033
702.28 0.96009
702.529 0.960146
702.778 0.960203
703.027 0.960259
703.276 0.960316
703.526 0.960372
703.775 0.960428
704.024 0.960484
704.273 0.96054
704.523 0.960596
704.772 0.960651
705.021 0.960707
705.27 0.960763
705.519 0.960818
705.769 0.960873
706.018 0.960928
706.267 0.960984
706.516 0.961039
706.765 0.961094
707.015 0.961148
707.264 0.961203
707.513 0.961258
707.762 0.961312
708.011 0.961367
708.261 0.961421
708.51 0.961475
708.759 0.961529
709.008 0.961583
709.258 0.961637
709.507 0.961691
709.756 0.961745
710.005 0.961799
710.254 0.961852
710.503 0.961906
710.753 0.961959
711.002 0.962013
711.251 0.962066
711.5 0.962119
711.749 0.962172
711.999 0.962225
712.248 0.962278
712.497 0.96233
712.746 0.962383
712.995 0.962436
713.245 0.962488
713.494 0.96254
713.743 0.962593
713.992 0.962645
714.241 0.962697
714.49 0.962749
714.74 0.962801
714.989 0.962853
715.238 0.962905
715.487 0.962956
715.736 0.963008
715.986 0.963059
716.235 0.963111
716.484 0.963162
716.733 0.963213
716.982 0.963264
717.231 0.963315
717.481 0.963366
717.73 0.963417
717.979 0.963468
718.228 0.963518
718.477 0.963569
718.726 0.963619
718.975 0.96367
719.225 0.96372
719.474 0.96377
719.723 0.963821
719.972 0.963871
720.221 0.963921
720.47 0.96397
720.72 0.96402
720.969 0.96407
721.218 0.96412
721.467 0.964169
721.716 0.964219
721.965 0.964268
722.214 0.964317
722.464 0.964366
722.713 0.964416
722.962 0.964465
723.211 0.964513
723.46 0.964562
723.709 0.964611
723.958 0.96466
724.208 0.964708
724.457 0.964757
724.706 0.964805
724.955 0.964854
725.204 0.964902
725.453 0.96495
725.702 0.964998
725.951 0.965046
726.201 0.965094
726.45 0.965142
726.699 0.96519
726.948 0.965238
727.197 0.965285
727.446 0.965333
727.695 0.96538
727.944 0.965428
728.193 0.965475
728.443 0.965522
728.692 0.965569
728.941 0.965616
729.19 0.965663
729.439 0.96571
729.688 0.965757
729.937 0.965804
730.186 0.96585
730.435 0.965897
730.685 0.965943
730.934 0.96599
731.183 0.966036
731.432 0.966082
731.681 0.966128
731.93 0.966174
732.179 0.96622
732.428 0.966266
732.677 0.966312
732.926 0.966358
733.175 0.966404
733.425 0.966449
733.674 0.966495
733.923 0.96654
734.172 0.966586
734.421 0.966631
734.67 0.966676
734.919 0.966721
735.168 0.966766
735.417 0.966811
735.666 0.966856
735.915 0.966901
736.164 0.966946
736.413 0.966991
736.662 0.967035
736.912 0.96708
737.161 0.967124
737.41 0.967169
737.659 0.967213
737.908 0.967257
738.157 0.967301
738.406 0.967346
738.655 0.96739
738.904 0.967433
739.153 0.967477
739.402 0.967521
739.651 0.967565
739.9 0.967609
740.149 0.967652
740.398 0.967696
740.647 0.967739
740.896 0.967782
741.145 0.967826
741.394 0.967869
741.643 0.967912
741.893 0.967955
742.142 0.967998
742.391 0.968041
742.64 0.968084
742.889 0.968127
743.138 0.968169
743.387 0.968212
743.636 0.968254
743.885 0.968297
744.134 0.968339
744.383 0.968382
744.632 0.968424
744.881 0.968466
745.13 0.968508
745.379 0.96855
745.628 0.968592
745.877 0.968634
746.126 0.968676
746.375 0.968718
746.624 0.96876
746.873 0.968801
747.122 0.968843
747.371 0.968884
747.62 0.968926
747.869 0.968967
748.118 0.969008
748.367 0.96905
748.616 0.969091
748.865 0.969132
749.114 0.969173
749.363 0.969214
749.612 0.969255
749.861 0.969296
750.11 0.969336
750.359 0.969377
750.608 0.969418
750.857 0.969458
751.106 0.969499
751.355 0.969539
751.604 0.969579
751.853 0.96962
752.102 0.96966
752.351 0.9697
752.599 0.96974
752.848 0.96978
753.097 0.96982
753.346 0.96986
753.595 0.9699
753.844 0.969939
754.093 0.969979
754.342 0.970019
754.591 0.970058
754.84 0.970098
755.089 0.970137
755.338 0.970177
755.587 0.970216
755.836 0.970255
756.085 0.970294
756.334 0.970333
756.583 0.970372
756.832 0.970411
757.081 0.97045
757.329 0.970489
757.578 0.970528
757.827 0.970566
758.076 0.970605
758.325 0.970644
758.574 0.970682
758.823 0.970721
759.072 0.970759
759.321 0.970797
759.57 0.970836
759.819 0.970874
760.068 0.970912
760.317 0.97095
760.565 0.970988
760.814 0.971026
761.063 0.971064
761.312 0.971102
761.561 0.971139
761.81 0.971177
762.059 0.971215
762.308 0.971252
762.557 0.97129
762.806 0.971327
763.054 0.971365
763.303 0.971402
763.552 0.971439
763.801 0.971477
764.05 0.971514
764.299 0.971551
764.548 0.971588
764.797 0.971625
765.045 0.971662
765.294 0.971699
765.543 0.971735
765.792 0.971772
766.041 0.971809
766.29 0.971845
766.539 0.971882
766.787 0.971918
767.036 0.971955
767.285 0.971991
767.534 0.972027
767.783 0.972064
768.032 0.9721
768.281 0.972136
768.529 0.972172
768.778 0.972208
769.027 0.972244
769.276 0.97228
769.525 0.972316
769.774 0.972352
770.022 0.972387
770.271 0.972423
770.52 0.972459
770.769 0.972494
771.018 0.97253
771.267 0.972565
771.515 0.9726
771.764 0.972636
772.013 0.972671
772.262 0.972706
772.511 0.972741
772.76 0.972776
773.008 0.972811
773.257 0.972846
773.506 0.972881
773.755 0.972916
774.004 0.972951
774.252 0.972986
774.501 0.97302
774.75 0.973055
774.999 0.97309
775.248 0.973124
775.496 0.973159
775.745 0.973193
775.994 0.973227
776.243 0.973262
776.491 0.973296
776.74 0.97333
776.989 0.973364
777.238 0.973398
777.487 0.973432
777.735 0.973466
777.984 0.9735
778.233 0.973534
778.482 0.973568
778.73 0.973602
778.979 0.973635
779.228 0.973669
779.477 0.973703
779.725 0.973736
779.974 0.97377
780.223 0.973803
780.472 0.973837
780.72 0.97387
780.969 0.973903
781.218 0.973936
781.467 0.97397
781.715 0.974003
781.964 0.974036
782.213 0.974069
782.462 0.974102
782.71 0.974135
782.959 0.974167
783.208 0.9742
783.456 0.974233
783.705 0.974266
783.954 0.974298
784.203 0.974331
784.451 0.974363
784.7 0.974396
784.949 0.974428
785.197 0.974461
785.446 0.974493
785.695 0.974525
785.944 0.974558
786.192 0.97459
786.441 0.974622
786.69 0.974654
786.938 0.974686
787.187 0.974718
787.436 0.97475
787.684 0.974782
787.933 0.974814
788.182 0.974845
788.43 0.974877
788.679 0.974909
788.928 0.97494
789.176 0.974972
789.425 0.975003
789.674 0.975035
789.922 0.975066
790.171 0.975098
790.42 0.975129
790.668 0.97516
790.917 0.975192
791.166 0.975223
791.414 0.975254
791.663 0.975285
791.912 0.975316
792.16 0.975347
792.409 0.975378
792.658 0.975409
792.906 0.97544
793.155 0.97547
793.403 0.975501
793.652 0.975532
793.901 0.975562
794.149 0.975593
794.398 0.975624
794.647 0.975654
794.895 0.975684
795.144 0.975715
795.392 0.975745
795.641 0.975776
795.89 0.975806
796.138 0.975836
796.387 0.975866
796.635 0.975896
796.884 0.975926
797.133 0.975956
797.381 0.975986
797.63 0.976016
797.878 0.976046
798.127 0.976076
798.375 0.976106
798.624 0.976135
798.873 0.976165
799.121 0.976195
799.37 0.976224
799.618 0.976254
799.867 0.976283
800.115 0.976313
800.364 0.976342
800.613 0.976372
800.861 0.976401
801.11 0.97643
801.358 0.976459
801.607 0.976489
801.855 0.976518
802.104 0.976547
802.352 0.976576
802.601 0.976605
802.849 0.976634
803.098 0.976663
803.347 0.976692
803.595 0.97672
803.844 0.976749
804.092 0.976778
804.341 0.976807
804.589 0.976835
804.838 0.976864
