479.933 0.19964
480.006 0.199807
480.079 0.199974
480.151 0.200141
480.224 0.200308
480.297 0.200474
480.37 0.200641
480.442 0.200808
480.515 0.200974
480.588 0.201141
480.66 0.201307
480.733 0.201474
480.806 0.20164
480.878 0.201807
480.951 0.201973
481.024 0.202139
481.096 0.202306
481.169 0.202472
481.242 0.202638
481.314 0.202804
481.387 0.20297
481.46 0.203136
481.532 0.203302
481.605 0.203468
481.678 0.203634
481.75 0.203799
481.823 0.203965
481.895 0.204131
481.968 0.204296
482.041 0.204462
482.113 0.204627
482.186 0.204793
482.258 0.204958
482.331 0.205124
482.403 0.205289
482.476 0.205454
482.549 0.20562
482.621 0.205785
482.694 0.20595
482.766 0.206115
482.839 0.20628
482.911 0.206445
482.984 0.20661
483.056 0.206775
483.129 0.206939
483.201 0.207104
483.274 0.207269
483.346 0.207433
483.419 0.207598
483.491 0.207763
483.564 0.207927
483.636 0.208091
483.708 0.208256
483.781 0.20842
483.853 0.208584
483.926 0.208749
483.998 0.208913
484.071 0.209077
484.143 0.209241
484.215 0.209405
484.288 0.209569
484.36 0.209733
484.433 0.209896
484.505 0.21006
484.577 0.210224
484.65 0.210388
484.722 0.210551
484.794 0.210715
484.867 0.210878
484.939 0.211042
485.012 0.211205
485.084 0.211368
485.156 0.211531
485.229 0.211695
485.301 0.211858
485.373 0.212021
485.445 0.212184
485.518 0.212347
485.59 0.21251
485.662 0.212673
485.735 0.212835
485.807 0.212998
485.879 0.213161
485.951 0.213323
486.024 0.213486
486.096 0.213649
486.168 0.213811
486.24 0.213973
486.313 0.214136
486.385 0.214298
486.457 0.21446
486.529 0.214622
486.602 0.214784
486.674 0.214946
486.746 0.215108
486.818 0.21527
486.89 0.215432
486.962 0.215594
487.035 0.215756
487.107 0.215917
487.179 0.216079
487.251 0.21624
487.323 0.216402
487.395 0.216563
487.468 0.216725
487.54 0.216886
487.612 0.217047
487.684 0.217208
487.756 0.21737
487.828 0.217531
487.9 0.217692
487.972 0.217853
488.044 0.218013
488.117 0.218174
488.189 0.218335
488.261 0.218496
488.333 0.218656
488.405 0.218817
488.477 0.218977
488.549 0.219138
488.621 0.219298
488.693 0.219458
488.765 0.219619
488.837 0.219779
488.909 0.219939
488.981 0.220099
489.053 0.220259
489.125 0.220419
489.197 0.220579
489.269 0.220739
489.341 0.220898
489.413 0.221058
489.485 0.221218
489.557 0.221377
489.629 0.221537
489.701 0.221696
489.773 0.221855
489.845 0.222015
489.916 0.222174
489.988 0.222333
490.06 0.222492
490.132 0.222651
490.204 0.22281
490.276 0.222969
490.348 0.223128
490.42 0.223286
490.492 0.223445
490.564 0.223604
490.635 0.223762
490.707 0.223921
490.779 0.224079
490.851 0.224238
490.923 0.224396
490.995 0.224554
491.066 0.224712
491.138 0.22487
491.21 0.225028
491.282 0.225186
491.354 0.225344
491.425 0.225502
491.497 0.22566
491.569 0.225817
491.641 0.225975
491.713 0.226132
491.784 0.22629
491.856 0.226447
491.928 0.226605
492 0.226762
492.071 0.226919
492.143 0.227076
492.215 0.227233
492.286 0.22739
492.358 0.227547
492.43 0.227704
492.502 0.227861
492.573 0.228018
492.645 0.228174
492.717 0.228331
492.788 0.228487
492.86 0.228644
492.932 0.2288
493.003 0.228956
493.075 0.229113
493.147 0.229269
493.218 0.229425
493.29 0.229581
493.361 0.229737
493.433 0.229893
493.505 0.230048
493.576 0.230204
493.648 0.23036
493.719 0.230515
493.791 0.230671
493.863 0.230826
493.934 0.230982
494.006 0.231137
494.077 0.231292
494.149 0.231447
494.22 0.231602
494.292 0.231757
494.363 0.231912
494.435 0.232067
494.506 0.232222
494.578 0.232377
494.649 0.232531
494.721 0.232686
494.792 0.232841
494.864 0.232995
494.935 0.233149
495.007 0.233304
495.078 0.233458
495.15 0.233612
495.221 0.233766
495.293 0.23392
495.364 0.234074
495.436 0.234228
495.507 0.234381
495.578 0.234535
495.65 0.234689
495.721 0.234842
495.793 0.234996
495.864 0.235149
495.935 0.235303
496.007 0.235456
496.078 0.235609
496.15 0.235762
496.221 0.235915
496.292 0.236068
496.364 0.236221
496.435 0.236374
496.506 0.236526
496.578 0.236679
496.649 0.236832
496.72 0.236984
496.792 0.237136
496.863 0.237289
496.934 0.237441
497.005 0.237593
497.077 0.237745
497.148 0.237897
497.219 0.238049
497.291 0.238201
497.362 0.238353
497.433 0.238505
497.504 0.238656
497.575 0.238808
497.647 0.23896
497.718 0.239111
497.789 0.239262
497.86 0.239414
497.932 0.239565
498.003 0.239716
498.074 0.239867
498.145 0.240018
498.216 0.240169
498.287 0.24032
498.359 0.24047
498.43 0.240621
498.501 0.240771
498.572 0.240922
498.643 0.241072
498.714 0.241223
498.785 0.241373
498.857 0.241523
498.928 0.241673
498.999 0.241823
499.07 0.241973
499.141 0.242123
499.212 0.242273
499.283 0.242423
499.354 0.242572
499.425 0.242722
499.496 0.242871
499.567 0.243021
499.638 0.24317
499.709 0.243319
499.78 0.243468
499.851 0.243617
499.922 0.243766
499.993 0.243915
500.064 0.244064
500.135 0.244213
500.206 0.244361
500.277 0.24451
500.348 0.244659
500.419 0.244807
500.49 0.244955
500.561 0.245104
500.632 0.245252
500.703 0.2454
500.774 0.245548
500.845 0.245696
500.916 0.245844
500.987 0.245991
501.058 0.246139
501.129 0.246287
501.2 0.246434
501.27 0.246582
501.341 0.246729
501.412 0.246876
501.483 0.247024
501.554 0.247171
501.625 0.247318
501.696 0.247465
501.766 0.247612
501.837 0.247758
501.908 0.247905
501.979 0.248052
502.05 0.248198
502.12 0.248345
502.191 0.248491
502.262 0.248637
502.333 0.248784
502.404 0.24893
502.474 0.249076
502.545 0.249222
502.616 0.249368
502.687 0.249514
502.757 0.249659
502.828 0.249805
502.899 0.24995
502.97 0.250096
503.04 0.250241
503.111 0.250387
503.182 0.250532
503.252 0.250677
503.323 0.250822
503.394 0.250967
503.464 0.251112
503.535 0.251257
503.606 0.251401
503.676 0.251546
503.747 0.251691
503.818 0.251835
503.888 0.251979
503.959 0.252124
504.029 0.252268
504.1 0.252412
504.171 0.252556
504.241 0.2527
504.312 0.252844
504.382 0.252988
504.453 0.253131
504.524 0.253275
504.594 0.253418
504.665 0.253562
504.735 0.253705
504.806 0.253848
504.876 0.253992
504.947 0.254135
505.017 0.254278
505.088 0.254421
505.158 0.254564
505.229 0.254706
505.299 0.254849
505.37 0.254992
505.44 0.255134
505.511 0.255276
505.581 0.255419
505.652 0.255561
505.722 0.255703
505.793 0.255845
505.863 0.255987
505.933 0.256129
506.004 0.256271
506.074 0.256413
506.145 0.256554
506.215 0.256696
506.285 0.256837
506.356 0.256979
506.426 0.25712
506.497 0.257261
506.567 0.257402
506.637 0.257543
506.708 0.257684
506.778 0.257825
506.848 0.257966
506.919 0.258106
506.989 0.258247
507.059 0.258387
507.13 0.258528
507.2 0.258668
507.27 0.258808
507.34 0.258949
507.411 0.259089
507.481 0.259229
507.551 0.259368
507.622 0.259508
507.692 0.259648
507.762 0.259788
507.832 0.259927
507.902 0.260066
507.973 0.260206
508.043 0.260345
508.113 0.260484
508.183 0.260623
508.253 0.260762
508.324 0.260901
508.394 0.26104
508.464 0.261179
508.534 0.261317
508.604 0.261456
508.674 0.261594
508.745 0.261733
508.815 0.261871
508.885 0.262009
508.955 0.262147
509.025 0.262285
509.095 0.262423
509.165 0.262561
509.235 0.262699
509.305 0.262836
509.376 0.262974
509.446 0.263111
509.516 0.263249
509.586 0.263386
509.656 0.263523
509.726 0.26366
509.796 0.263797
509.866 0.263934
509.936 0.264071
510.006 0.264208
510.076 0.264345
510.146 0.264481
510.216 0.264618
510.286 0.264754
510.356 0.26489
510.426 0.265026
510.496 0.265163
510.566 0.265299
510.636 0.265435
510.706 0.26557
510.776 0.265706
510.845 0.265842
510.915 0.265977
510.985 0.266113
511.055 0.266248
511.125 0.266383
511.195 0.266519
511.265 0.266654
511.335 0.266789
511.405 0.266924
511.474 0.267059
511.544 0.267193
511.614 0.267328
511.684 0.267462
511.754 0.267597
511.824 0.267731
511.893 0.267866
511.963 0.268
512.033 0.268134
512.103 0.268268
512.173 0.268402
512.242 0.268536
512.312 0.268669
512.382 0.268803
512.452 0.268936
512.521 0.26907
512.591 0.269203
512.661 0.269336
512.731 0.26947
512.8 0.269603
512.87 0.269736
512.94 0.269869
513.009 0.270001
513.079 0.270134
513.149 0.270267
513.218 0.270399
513.288 0.270532
513.358 0.270664
513.427 0.270796
513.497 0.270928
513.567 0.27106
513.636 0.271192
513.706 0.271324
513.776 0.271456
513.845 0.271588
513.915 0.271719
513.984 0.271851
514.054 0.271982
514.124 0.272113
514.193 0.272245
514.263 0.272376
514.332 0.272507
514.402 0.272638
514.471 0.272769
514.541 0.272899
514.61 0.27303
514.68 0.27316
514.749 0.273291
514.819 0.273421
514.888 0.273552
514.958 0.273682
515.027 0.273812
515.097 0.273942
515.166 0.274072
515.236 0.274202
515.305 0.274331
515.375 0.274461
515.444 0.27459
515.513 0.27472
515.583 0.274849
515.652 0.274978
515.722 0.275107
515.791 0.275236
515.861 0.275365
515.93 0.275494
515.999 0.275623
516.069 0.275752
516.138 0.27588
516.207 0.276009
516.277 0.276137
516.346 0.276265
516.415 0.276394
516.485 0.276522
516.554 0.27665
516.623 0.276778
516.693 0.276905
516.762 0.277033
516.831 0.277161
516.9 0.277288
516.97 0.277416
517.039 0.277543
517.108 0.27767
517.177 0.277797
517.247 0.277924
517.316 0.278051
517.385 0.278178
517.454 0.278305
517.524 0.278431
517.593 0.278558
517.662 0.278684
517.731 0.278811
517.8 0.278937
517.869 0.279063
517.939 0.279189
518.008 0.279315
518.077 0.279441
518.146 0.279567
518.215 0.279693
518.284 0.279818
518.353 0.279944
518.423 0.280069
518.492 0.280195
518.561 0.28032
518.63 0.280445
518.699 0.28057
518.768 0.280695
518.837 0.28082
518.906 0.280944
518.975 0.281069
519.044 0.281193
519.113 0.281318
519.182 0.281442
519.251 0.281567
519.32 0.281691
519.389 0.281815
519.458 0.281939
519.527 0.282063
519.596 0.282186
519.665 0.28231
519.734 0.282433
519.803 0.282557
519.872 0.28268
519.941 0.282804
520.01 0.282927
520.079 0.28305
520.148 0.283173
520.217 0.283296
520.286 0.283419
520.354 0.283541
520.423 0.283664
520.492 0.283786
520.561 0.283909
520.63 0.284031
520.699 0.284153
520.768 0.284275
520.836 0.284397
520.905 0.284519
520.974 0.284641
521.043 0.284763
521.112 0.284884
521.181 0.285006
521.249 0.285127
521.318 0.285249
521.387 0.28537
521.456 0.285491
521.524 0.285612
521.593 0.285733
521.662 0.285854
521.731 0.285974
521.799 0.286095
521.868 0.286216
521.937 0.286336
522.006 0.286456
522.074 0.286577
522.143 0.286697
522.212 0.286817
522.28 0.286937
522.349 0.287057
522.418 0.287176
522.486 0.287296
522.555 0.287416
522.624 0.287535
522.692 0.287654
522.761 0.287774
522.829 0.287893
522.898 0.288012
522.967 0.288131
523.035 0.28825
523.104 0.288369
523.172 0.288487
523.241 0.288606
523.309 0.288724
523.378 0.288843
523.447 0.288961
523.515 0.289079
523.584 0.289197
523.652 0.289315
523.721 0.289433
523.789 0.289551
523.858 0.289668
523.926 0.289786
523.995 0.289904
524.063 0.290021
524.131 0.290138
524.2 0.290255
524.268 0.290372
524.337 0.290489
524.405 0.290606
524.474 0.290723
524.542 0.29084
524.61 0.290956
524.679 0.291073
524.747 0.291189
524.816 0.291306
524.884 0.291422
524.952 0.291538
525.021 0.291654
525.089 0.29177
525.157 0.291886
525.226 0.292001
525.294 0.292117
525.362 0.292232
525.431 0.292348
525.499 0.292463
525.567 0.292578
525.636 0.292693
525.704 0.292808
525.772 0.292923
525.84 0.293038
525.909 0.293153
525.977 0.293267
526.045 0.293382
526.113 0.293496
526.182 0.293611
526.25 0.293725
526.318 0.293839
526.386 0.293953
526.454 0.294067
526.523 0.294181
526.591 0.294294
526.659 0.294408
526.727 0.294522
526.795 0.294635
526.863 0.294748
526.931 0.294862
527 0.294975
527.068 0.295088
527.136 0.295201
527.204 0.295313
527.272 0.295426
527.34 0.295539
527.408 0.295651
527.476 0.295764
527.544 0.295876
527.612 0.295988
527.68 0.2961
527.748 0.296212
527.816 0.296324
527.885 0.296436
527.953 0.296548
528.021 0.296659
528.089 0.296771
528.156 0.296882
528.224 0.296994
528.292 0.297105
528.36 0.297216
528.428 0.297327
528.496 0.297438
528.564 0.297549
528.632 0.297659
528.7 0.29777
528.768 0.29788
528.836 0.297991
528.904 0.298101
528.972 0.298211
529.04 0.298322
529.107 0.298432
529.175 0.298541
529.243 0.298651
529.311 0.298761
529.379 0.298871
529.447 0.29898
529.515 0.29909
529.582 0.299199
529.65 0.299308
529.718 0.299417
529.786 0.299526
529.854 0.299635
529.921 0.299744
529.989 0.299853
530.057 0.299961
530.125 0.30007
530.192 0.300178
530.26 0.300286
530.328 0.300395
530.395 0.300503
530.463 0.300611
530.531 0.300719
530.599 0.300826
530.666 0.300934
530.734 0.301042
530.802 0.301149
530.869 0.301257
530.937 0.301364
531.005 0.301471
531.072 0.301578
531.14 0.301685
531.207 0.301792
531.275 0.301899
531.343 0.302006
531.41 0.302112
531.478 0.302219
531.545 0.302325
531.613 0.302431
531.681 0.302538
531.748 0.302644
531.816 0.30275
531.883 0.302856
531.951 0.302961
532.018 0.303067
532.086 0.303173
532.153 0.303278
532.221 0.303384
532.288 0.303489
532.356 0.303594
532.423 0.303699
532.491 0.303804
532.558 0.303909
532.626 0.304014
532.693 0.304118
532.76 0.304223
532.828 0.304328
532.895 0.304432
532.963 0.304536
533.03 0.30464
533.097 0.304744
533.165 0.304848
533.232 0.304952
533.3 0.305056
533.367 0.30516
533.434 0.305263
533.502 0.305367
533.569 0.30547
533.636 0.305573
533.704 0.305677
533.771 0.30578
533.838 0.305883
533.905 0.305986
533.973 0.306088
534.04 0.306191
534.107 0.306294
534.174 0.306396
534.242 0.306498
534.309 0.306601
534.376 0.306703
534.443 0.306805
534.511 0.306907
534.578 0.307009
534.645 0.30711
534.712 0.307212
534.779 0.307314
534.847 0.307415
534.914 0.307517
534.981 0.307618
535.048 0.307719
535.115 0.30782
535.182 0.307921
535.249 0.308022
535.316 0.308123
535.384 0.308223
535.451 0.308324
535.518 0.308424
535.585 0.308525
535.652 0.308625
535.719 0.308725
535.786 0.308825
535.853 0.308925
535.92 0.309025
535.987 0.309125
536.054 0.309224
536.121 0.309324
536.188 0.309423
536.255 0.309523
536.322 0.309622
536.389 0.309721
536.456 0.30982
536.523 0.309919
536.59 0.310018
536.657 0.310116
536.724 0.310215
536.791 0.310314
536.858 0.310412
536.925 0.31051
536.991 0.310609
537.058 0.310707
537.125 0.310805
537.192 0.310903
537.259 0.311001
537.326 0.311098
537.393 0.311196
537.459 0.311293
537.526 0.311391
537.593 0.311488
537.66 0.311585
537.727 0.311683
537.794 0.31178
537.86 0.311877
537.927 0.311973
537.994 0.31207
538.061 0.312167
538.127 0.312263
538.194 0.31236
538.261 0.312456
538.328 0.312552
538.394 0.312648
538.461 0.312744
538.528 0.31284
538.594 0.312936
538.661 0.313032
538.728 0.313127
538.794 0.313223
538.861 0.313318
538.928 0.313414
538.994 0.313509
539.061 0.313604
539.128 0.313699
539.194 0.313794
539.261 0.313889
539.327 0.313983
539.394 0.314078
539.461 0.314173
539.527 0.314267
539.594 0.314361
539.66 0.314455
539.727 0.31455
539.793 0.314644
539.86 0.314737
539.926 0.314831
539.993 0.314925
540.059 0.315019
540.126 0.315112
540.192 0.315206
540.259 0.315299
540.325 0.315392
540.392 0.315485
540.458 0.315578
540.525 0.315671
540.591 0.315764
540.658 0.315857
540.724 0.315949
540.79 0.316042
540.857 0.316134
540.923 0.316226
540.99 0.316319
541.056 0.316411
541.122 0.316503
541.189 0.316595
541.255 0.316686
541.321 0.316778
541.388 0.31687
541.454 0.316961
541.52 0.317053
541.587 0.317144
541.653 0.317235
541.719 0.317326
541.785 0.317417
541.852 0.317508
541.918 0.317599
541.984 0.317689
542.05 0.31778
542.117 0.317871
542.183 0.317961
542.249 0.318051
542.315 0.318141
542.381 0.318232
542.448 0.318322
542.514 0.318411
542.58 0.318501
542.646 0.318591
542.712 0.318681
542.778 0.31877
542.845 0.318859
542.911 0.318949
542.977 0.319038
543.043 0.319127
543.109 0.319216
543.175 0.319305
543.241 0.319394
543.307 0.319482
543.373 0.319571
543.439 0.319659
543.505 0.319748
543.572 0.319836
543.638 0.319924
543.704 0.320012
543.77 0.3201
543.836 0.320188
543.902 0.320276
543.968 0.320364
544.034 0.320451
544.1 0.320539
544.165 0.320626
544.231 0.320714
544.297 0.320801
544.363 0.320888
544.429 0.320975
544.495 0.321062
544.561 0.321149
544.627 0.321235
544.693 0.321322
544.759 0.321408
544.825 0.321495
544.89 0.321581
544.956 0.321667
545.022 0.321753
545.088 0.321839
545.154 0.321925
545.22 0.322011
545.285 0.322097
545.351 0.322182
545.417 0.322268
545.483 0.322353
545.549 0.322439
545.614 0.322524
545.68 0.322609
545.746 0.322694
545.812 0.322779
545.877 0.322864
545.943 0.322948
546.009 0.323033
546.074 0.323117
546.14 0.323202
546.206 0.323286
546.271 0.32337
546.337 0.323454
546.403 0.323539
546.468 0.323622
546.534 0.323706
546.6 0.32379
546.665 0.323874
546.731 0.323957
546.797 0.324041
546.862 0.324124
546.928 0.324207
546.993 0.32429
547.059 0.324373
547.124 0.324456
547.19 0.324539
547.255 0.324622
547.321 0.324704
547.387 0.324787
547.452 0.324869
547.518 0.324952
547.583 0.325034
547.649 0.325116
547.714 0.325198
547.779 0.32528
547.845 0.325362
547.91 0.325444
547.976 0.325525
548.041 0.325607
548.107 0.325688
548.172 0.325769
548.237 0.325851
548.303 0.325932
548.368 0.326013
548.434 0.326094
548.499 0.326175
548.564 0.326255
548.63 0.326336
548.695 0.326417
548.76 0.326497
548.826 0.326578
548.891 0.326658
548.956 0.326738
549.022 0.326818
549.087 0.326898
549.152 0.326978
549.217 0.327058
549.283 0.327137
549.348 0.327217
549.413 0.327296
549.478 0.327376
549.544 0.327455
549.609 0.327534
549.674 0.327613
549.739 0.327692
549.804 0.327771
549.87 0.32785
549.935 0.327929
550 0.328007
550.065 0.328086
550.13 0.328164
550.195 0.328242
550.261 0.328321
550.326 0.328399
550.391 0.328477
550.456 0.328555
550.521 0.328632
550.586 0.32871
550.651 0.328788
550.716 0.328865
550.781 0.328943
550.846 0.32902
550.911 0.329097
550.976 0.329174
551.041 0.329251
551.106 0.329328
551.171 0.329405
551.236 0.329482
551.301 0.329558
551.366 0.329635
551.431 0.329711
551.496 0.329788
551.561 0.329864
551.626 0.32994
551.691 0.330016
551.756 0.330092
551.821 0.330168
551.886 0.330244
551.951 0.330319
552.015 0.330395
552.08 0.330471
552.145 0.330546
552.21 0.330621
552.275 0.330696
552.34 0.330771
552.404 0.330846
552.469 0.330921
552.534 0.330996
552.599 0.331071
552.664 0.331145
552.728 0.33122
552.793 0.331294
552.858 0.331369
552.923 0.331443
552.987 0.331517
553.052 0.331591
553.117 0.331665
553.182 0.331739
553.246 0.331812
553.311 0.331886
553.376 0.33196
553.44 0.332033
553.505 0.332106
553.57 0.33218
553.634 0.332253
553.699 0.332326
553.764 0.332399
553.828 0.332472
553.893 0.332544
553.957 0.332617
554.022 0.33269
554.087 0.332762
554.151 0.332834
554.216 0.332907
554.28 0.332979
554.345 0.333051
554.409 0.333123
554.474 0.333195
554.538 0.333267
554.603 0.333338
554.667 0.33341
554.732 0.333481
554.796 0.333553
554.861 0.333624
554.925 0.333695
554.99 0.333766
555.054 0.333838
555.119 0.333908
555.183 0.333979
555.247 0.33405
555.312 0.334121
555.376 0.334191
555.441 0.334262
555.505 0.334332
555.569 0.334402
555.634 0.334472
555.698 0.334543
555.762 0.334613
555.827 0.334682
555.891 0.334752
555.955 0.334822
556.02 0.334891
556.084 0.334961
556.148 0.33503
556.213 0.3351
556.277 0.335169
556.341 0.335238
556.405 0.335307
556.47 0.335376
556.534 0.335445
556.598 0.335514
556.662 0.335582
556.726 0.335651
556.791 0.335719
556.855 0.335787
556.919 0.335856
556.983 0.335924
557.047 0.335992
557.111 0.33606
557.176 0.336128
557.24 0.336196
557.304 0.336263
557.368 0.336331
557.432 0.336398
557.496 0.336466
557.56 0.336533
557.624 0.3366
557.688 0.336667
557.752 0.336735
557.816 0.336801
557.88 0.336868
557.944 0.336935
558.008 0.337002
558.072 0.337068
558.136 0.337135
558.2 0.337201
558.264 0.337267
558.328 0.337334
558.392 0.3374
558.456 0.337466
558.52 0.337531
558.584 0.337597
558.648 0.337663
558.712 0.337729
558.776 0.337794
558.84 0.33786
558.904 0.337925
558.967 0.33799
559.031 0.338055
559.095 0.33812
559.159 0.338185
559.223 0.33825
559.287 0.338315
559.35 0.33838
559.414 0.338444
559.478 0.338509
559.542 0.338573
559.606 0.338637
559.669 0.338702
559.733 0.338766
559.797 0.33883
559.861 0.338894
559.924 0.338957
559.988 0.339021
560.052 0.339085
560.115 0.339148
560.179 0.339212
560.243 0.339275
560.306 0.339339
560.37 0.339402
560.434 0.339465
560.497 0.339528
560.561 0.339591
560.625 0.339653
560.688 0.339716
560.752 0.339779
560.815 0.339841
560.879 0.339904
560.943 0.339966
561.006 0.340028
561.07 0.340091
561.133 0.340153
561.197 0.340215
561.26 0.340276
561.324 0.340338
561.387 0.3404
561.451 0.340462
561.514 0.340523
561.578 0.340584
561.641 0.340646
561.705 0.340707
561.768 0.340768
561.832 0.340829
561.895 0.34089
561.958 0.340951
562.022 0.341012
562.085 0.341072
562.149 0.341133
562.212 0.341194
562.275 0.341254
562.339 0.341314
562.402 0.341375
562.465 0.341435
562.529 0.341495
562.592 0.341555
562.655 0.341614
562.719 0.341674
562.782 0.341734
562.845 0.341793
562.909 0.341853
562.972 0.341912
563.035 0.341972
563.098 0.342031
563.162 0.34209
563.225 0.342149
563.288 0.342208
563.351 0.342267
563.414 0.342326
563.478 0.342384
563.541 0.342443
563.604 0.342501
563.667 0.34256
563.73 0.342618
563.793 0.342676
563.857 0.342734
563.92 0.342792
563.983 0.34285
564.046 0.342908
564.109 0.342966
564.172 0.343023
564.235 0.343081
564.298 0.343138
564.361 0.343196
564.424 0.343253
564.487 0.34331
564.55 0.343367
564.613 0.343424
564.676 0.343481
564.739 0.343538
564.802 0.343595
564.865 0.343652
564.928 0.343708
564.991 0.343765
565.054 0.343821
565.117 0.343877
565.18 0.343934
565.243 0.34399
565.306 0.344046
565.369 0.344102
565.432 0.344158
565.495 0.344213
565.557 0.344269
565.62 0.344325
565.683 0.34438
565.746 0.344435
565.809 0.344491
565.872 0.344546
565.934 0.344601
565.997 0.344656
566.06 0.344711
566.123 0.344766
566.186 0.344821
566.248 0.344875
566.311 0.34493
566.374 0.344984
566.437 0.345039
566.499 0.345093
566.562 0.345147
566.625 0.345202
566.687 0.345256
566.75 0.34531
566.813 0.345364
566.875 0.345417
566.938 0.345471
567.001 0.345525
567.063 0.345578
567.126 0.345632
567.189 0.345685
567.251 0.345738
567.314 0.345791
567.376 0.345844
567.439 0.345897
567.501 0.34595
567.564 0.346003
567.627 0.346056
567.689 0.346108
567.752 0.346161
567.814 0.346213
567.877 0.346266
567.939 0.346318
568.002 0.34637
568.064 0.346422
568.127 0.346474
568.189 0.346526
568.251 0.346578
568.314 0.34663
568.376 0.346682
568.439 0.346733
568.501 0.346785
568.564 0.346836
568.626 0.346887
568.688 0.346938
568.751 0.34699
568.813 0.347041
568.875 0.347092
568.938 0.347142
569 0.347193
569.062 0.347244
569.125 0.347295
569.187 0.347345
569.249 0.347395
569.312 0.347446
569.374 0.347496
569.436 0.347546
569.498 0.347596
569.561 0.347646
569.623 0.347696
569.685 0.347746
569.747 0.347796
569.809 0.347845
569.872 0.347895
569.934 0.347944
569.996 0.347994
570.058 0.348043
570.12 0.348092
570.182 0.348141
570.245 0.34819
570.307 0.348239
570.369 0.348288
570.431 0.348337
570.493 0.348386
570.555 0.348434
570.617 0.348483
570.679 0.348531
570.741 0.34858
570.803 0.348628
570.865 0.348676
570.927 0.348724
570.989 0.348772
571.051 0.34882
571.113 0.348868
571.175 0.348916
571.237 0.348963
571.299 0.349011
571.361 0.349058
571.423 0.349106
571.485 0.349153
571.547 0.3492
571.609 0.349247
571.671 0.349294
571.733 0.349341
571.795 0.349388
571.856 0.349435
571.918 0.349482
571.98 0.349528
572.042 0.349575
572.104 0.349621
572.166 0.349668
572.227 0.349714
572.289 0.34976
572.351 0.349806
572.413 0.349852
572.475 0.349898
572.536 0.349944
572.598 0.34999
572.66 0.350035
572.722 0.350081
572.783 0.350126
572.845 0.350172
572.907 0.350217
572.968 0.350262
573.03 0.350308
573.092 0.350353
573.153 0.350398
573.215 0.350443
573.277 0.350487
573.338 0.350532
573.4 0.350577
573.462 0.350621
573.523 0.350666
573.585 0.35071
573.646 0.350755
573.708 0.350799
573.769 0.350843
573.831 0.350887
573.893 0.350931
573.954 0.350975
574.016 0.351019
574.077 0.351062
574.139 0.351106
574.2 0.35115
574.262 0.351193
574.323 0.351237
574.384 0.35128
574.446 0.351323
574.507 0.351366
574.569 0.351409
574.63 0.351452
574.692 0.351495
574.753 0.351538
574.814 0.351581
574.876 0.351623
574.937 0.351666
574.998 0.351708
575.06 0.351751
575.121 0.351793
575.183 0.351835
575.244 0.351877
575.305 0.351919
575.366 0.351961
575.428 0.352003
575.489 0.352045
575.55 0.352087
575.612 0.352129
575.673 0.35217
575.734 0.352212
575.795 0.352253
575.856 0.352294
575.918 0.352335
575.979 0.352377
576.04 0.352418
576.101 0.352459
576.162 0.3525
576.224 0.35254
576.285 0.352581
576.346 0.352622
576.407 0.352662
576.468 0.352703
576.529 0.352743
576.59 0.352783
576.651 0.352824
576.712 0.352864
576.773 0.352904
576.835 0.352944
576.896 0.352984
576.957 0.353024
577.018 0.353063
577.079 0.353103
577.14 0.353143
577.201 0.353182
577.262 0.353222
577.323 0.353261
577.384 0.3533
577.444 0.353339
577.505 0.353378
577.566 0.353417
577.627 0.353456
577.688 0.353495
577.749 0.353534
577.81 0.353573
577.871 0.353611
577.932 0.35365
577.993 0.353688
578.053 0.353727
578.114 0.353765
578.175 0.353803
578.236 0.353841
578.297 0.353879
578.358 0.353917
578.418 0.353955
578.479 0.353993
578.54 0.354031
578.601 0.354068
578.661 0.354106
578.722 0.354143
578.783 0.354181
578.844 0.354218
578.904 0.354255
578.965 0.354292
579.026 0.354329
579.086 0.354366
579.147 0.354403
579.208 0.35444
579.268 0.354477
579.329 0.354513
579.39 0.35455
579.45 0.354587
579.511 0.354623
579.571 0.354659
579.632 0.354696
579.692 0.354732
579.753 0.354768
579.814 0.354804
579.874 0.35484
579.935 0.354876
579.995 0.354911
580.056 0.354947
580.116 0.354983
580.177 0.355018
580.237 0.355054
580.298 0.355089
580.358 0.355125
580.419 0.35516
580.479 0.355195
580.539 0.35523
580.6 0.355265
580.66 0.3553
580.721 0.355335
580.781 0.355369
580.841 0.355404
580.902 0.355439
580.962 0.355473
581.022 0.355508
581.083 0.355542
581.143 0.355576
581.203 0.355611
581.264 0.355645
581.324 0.355679
581.384 0.355713
581.445 0.355747
581.505 0.35578
581.565 0.355814
581.625 0.355848
581.686 0.355881
581.746 0.355915
581.806 0.355948
581.866 0.355982
581.926 0.356015
581.987 0.356048
582.047 0.356081
582.107 0.356114
582.167 0.356147
582.227 0.35618
582.287 0.356213
582.347 0.356246
582.408 0.356278
582.468 0.356311
582.528 0.356343
582.588 0.356376
582.648 0.356408
582.708 0.35644
582.768 0.356472
582.828 0.356505
582.888 0.356537
582.948 0.356569
583.008 0.3566
583.068 0.356632
583.128 0.356664
583.188 0.356696
583.248 0.356727
583.308 0.356759
583.368 0.35679
583.428 0.356821
583.488 0.356853
583.548 0.356884
583.607 0.356915
583.667 0.356946
583.727 0.356977
583.787 0.357008
583.847 0.357038
583.907 0.357069
583.967 0.3571
584.026 0.35713
584.086 0.357161
584.146 0.357191
584.206 0.357222
584.266 0.357252
584.325 0.357282
584.385 0.357312
584.445 0.357342
584.505 0.357372
584.564 0.357402
584.624 0.357432
584.684 0.357462
584.744 0.357491
584.803 0.357521
584.863 0.35755
584.923 0.35758
584.982 0.357609
585.042 0.357638
585.102 0.357668
585.161 0.357697
585.221 0.357726
585.28 0.357755
585.34 0.357784
585.4 0.357812
585.459 0.357841
585.519 0.35787
585.578 0.357898
585.638 0.357927
585.697 0.357955
585.757 0.357984
585.816 0.358012
585.876 0.35804
585.935 0.358068
585.995 0.358096
586.054 0.358124
586.114 0.358152
586.173 0.35818
586.233 0.358208
586.292 0.358236
586.352 0.358263
586.411 0.358291
586.47 0.358318
586.53 0.358346
586.589 0.358373
586.648 0.3584
586.708 0.358428
586.767 0.358455
586.826 0.358482
586.886 0.358509
586.945 0.358535
587.004 0.358562
587.064 0.358589
587.123 0.358616
587.182 0.358642
587.241 0.358669
587.301 0.358695
587.36 0.358722
587.419 0.358748
587.478 0.358774
587.538 0.3588
587.597 0.358826
587.656 0.358852
587.715 0.358878
587.774 0.358904
587.833 0.35893
587.893 0.358956
587.952 0.358981
588.011 0.359007
588.07 0.359032
588.129 0.359058
588.188 0.359083
588.247 0.359108
588.306 0.359134
588.365 0.359159
588.424 0.359184
588.483 0.359209
588.543 0.359234
588.602 0.359258
588.661 0.359283
588.72 0.359308
588.779 0.359332
588.837 0.359357
588.896 0.359381
588.955 0.359406
589.014 0.35943
589.073 0.359454
589.132 0.359479
589.191 0.359503
589.25 0.359527
589.309 0.359551
589.368 0.359575
589.427 0.359598
589.485 0.359622
589.544 0.359646
589.603 0.35967
589.662 0.359693
589.721 0.359717
589.78 0.35974
589.838 0.359763
589.897 0.359787
589.956 0.35981
590.015 0.359833
590.073 0.359856
590.132 0.359879
590.191 0.359902
590.25 0.359925
590.308 0.359947
590.367 0.35997
590.426 0.359993
590.484 0.360015
590.543 0.360038
590.602 0.36006
590.66 0.360082
590.719 0.360105
590.778 0.360127
590.836 0.360149
590.895 0.360171
590.953 0.360193
591.012 0.360215
591.071 0.360237
591.129 0.360258
591.188 0.36028
591.246 0.360302
591.305 0.360323
591.363 0.360345
591.422 0.360366
591.48 0.360387
591.539 0.360409
591.597 0.36043
591.656 0.360451
591.714 0.360472
591.773 0.360493
591.831 0.360514
591.889 0.360535
591.948 0.360556
592.006 0.360576
592.065 0.360597
592.123 0.360618
592.181 0.360638
592.24 0.360659
592.298 0.360679
592.356 0.360699
592.415 0.360719
592.473 0.36074
592.531 0.36076
592.59 0.36078
592.648 0.3608
592.706 0.36082
592.764 0.360839
592.823 0.360859
592.881 0.360879
592.939 0.360898
592.997 0.360918
593.056 0.360937
593.114 0.360957
593.172 0.360976
593.23 0.360995
593.288 0.361015
593.346 0.361034
593.405 0.361053
593.463 0.361072
593.521 0.361091
593.579 0.36111
593.637 0.361128
593.695 0.361147
593.753 0.361166
593.811 0.361184
593.869 0.361203
593.927 0.361221
593.985 0.36124
594.043 0.361258
594.101 0.361276
594.159 0.361294
594.217 0.361312
594.275 0.361331
594.333 0.361348
594.391 0.361366
594.449 0.361384
594.507 0.361402
594.565 0.36142
594.623 0.361437
594.681 0.361455
594.739 0.361472
594.797 0.36149
594.854 0.361507
594.912 0.361524
594.97 0.361542
595.028 0.361559
595.086 0.361576
595.144 0.361593
595.201 0.36161
595.259 0.361627
595.317 0.361644
595.375 0.36166
595.433 0.361677
595.49 0.361694
595.548 0.36171
595.606 0.361727
595.664 0.361743
595.721 0.36176
595.779 0.361776
595.837 0.361792
595.894 0.361808
595.952 0.361824
596.01 0.36184
596.067 0.361856
596.125 0.361872
596.183 0.361888
596.24 0.361904
596.298 0.36192
596.355 0.361935
596.413 0.361951
596.47 0.361966
596.528 0.361982
596.586 0.361997
596.643 0.362012
596.701 0.362028
596.758 0.362043
596.816 0.362058
596.873 0.362073
596.931 0.362088
596.988 0.362103
597.046 0.362118
597.103 0.362133
597.16 0.362147
597.218 0.362162
597.275 0.362177
597.333 0.362191
597.39 0.362206
597.447 0.36222
597.505 0.362234
597.562 0.362249
597.62 0.362263
597.677 0.362277
597.734 0.362291
597.791 0.362305
597.849 0.362319
597.906 0.362333
597.963 0.362347
598.021 0.36236
598.078 0.362374
598.135 0.362388
598.192 0.362401
598.25 0.362415
598.307 0.362428
598.364 0.362442
598.421 0.362455
598.478 0.362468
598.536 0.362481
598.593 0.362494
598.65 0.362507
598.707 0.36252
598.764 0.362533
598.821 0.362546
598.878 0.362559
598.936 0.362572
598.993 0.362584
599.05 0.362597
599.107 0.362609
599.164 0.362622
599.221 0.362634
599.278 0.362647
599.335 0.362659
599.392 0.362671
599.449 0.362683
599.506 0.362695
599.563 0.362708
599.62 0.362719
599.677 0.362731
599.734 0.362743
599.791 0.362755
599.848 0.362767
599.905 0.362778
599.961 0.36279
600.018 0.362802
600.075 0.362813
600.132 0.362824
600.189 0.362836
600.246 0.362847
600.303 0.362858
600.359 0.362869
600.416 0.36288
600.473 0.362892
600.53 0.362902
600.587 0.362913
600.643 0.362924
600.7 0.362935
600.757 0.362946
600.814 0.362956
600.87 0.362967
600.927 0.362978
600.984 0.362988
601.04 0.362998
601.097 0.363009
601.154 0.363019
601.21 0.363029
601.267 0.363039
601.324 0.36305
601.38 0.36306
601.437 0.36307
601.494 0.363079
601.55 0.363089
601.607 0.363099
601.663 0.363109
601.72 0.363119
601.776 0.363128
601.833 0.363138
601.89 0.363147
601.946 0.363157
602.003 0.363166
602.059 0.363175
602.116 0.363185
602.172 0.363194
602.228 0.363203
602.285 0.363212
602.341 0.363221
602.398 0.36323
602.454 0.363239
602.511 0.363248
602.567 0.363256
602.623 0.363265
602.68 0.363274
602.736 0.363282
602.792 0.363291
602.849 0.363299
602.905 0.363308
602.961 0.363316
603.018 0.363324
603.074 0.363333
603.13 0.363341
603.187 0.363349
603.243 0.363357
603.299 0.363365
603.355 0.363373
603.412 0.363381
603.468 0.363388
603.524 0.363396
603.58 0.363404
603.636 0.363412
603.693 0.363419
603.749 0.363427
603.805 0.363434
603.861 0.363441
603.917 0.363449
603.973 0.363456
604.029 0.363463
604.085 0.36347
604.142 0.363478
604.198 0.363485
604.254 0.363492
604.31 0.363498
604.366 0.363505
604.422 0.363512
604.478 0.363519
604.534 0.363526
604.59 0.363532
604.646 0.363539
604.702 0.363545
604.758 0.363552
604.814 0.363558
604.87 0.363564
604.926 0.363571
604.982 0.363577
605.037 0.363583
605.093 0.363589
605.149 0.363595
605.205 0.363601
605.261 0.363607
605.317 0.363613
605.373 0.363619
605.428 0.363625
605.484 0.36363
605.54 0.363636
605.596 0.363642
605.652 0.363647
605.707 0.363653
605.763 0.363658
605.819 0.363663
605.875 0.363669
605.93 0.363674
605.986 0.363679
606.042 0.363684
606.098 0.363689
606.153 0.363694
606.209 0.363699
606.265 0.363704
606.32 0.363709
606.376 0.363714
606.432 0.363718
606.487 0.363723
606.543 0.363728
606.598 0.363732
606.654 0.363737
606.709 0.363741
606.765 0.363745
606.821 0.36375
606.876 0.363754
606.932 0.363758
606.987 0.363762
607.043 0.363767
607.098 0.363771
607.154 0.363775
607.209 0.363779
607.265 0.363782
607.32 0.363786
607.376 0.36379
607.431 0.363794
607.486 0.363797
607.542 0.363801
607.597 0.363804
607.653 0.363808
607.708 0.363811
607.763 0.363815
607.819 0.363818
607.874 0.363821
607.929 0.363825
607.985 0.363828
608.04 0.363831
608.095 0.363834
608.15 0.363837
608.206 0.36384
608.261 0.363843
608.316 0.363845
608.372 0.363848
608.427 0.363851
608.482 0.363853
608.537 0.363856
608.592 0.363859
608.648 0.363861
608.703 0.363864
608.758 0.363866
608.813 0.363868
608.868 0.363871
608.923 0.363873
608.978 0.363875
609.034 0.363877
609.089 0.363879
609.144 0.363881
609.199 0.363883
609.254 0.363885
609.309 0.363887
609.364 0.363888
609.419 0.36389
609.474 0.363892
609.529 0.363893
609.584 0.363895
609.639 0.363897
609.694 0.363898
609.749 0.363899
609.804 0.363901
609.859 0.363902
609.914 0.363903
609.969 0.363904
610.023 0.363906
610.078 0.363907
610.133 0.363908
610.188 0.363909
610.243 0.363909
610.298 0.36391
610.353 0.363911
610.407 0.363912
610.462 0.363913
610.517 0.363913
610.572 0.363914
610.627 0.363914
610.681 0.363915
610.736 0.363915
610.791 0.363916
