296.686 0.266488
296.931 0.267414
297.176 0.268341
297.421 0.269268
297.666 0.270197
297.911 0.271126
298.157 0.272056
298.402 0.272987
298.647 0.273918
298.892 0.27485
299.137 0.275783
299.382 0.276717
299.627 0.277651
299.872 0.278586
300.118 0.279522
300.363 0.280459
300.608 0.281396
300.853 0.282334
301.098 0.283272
301.343 0.284211
301.589 0.285151
301.834 0.286092
302.079 0.287033
302.324 0.287975
302.569 0.288917
302.814 0.28986
303.06 0.290804
303.305 0.291748
303.55 0.292693
303.795 0.293639
304.041 0.294585
304.286 0.295531
304.531 0.296478
304.776 0.297426
305.022 0.298375
305.267 0.299323
305.512 0.300273
305.757 0.301223
306.003 0.302173
306.248 0.303124
306.493 0.304076
306.739 0.305028
306.984 0.30598
307.229 0.306933
307.475 0.307887
307.72 0.308841
307.965 0.309795
308.21 0.31075
308.456 0.311706
308.701 0.312661
308.947 0.313618
309.192 0.314574
309.437 0.315532
309.683 0.316489
309.928 0.317447
310.173 0.318405
310.419 0.319364
310.664 0.320323
310.91 0.321283
311.155 0.322243
311.4 0.323203
311.646 0.324164
311.891 0.325125
312.137 0.326086
312.382 0.327048
312.627 0.32801
312.873 0.328972
313.118 0.329934
313.364 0.330897
313.609 0.331861
313.855 0.332824
314.1 0.333788
314.346 0.334752
314.591 0.335717
314.837 0.336681
315.082 0.337646
315.328 0.338611
315.573 0.339577
315.819 0.340543
316.064 0.341508
316.31 0.342475
316.555 0.343441
316.801 0.344407
317.046 0.345374
317.292 0.346341
317.537 0.347308
317.783 0.348276
318.028 0.349243
318.274 0.350211
318.52 0.351179
318.765 0.352147
319.011 0.353115
319.256 0.354083
319.502 0.355052
319.748 0.35602
319.993 0.356989
320.239 0.357958
320.484 0.358927
320.73 0.359896
320.976 0.360865
321.221 0.361834
321.467 0.362803
321.712 0.363773
321.958 0.364742
322.204 0.365712
322.449 0.366681
322.695 0.367651
322.941 0.36862
323.186 0.36959
323.432 0.37056
323.678 0.371529
323.924 0.372499
324.169 0.373469
324.415 0.374438
324.661 0.375408
324.906 0.376378
325.152 0.377348
325.398 0.378317
325.644 0.379287
325.889 0.380256
326.135 0.381226
326.381 0.382195
326.626 0.383165
326.872 0.384134
327.118 0.385103
327.364 0.386073
327.61 0.387042
327.855 0.388011
328.101 0.38898
328.347 0.389949
328.593 0.390917
328.838 0.391886
329.084 0.392854
329.33 0.393823
329.576 0.394791
329.822 0.395759
330.068 0.396727
330.313 0.397695
330.559 0.398662
330.805 0.39963
331.051 0.400597
331.297 0.401564
331.543 0.402531
331.788 0.403497
332.034 0.404464
332.28 0.40543
332.526 0.406396
332.772 0.407362
333.018 0.408328
333.264 0.409293
333.51 0.410258
333.756 0.411223
334.001 0.412188
334.247 0.413152
334.493 0.414116
334.739 0.41508
334.985 0.416044
335.231 0.417007
335.477 0.41797
335.723 0.418933
335.969 0.419896
336.215 0.420858
336.461 0.42182
336.707 0.422781
336.953 0.423742
337.199 0.424703
337.445 0.425664
337.691 0.426624
337.937 0.427584
338.183 0.428543
338.429 0.429502
338.675 0.430461
338.921 0.43142
339.167 0.432378
339.413 0.433335
339.659 0.434293
339.905 0.435249
340.151 0.436206
340.397 0.437162
340.643 0.438118
340.889 0.439073
341.135 0.440028
341.381 0.440982
341.627 0.441936
341.873 0.44289
342.119 0.443843
342.366 0.444795
342.612 0.445748
342.858 0.446699
343.104 0.447651
343.35 0.448601
343.596 0.449552
343.842 0.450502
344.088 0.451451
344.334 0.4524
344.581 0.453348
344.827 0.454296
345.073 0.455243
345.319 0.45619
345.565 0.457137
345.811 0.458082
346.058 0.459028
346.304 0.459972
346.55 0.460917
346.796 0.46186
347.042 0.462803
347.288 0.463746
347.535 0.464688
347.781 0.465629
348.027 0.46657
348.273 0.46751
348.519 0.46845
348.766 0.469389
349.012 0.470328
349.258 0.471265
349.504 0.472203
349.751 0.473139
349.997 0.474076
350.243 0.475011
350.489 0.475946
350.736 0.47688
350.982 0.477814
351.228 0.478747
351.474 0.479679
351.721 0.48061
351.967 0.481541
352.213 0.482472
352.46 0.483401
352.706 0.48433
352.952 0.485259
353.199 0.486186
353.445 0.487113
353.691 0.48804
353.937 0.488965
354.184 0.48989
354.43 0.490814
354.676 0.491738
354.923 0.492661
355.169 0.493583
355.416 0.494504
355.662 0.495425
355.908 0.496345
356.155 0.497264
356.401 0.498182
356.647 0.4991
356.894 0.500017
357.14 0.500933
357.387 0.501848
357.633 0.502763
357.879 0.503677
358.126 0.50459
358.372 0.505502
358.619 0.506414
358.865 0.507325
359.111 0.508235
359.358 0.509144
359.604 0.510052
359.851 0.51096
360.097 0.511867
360.344 0.512773
360.59 0.513678
360.837 0.514582
361.083 0.515486
361.33 0.516389
361.576 0.51729
361.823 0.518191
362.069 0.519092
362.316 0.519991
362.562 0.52089
362.809 0.521787
363.055 0.522684
363.302 0.52358
363.548 0.524475
363.795 0.525369
364.041 0.526263
364.288 0.527155
364.534 0.528047
364.781 0.528937
365.027 0.529827
365.274 0.530716
365.52 0.531604
365.767 0.532491
366.013 0.533377
366.26 0.534263
366.507 0.535147
366.753 0.536031
367 0.536913
367.246 0.537795
367.493 0.538676
367.74 0.539555
367.986 0.540434
368.233 0.541312
368.479 0.542189
368.726 0.543065
368.973 0.54394
369.219 0.544814
369.466 0.545688
369.713 0.54656
369.959 0.547431
370.206 0.548301
370.452 0.549171
370.699 0.550039
370.946 0.550906
371.192 0.551773
371.439 0.552638
371.686 0.553502
371.932 0.554366
372.179 0.555228
372.426 0.55609
372.673 0.55695
372.919 0.557809
373.166 0.558668
373.413 0.559525
373.659 0.560382
373.906 0.561237
374.153 0.562091
374.399 0.562944
374.646 0.563797
374.893 0.564648
375.14 0.565498
375.386 0.566347
375.633 0.567195
375.88 0.568043
376.127 0.568889
376.373 0.569733
376.62 0.570577
376.867 0.57142
377.114 0.572262
377.361 0.573103
377.607 0.573942
377.854 0.574781
378.101 0.575618
378.348 0.576455
378.595 0.57729
378.841 0.578125
379.088 0.578958
379.335 0.57979
379.582 0.580621
379.829 0.581451
380.075 0.58228
380.322 0.583107
380.569 0.583934
380.816 0.584759
381.063 0.585584
381.31 0.586407
381.557 0.587229
381.803 0.58805
382.05 0.58887
382.297 0.589689
382.544 0.590507
382.791 0.591323
383.038 0.592139
383.285 0.592953
383.532 0.593766
383.778 0.594578
384.025 0.595389
384.272 0.596199
384.519 0.597007
384.766 0.597815
385.013 0.598621
385.26 0.599426
385.507 0.60023
385.754 0.601033
386.001 0.601834
386.248 0.602635
386.495 0.603434
386.742 0.604232
386.989 0.605029
387.235 0.605825
387.482 0.60662
387.729 0.607413
387.976 0.608205
388.223 0.608996
388.47 0.609786
388.717 0.610575
388.964 0.611362
389.211 0.612149
389.458 0.612934
389.705 0.613718
389.952 0.6145
390.199 0.615282
390.446 0.616062
390.693 0.616841
390.94 0.617619
391.187 0.618396
391.434 0.619171
391.682 0.619945
391.929 0.620718
392.176 0.62149
392.423 0.622261
392.67 0.62303
392.917 0.623798
393.164 0.624565
393.411 0.625331
393.658 0.626095
393.905 0.626858
394.152 0.62762
394.399 0.628381
394.646 0.62914
394.893 0.629899
395.141 0.630655
395.388 0.631411
395.635 0.632166
395.882 0.632919
396.129 0.633671
396.376 0.634422
396.623 0.635171
396.87 0.635919
397.117 0.636666
397.365 0.637412
397.612 0.638156
397.859 0.638899
398.106 0.639641
398.353 0.640382
398.6 0.641121
398.848 0.641859
399.095 0.642596
399.342 0.643332
399.589 0.644066
399.836 0.644799
400.083 0.645531
400.331 0.646261
400.578 0.64699
400.825 0.647718
401.072 0.648444
401.319 0.64917
401.567 0.649894
401.814 0.650616
402.061 0.651338
402.308 0.652058
402.555 0.652777
402.803 0.653494
403.05 0.65421
403.297 0.654925
403.544 0.655639
403.792 0.656351
404.039 0.657062
404.286 0.657772
404.533 0.65848
404.781 0.659187
405.028 0.659893
405.275 0.660597
405.523 0.6613
405.77 0.662002
406.017 0.662703
406.264 0.663402
406.512 0.6641
406.759 0.664796
407.006 0.665491
407.254 0.666185
407.501 0.666878
407.748 0.667569
407.995 0.668259
408.243 0.668948
408.49 0.669635
408.737 0.670321
408.985 0.671005
409.232 0.671689
409.479 0.672371
409.727 0.673051
409.974 0.67373
410.222 0.674408
410.469 0.675085
410.716 0.67576
410.964 0.676434
411.211 0.677107
411.458 0.677778
411.706 0.678448
411.953 0.679116
412.201 0.679783
412.448 0.680449
412.695 0.681114
412.943 0.681777
413.19 0.682439
413.437 0.683099
413.685 0.683758
413.932 0.684416
414.18 0.685072
414.427 0.685727
414.675 0.686381
414.922 0.687033
415.169 0.687684
415.417 0.688334
415.664 0.688982
415.912 0.689629
416.159 0.690275
416.407 0.690919
416.654 0.691562
416.902 0.692203
417.149 0.692843
417.397 0.693482
417.644 0.694119
417.891 0.694756
418.139 0.69539
418.386 0.696023
418.634 0.696655
418.881 0.697286
419.129 0.697915
419.376 0.698543
419.624 0.699169
419.871 0.699794
420.119 0.700418
420.366 0.701041
420.614 0.701661
420.862 0.702281
421.109 0.702899
421.357 0.703516
421.604 0.704132
421.852 0.704746
422.099 0.705359
422.347 0.70597
422.594 0.70658
422.842 0.707188
423.089 0.707796
423.337 0.708402
423.585 0.709006
423.832 0.709609
424.08 0.710211
424.327 0.710811
424.575 0.71141
424.822 0.712008
425.07 0.712604
425.318 0.713199
425.565 0.713792
425.813 0.714384
426.06 0.714975
426.308 0.715564
426.556 0.716152
426.803 0.716739
427.051 0.717324
427.298 0.717908
427.546 0.71849
427.794 0.719071
428.041 0.719651
428.289 0.720229
428.537 0.720806
428.784 0.721381
429.032 0.721956
429.28 0.722528
429.527 0.7231
429.775 0.72367
430.023 0.724238
430.27 0.724805
430.518 0.725371
430.766 0.725935
431.013 0.726499
431.261 0.72706
431.509 0.72762
431.756 0.728179
432.004 0.728737
432.252 0.729293
432.499 0.729848
432.747 0.730401
432.995 0.730953
433.243 0.731503
433.49 0.732053
433.738 0.7326
433.986 0.733147
434.233 0.733692
434.481 0.734235
434.729 0.734778
434.977 0.735319
435.224 0.735858
435.472 0.736396
435.72 0.736933
435.968 0.737468
436.215 0.738002
436.463 0.738535
436.711 0.739066
436.959 0.739596
437.206 0.740124
437.454 0.740651
437.702 0.741177
437.95 0.741701
438.198 0.742224
438.445 0.742745
438.693 0.743265
438.941 0.743784
439.189 0.744301
439.436 0.744817
439.684 0.745332
439.932 0.745845
440.18 0.746357
440.428 0.746867
440.676 0.747376
440.923 0.747884
441.171 0.74839
441.419 0.748895
441.667 0.749398
441.915 0.749901
442.163 0.750401
442.41 0.750901
442.658 0.751399
442.906 0.751895
443.154 0.75239
443.402 0.752884
443.65 0.753377
443.898 0.753868
444.145 0.754357
444.393 0.754846
444.641 0.755333
444.889 0.755818
445.137 0.756303
445.385 0.756785
445.633 0.757267
445.881 0.757747
446.128 0.758226
446.376 0.758703
446.624 0.759179
446.872 0.759653
447.12 0.760127
447.368 0.760598
447.616 0.761069
447.864 0.761538
448.112 0.762006
448.36 0.762472
448.608 0.762937
448.856 0.763401
449.104 0.763863
449.351 0.764324
449.599 0.764783
449.847 0.765241
450.095 0.765698
450.343 0.766153
450.591 0.766607
450.839 0.76706
451.087 0.767511
451.335 0.767961
451.583 0.76841
451.831 0.768857
452.079 0.769303
452.327 0.769747
452.575 0.77019
452.823 0.770632
453.071 0.771073
453.319 0.771512
453.567 0.771949
453.815 0.772386
454.063 0.772821
454.311 0.773254
454.559 0.773686
454.807 0.774117
455.055 0.774547
455.303 0.774975
455.551 0.775402
455.799 0.775827
456.047 0.776252
456.295 0.776674
456.543 0.777096
456.791 0.777516
457.039 0.777935
457.287 0.778352
457.535 0.778768
457.783 0.779183
458.031 0.779596
458.28 0.780008
458.528 0.780419
458.776 0.780828
459.024 0.781236
459.272 0.781642
459.52 0.782048
459.768 0.782452
460.016 0.782854
460.264 0.783256
460.512 0.783655
460.76 0.784054
461.008 0.784451
461.257 0.784847
461.505 0.785242
461.753 0.785635
462.001 0.786027
462.249 0.786417
462.497 0.786807
462.745 0.787195
462.993 0.787581
463.241 0.787966
463.49 0.78835
463.738 0.788733
463.986 0.789114
464.234 0.789494
464.482 0.789873
464.73 0.79025
464.978 0.790626
465.227 0.791001
465.475 0.791374
465.723 0.791746
465.971 0.792117
466.219 0.792486
466.467 0.792854
466.715 0.793221
466.964 0.793586
467.212 0.793951
467.46 0.794313
467.708 0.794675
467.956 0.795035
468.205 0.795394
468.453 0.795751
468.701 0.796108
468.949 0.796463
469.197 0.796816
469.446 0.797169
469.694 0.79752
469.942 0.797869
470.19 0.798218
470.438 0.798565
470.687 0.798911
470.935 0.799255
471.183 0.799598
471.431 0.79994
471.679 0.800281
471.928 0.80062
472.176 0.800958
472.424 0.801295
472.672 0.801631
472.921 0.801965
473.169 0.802298
473.417 0.802629
473.665 0.80296
473.914 0.803289
474.162 0.803616
474.41 0.803943
474.658 0.804268
474.907 0.804592
475.155 0.804914
475.403 0.805236
475.652 0.805556
475.9 0.805875
476.148 0.806192
476.396 0.806508
476.645 0.806823
476.893 0.807137
477.141 0.807449
477.39 0.807761
477.638 0.80807
477.886 0.808379
478.134 0.808686
478.383 0.808992
478.631 0.809297
478.879 0.809601
479.128 0.809903
479.376 0.810204
479.624 0.810504
479.873 0.810802
480.121 0.8111
480.369 0.811395
480.618 0.81169
480.866 0.811984
481.114 0.812276
481.363 0.812567
481.611 0.812857
481.859 0.813145
482.108 0.813432
482.356 0.813718
482.604 0.814003
482.853 0.814287
483.101 0.814569
483.35 0.81485
483.598 0.81513
483.846 0.815408
484.095 0.815685
484.343 0.815961
484.591 0.816236
484.84 0.81651
485.088 0.816782
485.337 0.817053
485.585 0.817323
485.833 0.817592
486.082 0.817859
486.33 0.818126
486.579 0.818391
486.827 0.818654
487.075 0.818917
487.324 0.819178
487.572 0.819438
487.821 0.819697
488.069 0.819955
488.318 0.820211
488.566 0.820467
488.814 0.820721
489.063 0.820973
489.311 0.821225
489.56 0.821475
489.808 0.821725
490.057 0.821973
490.305 0.822219
490.553 0.822465
490.802 0.822709
491.05 0.822952
491.299 0.823194
491.547 0.823435
491.796 0.823675
492.044 0.823913
492.293 0.82415
492.541 0.824386
492.79 0.824621
493.038 0.824855
493.287 0.825087
493.535 0.825318
493.783 0.825548
494.032 0.825777
494.28 0.826005
494.529 0.826232
494.777 0.826457
495.026 0.826681
495.274 0.826904
495.523 0.827126
495.771 0.827346
496.02 0.827566
496.268 0.827784
496.517 0.828001
496.765 0.828217
497.014 0.828432
497.262 0.828645
497.511 0.828858
497.76 0.829069
498.008 0.829279
498.257 0.829488
498.505 0.829696
498.754 0.829903
499.002 0.830108
499.251 0.830312
499.499 0.830516
499.748 0.830718
499.996 0.830918
500.245 0.831118
500.493 0.831317
500.742 0.831514
500.991 0.83171
501.239 0.831906
501.488 0.8321
501.736 0.832292
501.985 0.832484
502.233 0.832675
502.482 0.832864
502.731 0.833052
502.979 0.83324
503.228 0.833426
503.476 0.833611
503.725 0.833794
503.973 0.833977
504.222 0.834158
504.471 0.834339
504.719 0.834518
504.968 0.834696
505.216 0.834873
505.465 0.835049
505.714 0.835224
505.962 0.835398
506.211 0.83557
506.459 0.835742
506.708 0.835912
506.957 0.836081
507.205 0.836249
507.454 0.836416
507.703 0.836582
507.951 0.836747
508.2 0.836911
508.448 0.837074
508.697 0.837235
508.946 0.837395
509.194 0.837555
509.443 0.837713
509.692 0.83787
509.94 0.838026
510.189 0.838181
510.438 0.838335
510.686 0.838488
510.935 0.838639
511.183 0.83879
511.432 0.838939
511.681 0.839088
511.929 0.839235
512.178 0.839382
512.427 0.839527
512.675 0.839671
512.924 0.839814
513.173 0.839956
513.421 0.840097
513.67 0.840237
513.919 0.840375
514.168 0.840513
514.416 0.84065
514.665 0.840785
514.914 0.84092
515.162 0.841053
515.411 0.841186
515.66 0.841317
515.908 0.841447
516.157 0.841577
516.406 0.841705
516.655 0.841832
516.903 0.841958
517.152 0.842083
517.401 0.842207
517.649 0.84233
517.898 0.842452
518.147 0.842573
518.396 0.842692
518.644 0.842811
518.893 0.842929
519.142 0.843046
519.39 0.843161
519.639 0.843276
519.888 0.84339
520.137 0.843502
520.385 0.843614
520.634 0.843724
520.883 0.843834
521.132 0.843942
521.38 0.84405
521.629 0.844156
521.878 0.844262
522.127 0.844366
522.375 0.844469
522.624 0.844572
522.873 0.844673
523.122 0.844773
523.37 0.844873
523.619 0.844971
523.868 0.845068
524.117 0.845165
524.366 0.84526
524.614 0.845354
524.863 0.845448
525.112 0.84554
525.361 0.845631
525.609 0.845722
525.858 0.845811
526.107 0.845899
526.356 0.845987
526.605 0.846073
526.853 0.846158
527.102 0.846243
527.351 0.846326
527.6 0.846409
527.849 0.84649
528.097 0.846571
528.346 0.84665
528.595 0.846729
528.844 0.846806
529.093 0.846883
529.341 0.846958
529.59 0.847033
529.839 0.847107
530.088 0.847179
530.337 0.847251
530.586 0.847322
530.834 0.847392
531.083 0.84746
531.332 0.847528
531.581 0.847595
531.83 0.847661
532.079 0.847726
532.327 0.84779
532.576 0.847853
532.825 0.847915
533.074 0.847977
533.323 0.848037
533.572 0.848096
533.821 0.848155
534.069 0.848212
534.318 0.848269
534.567 0.848324
534.816 0.848379
535.065 0.848432
535.314 0.848485
535.563 0.848537
535.811 0.848588
536.06 0.848638
536.309 0.848687
536.558 0.848735
536.807 0.848782
537.056 0.848828
537.305 0.848874
537.554 0.848918
537.802 0.848962
538.051 0.849004
538.3 0.849046
538.549 0.849087
538.798 0.849126
539.047 0.849165
539.296 0.849203
539.545 0.84924
539.794 0.849277
540.042 0.849312
540.291 0.849346
540.54 0.84938
540.789 0.849412
541.038 0.849444
541.287 0.849475
541.536 0.849505
541.785 0.849534
542.034 0.849562
542.283 0.849589
542.532 0.849615
542.781 0.849641
543.029 0.849665
543.278 0.849689
543.527 0.849712
543.776 0.849734
544.025 0.849755
544.274 0.849775
544.523 0.849794
544.772 0.849813
545.021 0.84983
545.27 0.849847
545.519 0.849863
545.768 0.849878
546.017 0.849892
546.266 0.849905
546.515 0.849917
546.763 0.849929
547.012 0.849939
547.261 0.849949
547.51 0.849958
547.759 0.849966
548.008 0.849973
548.257 0.849979
548.506 0.849985
548.755 0.84999
549.004 0.849993
549.253 0.849996
549.502 0.849998
549.751 0.85
550 0.85
550.249 0.85
550.498 0.849998
550.747 0.849996
550.996 0.849993
551.245 0.849989
551.494 0.849985
551.743 0.849979
551.992 0.849973
552.241 0.849966
552.49 0.849958
552.739 0.849949
552.988 0.84994
553.237 0.849929
553.486 0.849918
553.735 0.849906
553.984 0.849893
554.233 0.849879
554.482 0.849865
554.731 0.84985
554.98 0.849834
555.229 0.849817
555.478 0.849799
555.727 0.84978
555.976 0.849761
556.225 0.849741
556.474 0.84972
556.723 0.849698
556.972 0.849676
557.221 0.849652
557.47 0.849628
557.719 0.849603
557.968 0.849577
558.217 0.849551
558.466 0.849524
558.715 0.849495
558.964 0.849467
559.213 0.849437
559.462 0.849406
559.711 0.849375
559.96 0.849343
560.209 0.84931
560.458 0.849277
560.707 0.849242
560.956 0.849207
561.205 0.849171
561.454 0.849135
561.704 0.849097
561.953 0.849059
562.202 0.84902
562.451 0.84898
562.7 0.84894
562.949 0.848899
563.198 0.848857
563.447 0.848814
563.696 0.84877
563.945 0.848726
564.194 0.848681
564.443 0.848635
564.692 0.848589
564.941 0.848541
565.19 0.848493
565.439 0.848444
565.689 0.848395
565.938 0.848344
566.187 0.848293
566.436 0.848242
566.685 0.848189
566.934 0.848136
567.183 0.848082
567.432 0.848027
567.681 0.847972
567.93 0.847915
568.179 0.847858
568.428 0.847801
568.677 0.847742
568.927 0.847683
569.176 0.847623
569.425 0.847563
569.674 0.847502
569.923 0.84744
570.172 0.847377
570.421 0.847313
570.67 0.847249
570.919 0.847184
571.168 0.847119
571.418 0.847052
571.667 0.846985
571.916 0.846918
572.165 0.846849
572.414 0.84678
572.663 0.84671
572.912 0.84664
573.161 0.846568
573.41 0.846496
573.66 0.846424
573.909 0.84635
574.158 0.846276
574.407 0.846202
574.656 0.846126
574.905 0.84605
575.154 0.845973
575.403 0.845896
575.652 0.845818
575.902 0.845739
576.151 0.845659
576.4 0.845579
576.649 0.845498
576.898 0.845416
577.147 0.845334
577.396 0.845251
577.646 0.845168
577.895 0.845083
578.144 0.844998
578.393 0.844913
578.642 0.844826
578.891 0.844739
579.14 0.844652
579.39 0.844563
579.639 0.844474
579.888 0.844385
580.137 0.844294
580.386 0.844203
580.635 0.844112
580.884 0.84402
581.134 0.843927
581.383 0.843833
581.632 0.843739
581.881 0.843644
582.13 0.843548
582.379 0.843452
582.628 0.843355
582.878 0.843258
583.127 0.84316
583.376 0.843061
583.625 0.842962
583.874 0.842861
584.123 0.842761
584.373 0.842659
584.622 0.842557
584.871 0.842455
585.12 0.842352
585.369 0.842248
585.618 0.842143
585.868 0.842038
586.117 0.841932
586.366 0.841826
586.615 0.841719
586.864 0.841611
587.114 0.841503
587.363 0.841394
587.612 0.841285
587.861 0.841175
588.11 0.841064
588.359 0.840953
588.609 0.840841
588.858 0.840728
589.107 0.840615
589.356 0.840501
589.605 0.840387
589.855 0.840272
590.104 0.840156
590.353 0.84004
590.602 0.839923
590.851 0.839806
591.101 0.839688
591.35 0.839569
591.599 0.83945
591.848 0.83933
592.097 0.83921
592.347 0.839089
592.596 0.838967
592.845 0.838845
593.094 0.838722
593.343 0.838599
593.593 0.838475
593.842 0.838351
594.091 0.838226
594.34 0.8381
594.589 0.837974
594.839 0.837847
595.088 0.837719
595.337 0.837591
595.586 0.837463
595.835 0.837334
596.085 0.837204
596.334 0.837074
596.583 0.836943
596.832 0.836811
597.082 0.836679
597.331 0.836547
597.58 0.836414
597.829 0.83628
598.078 0.836146
598.328 0.836011
598.577 0.835876
598.826 0.83574
599.075 0.835603
599.325 0.835466
599.574 0.835329
599.823 0.83519
600.072 0.835052
600.321 0.834913
600.571 0.834773
600.82 0.834632
601.069 0.834492
601.318 0.83435
601.568 0.834208
601.817 0.834066
602.066 0.833923
602.315 0.833779
602.565 0.833635
602.814 0.83349
603.063 0.833345
603.312 0.833199
603.562 0.833053
603.811 0.832906
604.06 0.832759
604.309 0.832611
604.558 0.832463
604.808 0.832314
605.057 0.832164
605.306 0.832014
605.555 0.831864
605.805 0.831713
606.054 0.831561
606.303 0.831409
606.552 0.831257
606.802 0.831104
607.051 0.83095
607.3 0.830796
607.549 0.830641
607.799 0.830486
608.048 0.83033
608.297 0.830174
608.546 0.830018
608.796 0.82986
609.045 0.829703
609.294 0.829545
609.544 0.829386
609.793 0.829227
610.042 0.829067
610.291 0.828907
610.541 0.828746
610.79 0.828585
611.039 0.828423
611.288 0.828261
611.538 0.828099
611.787 0.827935
612.036 0.827772
612.285 0.827608
612.535 0.827443
612.784 0.827278
613.033 0.827112
613.282 0.826946
613.532 0.82678
613.781 0.826613
614.03 0.826445
614.28 0.826277
614.529 0.826109
614.778 0.82594
615.027 0.82577
615.277 0.825601
615.526 0.82543
615.775 0.825259
616.024 0.825088
616.274 0.824916
616.523 0.824744
616.772 0.824571
617.022 0.824398
617.271 0.824224
617.52 0.82405
617.769 0.823876
618.019 0.823701
618.268 0.823525
618.517 0.823349
618.767 0.823173
619.016 0.822996
619.265 0.822819
619.514 0.822641
619.764 0.822463
620.013 0.822284
620.262 0.822105
620.512 0.821925
620.761 0.821745
621.01 0.821565
621.259 0.821384
621.509 0.821203
621.758 0.821021
622.007 0.820839
622.257 0.820656
622.506 0.820473
622.755 0.820289
623.004 0.820105
623.254 0.819921
623.503 0.819736
623.752 0.819551
624.002 0.819365
624.251 0.819179
624.5 0.818992
624.749 0.818805
624.999 0.818618
625.248 0.81843
625.497 0.818242
625.747 0.818053
625.996 0.817864
626.245 0.817674
626.495 0.817484
626.744 0.817294
626.993 0.817103
627.242 0.816912
627.492 0.81672
627.741 0.816528
627.99 0.816336
628.24 0.816143
628.489 0.815949
628.738 0.815756
628.987 0.815562
629.237 0.815367
629.486 0.815172
629.735 0.814977
629.985 0.814781
630.234 0.814585
630.483 0.814388
630.733 0.814191
630.982 0.813994
631.231 0.813796
631.481 0.813598
631.73 0.813399
631.979 0.8132
632.228 0.813001
632.478 0.812801
632.727 0.812601
632.976 0.812401
633.226 0.8122
633.475 0.811998
633.724 0.811797
633.974 0.811595
634.223 0.811392
634.472 0.811189
634.721 0.810986
634.971 0.810783
635.22 0.810579
635.469 0.810374
635.719 0.810169
635.968 0.809964
636.217 0.809759
636.467 0.809553
636.716 0.809347
636.965 0.80914
637.215 0.808933
637.464 0.808725
637.713 0.808518
637.962 0.80831
638.212 0.808101
638.461 0.807892
638.71 0.807683
638.96 0.807473
639.209 0.807263
639.458 0.807053
639.708 0.806842
639.957 0.806631
640.206 0.80642
640.456 0.806208
640.705 0.805996
640.954 0.805784
641.204 0.805571
641.453 0.805358
641.702 0.805144
641.951 0.80493
642.201 0.804716
642.45 0.804501
642.699 0.804286
642.949 0.804071
643.198 0.803855
643.447 0.803639
643.697 0.803423
643.946 0.803206
644.195 0.802989
644.445 0.802772
644.694 0.802554
644.943 0.802336
645.193 0.802118
645.442 0.801899
645.691 0.80168
645.941 0.801461
646.19 0.801241
646.439 0.801021
646.688 0.8008
646.938 0.80058
647.187 0.800359
647.436 0.800137
647.686 0.799915
647.935 0.799693
648.184 0.799471
648.434 0.799248
648.683 0.799025
648.932 0.798802
649.182 0.798578
649.431 0.798354
649.68 0.79813
649.93 0.797905
650.179 0.79768
650.428 0.797455
650.677 0.797229
650.927 0.797003
651.176 0.796777
651.425 0.796551
651.675 0.796324
651.924 0.796097
652.173 0.795869
652.423 0.795641
652.672 0.795413
652.921 0.795185
653.171 0.794956
653.42 0.794727
653.669 0.794498
653.919 0.794268
654.168 0.794038
654.417 0.793808
654.667 0.793577
654.916 0.793346
655.165 0.793115
655.414 0.792884
655.664 0.792652
655.913 0.79242
656.162 0.792188
656.412 0.791955
656.661 0.791722
656.91 0.791489
657.16 0.791255
657.409 0.791022
657.658 0.790787
657.908 0.790553
658.157 0.790318
658.406 0.790083
658.656 0.789848
658.905 0.789613
659.154 0.789377
659.404 0.789141
659.653 0.788904
659.902 0.788668
660.151 0.788431
660.401 0.788194
660.65 0.787956
660.899 0.787718
661.149 0.78748
661.398 0.787242
661.647 0.787003
661.897 0.786764
662.146 0.786525
662.395 0.786286
662.645 0.786046
662.894 0.785806
663.143 0.785566
663.392 0.785325
663.642 0.785085
663.891 0.784844
664.14 0.784602
664.39 0.784361
664.639 0.784119
664.888 0.783877
665.138 0.783634
665.387 0.783392
665.636 0.783149
665.886 0.782906
666.135 0.782662
666.384 0.782419
666.634 0.782175
666.883 0.78193
667.132 0.781686
667.381 0.781441
667.631 0.781196
667.88 0.780951
668.129 0.780706
668.379 0.78046
668.628 0.780214
668.877 0.779968
669.127 0.779721
669.376 0.779475
669.625 0.779228
669.874 0.778981
670.124 0.778733
670.373 0.778485
670.622 0.778237
670.872 0.777989
671.121 0.777741
671.37 0.777492
671.62 0.777243
671.869 0.776994
672.118 0.776745
672.367 0.776495
672.617 0.776245
672.866 0.775995
673.115 0.775745
673.365 0.775494
673.614 0.775244
673.863 0.774993
674.113 0.774741
674.362 0.77449
674.611 0.774238
674.86 0.773986
675.11 0.773734
675.359 0.773482
675.608 0.773229
675.858 0.772976
676.107 0.772723
676.356 0.77247
676.606 0.772216
676.855 0.771963
677.104 0.771709
677.353 0.771455
677.603 0.7712
677.852 0.770946
678.101 0.770691
678.351 0.770436
678.6 0.77018
678.849 0.769925
679.098 0.769669
679.348 0.769413
679.597 0.769157
679.846 0.768901
680.096 0.768644
680.345 0.768388
680.594 0.768131
680.843 0.767873
681.093 0.767616
681.342 0.767358
681.591 0.767101
681.841 0.766843
682.09 0.766584
682.339 0.766326
682.588 0.766067
682.838 0.765809
683.087 0.76555
683.336 0.76529
683.586 0.765031
683.835 0.764771
684.084 0.764511
684.333 0.764251
684.583 0.763991
684.832 0.763731
685.081 0.76347
685.33 0.763209
685.58 0.762948
685.829 0.762687
686.078 0.762426
686.328 0.762164
686.577 0.761902
686.826 0.76164
687.075 0.761378
687.325 0.761116
687.574 0.760853
687.823 0.760591
688.072 0.760328
688.322 0.760065
688.571 0.759801
688.82 0.759538
689.07 0.759274
689.319 0.75901
689.568 0.758746
689.817 0.758482
690.067 0.758218
690.316 0.757953
690.565 0.757689
690.814 0.757424
691.064 0.757159
691.313 0.756893
691.562 0.756628
691.811 0.756362
692.061 0.756097
692.31 0.755831
692.559 0.755564
692.808 0.755298
693.058 0.755032
693.307 0.754765
693.556 0.754498
693.805 0.754231
694.055 0.753964
694.304 0.753697
694.553 0.753429
694.802 0.753162
695.052 0.752894
695.301 0.752626
695.55 0.752358
695.799 0.752089
696.049 0.751821
696.298 0.751552
696.547 0.751283
696.796 0.751014
697.046 0.750745
697.295 0.750476
697.544 0.750206
697.793 0.749937
698.043 0.749667
698.292 0.749397
698.541 0.749127
698.79 0.748857
699.04 0.748586
699.289 0.748316
699.538 0.748045
699.787 0.747774
700.037 0.747503
700.286 0.747232
700.535 0.746961
700.784 0.746689
701.033 0.746418
701.283 0.746146
701.532 0.745874
701.781 0.745602
702.03 0.74533
702.28 0.745058
702.529 0.744785
702.778 0.744513
703.027 0.74424
703.276 0.743967
703.526 0.743694
703.775 0.743421
704.024 0.743147
704.273 0.742874
704.523 0.7426
704.772 0.742326
705.021 0.742053
705.27 0.741779
705.519 0.741504
705.769 0.74123
706.018 0.740956
706.267 0.740681
706.516 0.740406
706.765 0.740132
707.015 0.739857
707.264 0.739581
707.513 0.739306
707.762 0.739031
708.011 0.738755
708.261 0.73848
708.51 0.738204
708.759 0.737928
709.008 0.737652
709.258 0.737376
709.507 0.7371
709.756 0.736823
710.005 0.736547
710.254 0.73627
710.503 0.735993
710.753 0.735716
711.002 0.735439
711.251 0.735162
711.5 0.734885
711.749 0.734608
711.999 0.73433
712.248 0.734053
712.497 0.733775
712.746 0.733497
712.995 0.733219
713.245 0.732941
713.494 0.732663
713.743 0.732384
713.992 0.732106
714.241 0.731827
714.49 0.731549
714.74 0.73127
714.989 0.730991
715.238 0.730712
715.487 0.730433
715.736 0.730154
715.986 0.729874
716.235 0.729595
716.484 0.729315
716.733 0.729036
716.982 0.728756
717.231 0.728476
717.481 0.728196
717.73 0.727916
717.979 0.727636
718.228 0.727355
718.477 0.727075
718.726 0.726795
718.975 0.726514
719.225 0.726233
719.474 0.725952
719.723 0.725671
719.972 0.72539
720.221 0.725109
720.47 0.724828
720.72 0.724547
720.969 0.724265
721.218 0.723984
721.467 0.723702
721.716 0.723421
721.965 0.723139
722.214 0.722857
722.464 0.722575
722.713 0.722293
722.962 0.722011
723.211 0.721728
723.46 0.721446
723.709 0.721163
723.958 0.720881
724.208 0.720598
724.457 0.720316
724.706 0.720033
724.955 0.71975
725.204 0.719467
725.453 0.719184
725.702 0.718901
725.951 0.718617
726.201 0.718334
726.45 0.718051
726.699 0.717767
726.948 0.717483
727.197 0.7172
727.446 0.716916
727.695 0.716632
727.944 0.716348
728.193 0.716064
728.443 0.71578
728.692 0.715496
728.941 0.715212
729.19 0.714927
729.439 0.714643
729.688 0.714358
729.937 0.714074
730.186 0.713789
730.435 0.713504
730.685 0.71322
730.934 0.712935
731.183 0.71265
731.432 0.712365
731.681 0.71208
731.93 0.711794
732.179 0.711509
732.428 0.711224
732.677 0.710938
732.926 0.710653
733.175 0.710367
733.425 0.710082
733.674 0.709796
733.923 0.70951
734.172 0.709224
734.421 0.708939
734.67 0.708653
734.919 0.708367
735.168 0.70808
735.417 0.707794
735.666 0.707508
735.915 0.707222
736.164 0.706935
736.413 0.706649
736.662 0.706363
736.912 0.706076
737.161 0.705789
737.41 0.705503
737.659 0.705216
737.908 0.704929
738.157 0.704642
738.406 0.704355
738.655 0.704068
738.904 0.703781
739.153 0.703494
739.402 0.703207
739.651 0.70292
739.9 0.702633
740.149 0.702345
740.398 0.702058
740.647 0.70177
740.896 0.701483
741.145 0.701195
741.394 0.700908
741.643 0.70062
741.893 0.700332
742.142 0.700045
742.391 0.699757
742.64 0.699469
742.889 0.699181
743.138 0.698893
743.387 0.698605
743.636 0.698317
743.885 0.698029
744.134 0.697741
744.383 0.697452
744.632 0.697164
744.881 0.696876
745.13 0.696587
745.379 0.696299
745.628 0.696011
745.877 0.695722
746.126 0.695433
746.375 0.695145
746.624 0.694856
746.873 0.694568
747.122 0.694279
747.371 0.69399
747.62 0.693701
747.869 0.693412
748.118 0.693123
748.367 0.692835
748.616 0.692546
748.865 0.692257
749.114 0.691967
749.363 0.691678
749.612 0.691389
749.861 0.6911
750.11 0.690811
750.359 0.690522
750.608 0.690232
750.857 0.689943
751.106 0.689654
751.355 0.689364
751.604 0.689075
751.853 0.688785
752.102 0.688496
752.351 0.688206
752.599 0.687917
752.848 0.687627
753.097 0.687337
753.346 0.687048
753.595 0.686758
753.844 0.686468
754.093 0.686179
754.342 0.685889
754.591 0.685599
754.84 0.685309
755.089 0.685019
755.338 0.684729
755.587 0.684439
755.836 0.684149
756.085 0.683859
756.334 0.683569
756.583 0.683279
756.832 0.682989
757.081 0.682699
757.329 0.682409
757.578 0.682119
757.827 0.681829
758.076 0.681539
758.325 0.681248
758.574 0.680958
758.823 0.680668
759.072 0.680377
759.321 0.680087
759.57 0.679797
759.819 0.679506
760.068 0.679216
760.317 0.678926
760.565 0.678635
760.814 0.678345
761.063 0.678054
761.312 0.677764
761.561 0.677473
761.81 0.677183
762.059 0.676892
762.308 0.676602
762.557 0.676311
762.806 0.676021
763.054 0.67573
763.303 0.675439
763.552 0.675149
763.801 0.674858
764.05 0.674568
764.299 0.674277
764.548 0.673986
764.797 0.673696
765.045 0.673405
765.294 0.673114
765.543 0.672823
765.792 0.672533
766.041 0.672242
766.29 0.671951
766.539 0.67166
766.787 0.67137
767.036 0.671079
767.285 0.670788
767.534 0.670497
767.783 0.670206
768.032 0.669915
768.281 0.669625
768.529 0.669334
768.778 0.669043
769.027 0.668752
769.276 0.668461
769.525 0.66817
769.774 0.667879
770.022 0.667589
770.271 0.667298
770.52 0.667007
770.769 0.666716
771.018 0.666425
771.267 0.666134
771.515 0.665843
771.764 0.665552
772.013 0.665261
772.262 0.66497
772.511 0.66468
772.76 0.664389
773.008 0.664098
773.257 0.663807
773.506 0.663516
773.755 0.663225
774.004 0.662934
774.252 0.662643
774.501 0.662352
774.75 0.662061
774.999 0.66177
775.248 0.66148
775.496 0.661189
775.745 0.660898
775.994 0.660607
776.243 0.660316
776.491 0.660025
776.74 0.659734
776.989 0.659443
777.238 0.659152
777.487 0.658862
777.735 0.658571
777.984 0.65828
778.233 0.657989
778.482 0.657698
778.73 0.657407
778.979 0.657117
779.228 0.656826
779.477 0.656535
779.725 0.656244
779.974 0.655953
780.223 0.655663
780.472 0.655372
780.72 0.655081
780.969 0.65479
781.218 0.6545
781.467 0.654209
781.715 0.653918
781.964 0.653627
782.213 0.653337
782.462 0.653046
782.71 0.652755
782.959 0.652465
783.208 0.652174
783.456 0.651884
783.705 0.651593
783.954 0.651302
784.203 0.651012
784.451 0.650721
784.7 0.650431
784.949 0.65014
785.197 0.64985
785.446 0.649559
785.695 0.649269
785.944 0.648978
786.192 0.648688
786.441 0.648397
786.69 0.648107
786.938 0.647816
787.187 0.647526
787.436 0.647236
787.684 0.646945
787.933 0.646655
788.182 0.646365
788.43 0.646074
788.679 0.645784
788.928 0.645494
789.176 0.645204
789.425 0.644914
789.674 0.644623
789.922 0.644333
790.171 0.644043
790.42 0.643753
790.668 0.643463
790.917 0.643173
791.166 0.642883
791.414 0.642593
791.663 0.642303
791.912 0.642013
792.16 0.641723
792.409 0.641433
792.658 0.641143
792.906 0.640853
793.155 0.640563
793.403 0.640274
793.652 0.639984
793.901 0.639694
794.149 0.639404
794.398 0.639115
794.647 0.638825
794.895 0.638535
795.144 0.638246
795.392 0.637956
795.641 0.637667
795.89 0.637377
796.138 0.637088
796.387 0.636798
796.635 0.636509
796.884 0.636219
797.133 0.63593
797.381 0.635641
797.63 0.635351
797.878 0.635062
798.127 0.634773
798.375 0.634484
798.624 0.634194
798.873 0.633905
799.121 0.633616
799.37 0.633327
799.618 0.633038
799.867 0.632749
800.115 0.63246
800.364 0.632171
800.613 0.631882
800.861 0.631593
801.11 0.631304
801.358 0.631015
801.607 0.630727
801.855 0.630438
802.104 0.630149
802.352 0.629861
802.601 0.629572
802.849 0.629283
803.098 0.628995
803.347 0.628706
803.595 0.628418
803.844 0.628129
804.092 0.627841
804.341 0.627553
804.589 0.627264
804.838 0.626976
