546.266 0.849905
546.415 0.849912
546.564 0.84992
546.714 0.849926
546.863 0.849933
547.012 0.849939
547.162 0.849945
547.311 0.849951
547.461 0.849956
547.61 0.849961
547.759 0.849966
547.909 0.84997
548.058 0.849974
548.207 0.849978
548.357 0.849982
548.506 0.849985
548.656 0.849988
548.805 0.84999
548.954 0.849993
549.104 0.849995
549.253 0.849996
549.402 0.849998
549.552 0.849999
549.701 0.849999
549.851 0.85
550 0.85
550.149 0.85
550.299 0.849999
550.448 0.849999
550.598 0.849998
550.747 0.849996
550.896 0.849994
551.046 0.849993
551.195 0.84999
551.344 0.849988
551.494 0.849985
551.643 0.849982
551.793 0.849978
551.942 0.849974
552.091 0.84997
552.241 0.849966
552.39 0.849961
552.54 0.849956
552.689 0.849951
552.838 0.849946
552.988 0.84994
553.137 0.849934
553.287 0.849927
553.436 0.84992
553.585 0.849913
