296.686 0.246509
296.931 0.246512
297.176 0.246515
297.421 0.246518
297.666 0.246521
297.911 0.246525
298.157 0.246528
298.402 0.246531
298.647 0.246534
298.892 0.246537
299.137 0.24654
299.382 0.246543
299.627 0.246546
299.872 0.246549
300.118 0.246552
300.363 0.246555
300.608 0.246559
300.853 0.246562
301.098 0.246565
301.343 0.246568
301.589 0.246571
301.834 0.246574
302.079 0.246577
302.324 0.24658
302.569 0.246583
302.814 0.246586
303.06 0.246589
303.305 0.246592
303.55 0.246595
303.795 0.246598
304.041 0.246602
304.286 0.246605
304.531 0.246608
304.776 0.246611
305.022 0.246614
305.267 0.246617
305.512 0.24662
305.757 0.246623
306.003 0.246626
306.248 0.246629
306.493 0.246632
306.739 0.246635
306.984 0.246638
307.229 0.246641
307.475 0.246644
307.72 0.246647
307.965 0.24665
308.21 0.246653
308.456 0.246656
308.701 0.24666
308.947 0.246663
309.192 0.246666
309.437 0.246669
309.683 0.246672
309.928 0.246675
310.173 0.246678
310.419 0.246681
310.664 0.246684
310.91 0.246687
311.155 0.24669
311.4 0.246693
311.646 0.246696
311.891 0.246699
312.137 0.246702
312.382 0.246705
312.627 0.246708
312.873 0.246711
313.118 0.246714
313.364 0.246717
313.609 0.24672
313.855 0.246723
314.1 0.246726
314.346 0.246729
314.591 0.246732
314.837 0.246735
315.082 0.246738
315.328 0.246741
315.573 0.246744
315.819 0.246747
316.064 0.24675
316.31 0.246753
316.555 0.246756
316.801 0.246759
317.046 0.246762
317.292 0.246765
317.537 0.246768
317.783 0.246771
318.028 0.246774
318.274 0.246777
318.52 0.24678
318.765 0.246783
319.011 0.246786
319.256 0.246789
319.502 0.246792
319.748 0.246795
319.993 0.246798
320.239 0.246801
320.484 0.246804
320.73 0.246807
320.976 0.24681
321.221 0.246813
321.467 0.246816
321.712 0.246819
321.958 0.246822
322.204 0.246825
322.449 0.246828
322.695 0.246831
322.941 0.246833
323.186 0.246836
323.432 0.246839
323.678 0.246842
323.924 0.246845
324.169 0.246848
324.415 0.246851
324.661 0.246854
324.906 0.246857
325.152 0.24686
325.398 0.246863
325.644 0.246866
325.889 0.246869
326.135 0.246872
326.381 0.246875
326.626 0.246878
326.872 0.246881
327.118 0.246884
327.364 0.246887
327.61 0.24689
327.855 0.246892
328.101 0.246895
328.347 0.246898
328.593 0.246901
328.838 0.246904
329.084 0.246907
329.33 0.24691
329.576 0.246913
329.822 0.246916
330.068 0.246919
330.313 0.246922
330.559 0.246925
330.805 0.246928
331.051 0.24693
331.297 0.246933
331.543 0.246936
331.788 0.246939
332.034 0.246942
332.28 0.246945
332.526 0.246948
332.772 0.246951
333.018 0.246954
333.264 0.246957
333.51 0.24696
333.756 0.246962
334.001 0.246965
334.247 0.246968
334.493 0.246971
334.739 0.246974
334.985 0.246977
335.231 0.24698
335.477 0.246983
335.723 0.246986
335.969 0.246989
336.215 0.246991
336.461 0.246994
336.707 0.246997
336.953 0.247
337.199 0.247003
337.445 0.247006
337.691 0.247009
337.937 0.247012
338.183 0.247014
338.429 0.247017
338.675 0.24702
338.921 0.247023
339.167 0.247026
339.413 0.247029
339.659 0.247032
339.905 0.247035
340.151 0.247037
340.397 0.24704
340.643 0.247043
340.889 0.247046
341.135 0.247049
341.381 0.247052
341.627 0.247055
341.873 0.247057
342.119 0.24706
342.366 0.247063
342.612 0.247066
342.858 0.247069
343.104 0.247072
343.35 0.247075
343.596 0.247077
343.842 0.24708
344.088 0.247083
344.334 0.247086
344.581 0.247089
344.827 0.247092
345.073 0.247095
345.319 0.247097
345.565 0.2471
345.811 0.247103
346.058 0.247106
346.304 0.247109
346.55 0.247112
346.796 0.247114
347.042 0.247117
347.288 0.24712
347.535 0.247123
347.781 0.247126
348.027 0.247128
348.273 0.247131
348.519 0.247134
348.766 0.247137
349.012 0.24714
349.258 0.247143
349.504 0.247145
349.751 0.247148
349.997 0.247151
350.243 0.247154
350.489 0.247157
350.736 0.247159
350.982 0.247162
351.228 0.247165
351.474 0.247168
351.721 0.247171
351.967 0.247173
352.213 0.247176
352.46 0.247179
352.706 0.247182
352.952 0.247185
353.199 0.247187
353.445 0.24719
353.691 0.247193
353.937 0.247196
354.184 0.247199
354.43 0.247201
354.676 0.247204
354.923 0.247207
355.169 0.24721
355.416 0.247213
355.662 0.247215
355.908 0.247218
356.155 0.247221
356.401 0.247224
356.647 0.247226
356.894 0.247229
357.14 0.247232
357.387 0.247235
357.633 0.247238
357.879 0.24724
358.126 0.247243
358.372 0.247246
358.619 0.247249
358.865 0.247251
359.111 0.247254
359.358 0.247257
359.604 0.24726
359.851 0.247262
360.097 0.247265
360.344 0.247268
360.59 0.247271
360.837 0.247273
361.083 0.247276
361.33 0.247279
361.576 0.247282
361.823 0.247284
362.069 0.247287
362.316 0.24729
362.562 0.247293
362.809 0.247295
363.055 0.247298
363.302 0.247301
363.548 0.247304
363.795 0.247306
364.041 0.247309
364.288 0.247312
364.534 0.247315
364.781 0.247317
365.027 0.24732
365.274 0.247323
365.52 0.247326
365.767 0.247328
366.013 0.247331
366.26 0.247334
366.507 0.247336
366.753 0.247339
367 0.247342
367.246 0.247345
367.493 0.247347
367.74 0.24735
367.986 0.247353
368.233 0.247355
368.479 0.247358
368.726 0.247361
368.973 0.247364
369.219 0.247366
369.466 0.247369
369.713 0.247372
369.959 0.247374
370.206 0.247377
370.452 0.24738
370.699 0.247382
370.946 0.247385
371.192 0.247388
371.439 0.247391
371.686 0.247393
371.932 0.247396
372.179 0.247399
372.426 0.247401
372.673 0.247404
372.919 0.247407
373.166 0.247409
373.413 0.247412
373.659 0.247415
373.906 0.247417
374.153 0.24742
374.399 0.247423
374.646 0.247425
374.893 0.247428
375.14 0.247431
375.386 0.247433
375.633 0.247436
375.88 0.247439
376.127 0.247442
376.373 0.247444
376.62 0.247447
376.867 0.24745
377.114 0.247452
377.361 0.247455
377.607 0.247457
377.854 0.24746
378.101 0.247463
378.348 0.247465
378.595 0.247468
378.841 0.247471
379.088 0.247473
379.335 0.247476
379.582 0.247479
379.829 0.247481
380.075 0.247484
380.322 0.247487
380.569 0.247489
380.816 0.247492
381.063 0.247495
381.31 0.247497
381.557 0.2475
381.803 0.247503
382.05 0.247505
382.297 0.247508
382.544 0.24751
382.791 0.247513
383.038 0.247516
383.285 0.247518
383.532 0.247521
383.778 0.247524
384.025 0.247526
384.272 0.247529
384.519 0.247531
384.766 0.247534
385.013 0.247537
385.26 0.247539
385.507 0.247542
385.754 0.247545
386.001 0.247547
386.248 0.24755
386.495 0.247552
386.742 0.247555
386.989 0.247558
387.235 0.24756
387.482 0.247563
387.729 0.247565
387.976 0.247568
388.223 0.247571
388.47 0.247573
388.717 0.247576
388.964 0.247578
389.211 0.247581
389.458 0.247584
389.705 0.247586
389.952 0.247589
390.199 0.247591
390.446 0.247594
390.693 0.247597
390.94 0.247599
391.187 0.247602
391.434 0.247604
391.682 0.247607
391.929 0.247609
392.176 0.247612
392.423 0.247615
392.67 0.247617
392.917 0.24762
393.164 0.247622
393.411 0.247625
393.658 0.247628
393.905 0.24763
394.152 0.247633
394.399 0.247635
394.646 0.247638
394.893 0.24764
395.141 0.247643
395.388 0.247645
395.635 0.247648
395.882 0.247651
396.129 0.247653
396.376 0.247656
396.623 0.247658
396.87 0.247661
397.117 0.247663
397.365 0.247666
397.612 0.247668
397.859 0.247671
398.106 0.247674
398.353 0.247676
398.6 0.247679
398.848 0.247681
399.095 0.247684
399.342 0.247686
399.589 0.247689
399.836 0.247691
400.083 0.247694
400.331 0.247696
400.578 0.247699
400.825 0.247702
401.072 0.247704
401.319 0.247707
401.567 0.247709
401.814 0.247712
402.061 0.247714
402.308 0.247717
402.555 0.247719
402.803 0.247722
403.05 0.247724
403.297 0.247727
403.544 0.247729
403.792 0.247732
404.039 0.247734
404.286 0.247737
404.533 0.247739
404.781 0.247742
405.028 0.247744
405.275 0.247747
405.523 0.247749
405.77 0.247752
406.017 0.247754
406.264 0.247757
406.512 0.247759
406.759 0.247762
407.006 0.247764
407.254 0.247767
407.501 0.247769
407.748 0.247772
407.995 0.247774
408.243 0.247777
408.49 0.247779
408.737 0.247782
408.985 0.247784
409.232 0.247787
409.479 0.247789
409.727 0.247792
409.974 0.247794
410.222 0.247797
410.469 0.247799
410.716 0.247802
410.964 0.247804
411.211 0.247807
411.458 0.247809
411.706 0.247812
411.953 0.247814
412.201 0.247817
412.448 0.247819
412.695 0.247821
412.943 0.247824
413.19 0.247826
413.437 0.247829
413.685 0.247831
413.932 0.247834
414.18 0.247836
414.427 0.247839
414.675 0.247841
414.922 0.247844
415.169 0.247846
415.417 0.247848
415.664 0.247851
415.912 0.247853
416.159 0.247856
416.407 0.247858
416.654 0.247861
416.902 0.247863
417.149 0.247866
417.397 0.247868
417.644 0.24787
417.891 0.247873
418.139 0.247875
418.386 0.247878
418.634 0.24788
418.881 0.247883
419.129 0.247885
419.376 0.247888
419.624 0.24789
419.871 0.247892
420.119 0.247895
420.366 0.247897
420.614 0.2479
420.862 0.247902
421.109 0.247904
421.357 0.247907
421.604 0.247909
421.852 0.247912
422.099 0.247914
422.347 0.247917
422.594 0.247919
422.842 0.247921
423.089 0.247924
423.337 0.247926
423.585 0.247929
423.832 0.247931
424.08 0.247933
424.327 0.247936
424.575 0.247938
424.822 0.247941
425.07 0.247943
425.318 0.247945
425.565 0.247948
425.813 0.24795
426.06 0.247953
426.308 0.247955
426.556 0.247957
426.803 0.24796
427.051 0.247962
427.298 0.247965
427.546 0.247967
427.794 0.247969
428.041 0.247972
428.289 0.247974
428.537 0.247976
428.784 0.247979
429.032 0.247981
429.28 0.247984
429.527 0.247986
429.775 0.247988
430.023 0.247991
430.27 0.247993
430.518 0.247995
430.766 0.247998
431.013 0.248
431.261 0.248002
431.509 0.248005
431.756 0.248007
432.004 0.24801
432.252 0.248012
432.499 0.248014
432.747 0.248017
432.995 0.248019
433.243 0.248021
433.49 0.248024
433.738 0.248026
433.986 0.248028
434.233 0.248031
434.481 0.248033
434.729 0.248035
434.977 0.248038
435.224 0.24804
435.472 0.248042
435.72 0.248045
435.968 0.248047
436.215 0.248049
436.463 0.248052
436.711 0.248054
436.959 0.248056
437.206 0.248059
437.454 0.248061
437.702 0.248063
437.95 0.248066
438.198 0.248068
438.445 0.24807
438.693 0.248073
438.941 0.248075
439.189 0.248077
439.436 0.24808
439.684 0.248082
439.932 0.248084
440.18 0.248087
440.428 0.248089
440.676 0.248091
440.923 0.248094
441.171 0.248096
441.419 0.248098
441.667 0.2481
441.915 0.248103
442.163 0.248105
442.41 0.248107
442.658 0.24811
442.906 0.248112
443.154 0.248114
443.402 0.248117
443.65 0.248119
443.898 0.248121
444.145 0.248123
444.393 0.248126
444.641 0.248128
444.889 0.24813
445.137 0.248133
445.385 0.248135
445.633 0.248137
445.881 0.248139
446.128 0.248142
446.376 0.248144
446.624 0.248146
446.872 0.248149
447.12 0.248151
447.368 0.248153
447.616 0.248155
447.864 0.248158
448.112 0.24816
448.36 0.248162
448.608 0.248164
448.856 0.248167
449.104 0.248169
449.351 0.248171
449.599 0.248174
449.847 0.248176
450.095 0.248178
450.343 0.24818
450.591 0.248183
450.839 0.248185
451.087 0.248187
451.335 0.248189
451.583 0.248192
451.831 0.248194
452.079 0.248196
452.327 0.248198
452.575 0.248201
452.823 0.248203
453.071 0.248205
453.319 0.248207
453.567 0.24821
453.815 0.248212
454.063 0.248214
454.311 0.248216
454.559 0.248218
454.807 0.248221
455.055 0.248223
455.303 0.248225
455.551 0.248227
455.799 0.24823
456.047 0.248232
456.295 0.248234
456.543 0.248236
456.791 0.248239
457.039 0.248241
457.287 0.248243
457.535 0.248245
457.783 0.248247
458.031 0.24825
458.28 0.248252
458.528 0.248254
458.776 0.248256
459.024 0.248258
459.272 0.248261
459.52 0.248263
459.768 0.248265
460.016 0.248267
460.264 0.248269
460.512 0.248272
460.76 0.248274
461.008 0.248276
461.257 0.248278
461.505 0.24828
461.753 0.248283
462.001 0.248285
462.249 0.248287
462.497 0.248289
462.745 0.248291
462.993 0.248294
463.241 0.248296
463.49 0.248298
463.738 0.2483
463.986 0.248302
464.234 0.248304
464.482 0.248307
464.73 0.248309
464.978 0.248311
465.227 0.248313
465.475 0.248315
465.723 0.248318
465.971 0.24832
466.219 0.248322
466.467 0.248324
466.715 0.248326
466.964 0.248328
467.212 0.248331
467.46 0.248333
467.708 0.248335
467.956 0.248337
468.205 0.248339
468.453 0.248341
468.701 0.248343
468.949 0.248346
469.197 0.248348
469.446 0.24835
469.694 0.248352
469.942 0.248354
470.19 0.248356
470.438 0.248359
470.687 0.248361
470.935 0.248363
471.183 0.248365
471.431 0.248367
471.679 0.248369
471.928 0.248371
472.176 0.248373
472.424 0.248376
472.672 0.248378
472.921 0.24838
473.169 0.248382
473.417 0.248384
473.665 0.248386
473.914 0.248388
474.162 0.248391
474.41 0.248393
474.658 0.248395
474.907 0.248397
475.155 0.248399
475.403 0.248401
475.652 0.248403
475.9 0.248405
476.148 0.248407
476.396 0.24841
476.645 0.248412
476.893 0.248414
477.141 0.248416
477.39 0.248418
477.638 0.24842
477.886 0.248422
478.134 0.248424
478.383 0.248426
478.631 0.248429
478.879 0.248431
479.128 0.248433
479.376 0.248435
479.624 0.248437
479.873 0.248439
480.121 0.248441
480.369 0.248443
480.618 0.248445
480.866 0.248447
481.114 0.248449
481.363 0.248451
481.611 0.248454
481.859 0.248456
482.108 0.248458
482.356 0.24846
482.604 0.248462
482.853 0.248464
483.101 0.248466
483.35 0.248468
483.598 0.24847
483.846 0.248472
484.095 0.248474
484.343 0.248476
484.591 0.248478
484.84 0.248481
485.088 0.248483
485.337 0.248485
485.585 0.248487
485.833 0.248489
486.082 0.248491
486.33 0.248493
486.579 0.248495
486.827 0.248497
487.075 0.248499
487.324 0.248501
487.572 0.248503
487.821 0.248505
488.069 0.248507
488.318 0.248509
488.566 0.248511
488.814 0.248513
489.063 0.248515
489.311 0.248517
489.56 0.248519
489.808 0.248522
490.057 0.248524
490.305 0.248526
490.553 0.248528
490.802 0.24853
491.05 0.248532
491.299 0.248534
491.547 0.248536
491.796 0.248538
492.044 0.24854
492.293 0.248542
492.541 0.248544
492.79 0.248546
493.038 0.248548
493.287 0.24855
493.535 0.248552
493.783 0.248554
494.032 0.248556
494.28 0.248558
494.529 0.24856
494.777 0.248562
495.026 0.248564
495.274 0.248566
495.523 0.248568
495.771 0.24857
496.02 0.248572
496.268 0.248574
496.517 0.248576
496.765 0.248578
497.014 0.24858
497.262 0.248582
497.511 0.248584
497.76 0.248586
498.008 0.248588
498.257 0.24859
498.505 0.248592
498.754 0.248594
499.002 0.248596
499.251 0.248598
499.499 0.2486
499.748 0.248602
499.996 0.248604
500.245 0.248606
500.493 0.248608
500.742 0.24861
500.991 0.248612
501.239 0.248614
501.488 0.248616
501.736 0.248618
501.985 0.24862
502.233 0.248622
502.482 0.248624
502.731 0.248625
502.979 0.248627
503.228 0.248629
503.476 0.248631
503.725 0.248633
503.973 0.248635
504.222 0.248637
504.471 0.248639
504.719 0.248641
504.968 0.248643
505.216 0.248645
505.465 0.248647
505.714 0.248649
505.962 0.248651
506.211 0.248653
506.459 0.248655
506.708 0.248657
506.957 0.248659
507.205 0.248661
507.454 0.248663
507.703 0.248664
507.951 0.248666
508.2 0.248668
508.448 0.24867
508.697 0.248672
508.946 0.248674
509.194 0.248676
509.443 0.248678
509.692 0.24868
509.94 0.248682
510.189 0.248684
510.438 0.248686
510.686 0.248688
510.935 0.248689
511.183 0.248691
511.432 0.248693
511.681 0.248695
511.929 0.248697
512.178 0.248699
512.427 0.248701
512.675 0.248703
512.924 0.248705
513.173 0.248707
513.421 0.248709
513.67 0.24871
513.919 0.248712
514.168 0.248714
514.416 0.248716
514.665 0.248718
514.914 0.24872
515.162 0.248722
515.411 0.248724
515.66 0.248726
515.908 0.248728
516.157 0.248729
516.406 0.248731
516.655 0.248733
516.903 0.248735
517.152 0.248737
517.401 0.248739
517.649 0.248741
517.898 0.248743
518.147 0.248745
518.396 0.248746
518.644 0.248748
518.893 0.24875
519.142 0.248752
519.39 0.248754
519.639 0.248756
519.888 0.248758
520.137 0.248759
520.385 0.248761
520.634 0.248763
520.883 0.248765
521.132 0.248767
521.38 0.248769
521.629 0.248771
521.878 0.248772
522.127 0.248774
522.375 0.248776
522.624 0.248778
522.873 0.24878
523.122 0.248782
523.37 0.248784
523.619 0.248785
523.868 0.248787
524.117 0.248789
524.366 0.248791
524.614 0.248793
524.863 0.248795
525.112 0.248796
525.361 0.248798
525.609 0.2488
525.858 0.248802
526.107 0.248804
526.356 0.248806
526.605 0.248807
526.853 0.248809
527.102 0.248811
527.351 0.248813
527.6 0.248815
527.849 0.248817
528.097 0.248818
528.346 0.24882
528.595 0.248822
528.844 0.248824
529.093 0.248826
529.341 0.248828
529.59 0.248829
529.839 0.248831
530.088 0.248833
530.337 0.248835
530.586 0.248837
530.834 0.248838
531.083 0.24884
531.332 0.248842
531.581 0.248844
531.83 0.248846
532.079 0.248847
532.327 0.248849
532.576 0.248851
532.825 0.248853
533.074 0.248855
533.323 0.248856
533.572 0.248858
533.821 0.24886
534.069 0.248862
534.318 0.248864
534.567 0.248865
534.816 0.248867
535.065 0.248869
535.314 0.248871
535.563 0.248872
535.811 0.248874
536.06 0.248876
536.309 0.248878
536.558 0.24888
536.807 0.248881
537.056 0.248883
537.305 0.248885
537.554 0.248887
537.802 0.248888
538.051 0.24889
538.3 0.248892
538.549 0.248894
538.798 0.248895
539.047 0.248897
539.296 0.248899
539.545 0.248901
539.794 0.248902
540.042 0.248904
540.291 0.248906
540.54 0.248908
540.789 0.248909
541.038 0.248911
541.287 0.248913
541.536 0.248915
541.785 0.248916
542.034 0.248918
542.283 0.24892
542.532 0.248922
542.781 0.248923
543.029 0.248925
543.278 0.248927
543.527 0.248929
543.776 0.24893
544.025 0.248932
544.274 0.248934
544.523 0.248936
544.772 0.248937
545.021 0.248939
545.27 0.248941
545.519 0.248942
545.768 0.248944
546.017 0.248946
546.266 0.248948
546.515 0.248949
546.763 0.248951
547.012 0.248953
547.261 0.248954
547.51 0.248956
547.759 0.248958
548.008 0.24896
548.257 0.248961
548.506 0.248963
548.755 0.248965
549.004 0.248966
549.253 0.248968
549.502 0.24897
549.751 0.248972
550 0.248973
550.249 0.248975
550.498 0.248977
550.747 0.248978
550.996 0.24898
551.245 0.248982
551.494 0.248983
551.743 0.248985
551.992 0.248987
552.241 0.248988
552.49 0.24899
552.739 0.248992
552.988 0.248994
553.237 0.248995
553.486 0.248997
553.735 0.248999
553.984 0.249
554.233 0.249002
554.482 0.249004
554.731 0.249005
554.98 0.249007
555.229 0.249009
555.478 0.24901
555.727 0.249012
555.976 0.249014
556.225 0.249015
556.474 0.249017
556.723 0.249019
556.972 0.24902
557.221 0.249022
557.47 0.249024
557.719 0.249025
557.968 0.249027
558.217 0.249029
558.466 0.24903
558.715 0.249032
558.964 0.249033
559.213 0.249035
559.462 0.249037
559.711 0.249038
559.96 0.24904
560.209 0.249042
560.458 0.249043
560.707 0.249045
560.956 0.249047
561.205 0.249048
561.454 0.24905
561.704 0.249051
561.953 0.249053
562.202 0.249055
562.451 0.249056
562.7 0.249058
562.949 0.24906
563.198 0.249061
563.447 0.249063
563.696 0.249065
563.945 0.249066
564.194 0.249068
564.443 0.249069
564.692 0.249071
564.941 0.249073
565.19 0.249074
565.439 0.249076
565.689 0.249077
565.938 0.249079
566.187 0.249081
566.436 0.249082
566.685 0.249084
566.934 0.249085
567.183 0.249087
567.432 0.249089
567.681 0.24909
567.93 0.249092
568.179 0.249093
568.428 0.249095
568.677 0.249097
568.927 0.249098
569.176 0.2491
569.425 0.249101
569.674 0.249103
569.923 0.249105
570.172 0.249106
570.421 0.249108
570.67 0.249109
570.919 0.249111
571.168 0.249112
571.418 0.249114
571.667 0.249116
571.916 0.249117
572.165 0.249119
572.414 0.24912
572.663 0.249122
572.912 0.249124
573.161 0.249125
573.41 0.249127
573.66 0.249128
573.909 0.24913
574.158 0.249131
574.407 0.249133
574.656 0.249134
574.905 0.249136
575.154 0.249138
575.403 0.249139
575.652 0.249141
575.902 0.249142
576.151 0.249144
576.4 0.249145
576.649 0.249147
576.898 0.249148
577.147 0.24915
577.396 0.249152
577.646 0.249153
577.895 0.249155
578.144 0.249156
578.393 0.249158
578.642 0.249159
578.891 0.249161
579.14 0.249162
579.39 0.249164
579.639 0.249165
579.888 0.249167
580.137 0.249168
580.386 0.24917
580.635 0.249171
580.884 0.249173
581.134 0.249175
581.383 0.249176
581.632 0.249178
581.881 0.249179
582.13 0.249181
582.379 0.249182
582.628 0.249184
582.878 0.249185
583.127 0.249187
583.376 0.249188
583.625 0.24919
583.874 0.249191
584.123 0.249193
584.373 0.249194
584.622 0.249196
584.871 0.249197
585.12 0.249199
585.369 0.2492
585.618 0.249202
585.868 0.249203
586.117 0.249205
586.366 0.249206
586.615 0.249208
586.864 0.249209
587.114 0.249211
587.363 0.249212
587.612 0.249214
587.861 0.249215
588.11 0.249217
588.359 0.249218
588.609 0.24922
588.858 0.249221
589.107 0.249222
589.356 0.249224
589.605 0.249225
589.855 0.249227
590.104 0.249228
590.353 0.24923
590.602 0.249231
590.851 0.249233
591.101 0.249234
591.35 0.249236
591.599 0.249237
591.848 0.249239
592.097 0.24924
592.347 0.249242
592.596 0.249243
592.845 0.249245
593.094 0.249246
593.343 0.249247
593.593 0.249249
593.842 0.24925
594.091 0.249252
594.34 0.249253
594.589 0.249255
594.839 0.249256
595.088 0.249258
595.337 0.249259
595.586 0.24926
595.835 0.249262
596.085 0.249263
596.334 0.249265
596.583 0.249266
596.832 0.249268
597.082 0.249269
597.331 0.24927
597.58 0.249272
597.829 0.249273
598.078 0.249275
598.328 0.249276
598.577 0.249278
598.826 0.249279
599.075 0.24928
599.325 0.249282
599.574 0.249283
599.823 0.249285
600.072 0.249286
600.321 0.249288
600.571 0.249289
600.82 0.24929
601.069 0.249292
601.318 0.249293
601.568 0.249295
601.817 0.249296
602.066 0.249297
602.315 0.249299
602.565 0.2493
602.814 0.249302
603.063 0.249303
603.312 0.249304
603.562 0.249306
603.811 0.249307
604.06 0.249309
604.309 0.24931
604.558 0.249311
604.808 0.249313
605.057 0.249314
605.306 0.249316
605.555 0.249317
605.805 0.249318
606.054 0.24932
606.303 0.249321
606.552 0.249322
606.802 0.249324
607.051 0.249325
607.3 0.249327
607.549 0.249328
607.799 0.249329
608.048 0.249331
608.297 0.249332
608.546 0.249333
608.796 0.249335
609.045 0.249336
609.294 0.249338
609.544 0.249339
609.793 0.24934
610.042 0.249342
610.291 0.249343
610.541 0.249344
610.79 0.249346
611.039 0.249347
611.288 0.249348
611.538 0.24935
611.787 0.249351
612.036 0.249352
612.285 0.249354
612.535 0.249355
612.784 0.249357
613.033 0.249358
613.282 0.249359
613.532 0.249361
613.781 0.249362
614.03 0.249363
614.28 0.249365
614.529 0.249366
614.778 0.249367
615.027 0.249369
615.277 0.24937
615.526 0.249371
615.775 0.249373
616.024 0.249374
616.274 0.249375
616.523 0.249377
616.772 0.249378
617.022 0.249379
617.271 0.24938
617.52 0.249382
617.769 0.249383
618.019 0.249384
618.268 0.249386
618.517 0.249387
618.767 0.249388
619.016 0.24939
619.265 0.249391
619.514 0.249392
619.764 0.249394
620.013 0.249395
620.262 0.249396
620.512 0.249398
620.761 0.249399
621.01 0.2494
621.259 0.249401
621.509 0.249403
621.758 0.249404
622.007 0.249405
622.257 0.249407
622.506 0.249408
622.755 0.249409
623.004 0.24941
623.254 0.249412
623.503 0.249413
623.752 0.249414
624.002 0.249416
624.251 0.249417
624.5 0.249418
624.749 0.249419
624.999 0.249421
625.248 0.249422
625.497 0.249423
625.747 0.249424
625.996 0.249426
626.245 0.249427
626.495 0.249428
626.744 0.24943
626.993 0.249431
627.242 0.249432
627.492 0.249433
627.741 0.249435
627.99 0.249436
628.24 0.249437
628.489 0.249438
628.738 0.24944
628.987 0.249441
629.237 0.249442
629.486 0.249443
629.735 0.249445
629.985 0.249446
630.234 0.249447
630.483 0.249448
630.733 0.24945
630.982 0.249451
631.231 0.249452
631.481 0.249453
631.73 0.249455
631.979 0.249456
632.228 0.249457
632.478 0.249458
632.727 0.24946
632.976 0.249461
633.226 0.249462
633.475 0.249463
633.724 0.249464
633.974 0.249466
634.223 0.249467
634.472 0.249468
634.721 0.249469
634.971 0.249471
635.22 0.249472
635.469 0.249473
635.719 0.249474
635.968 0.249475
636.217 0.249477
636.467 0.249478
636.716 0.249479
636.965 0.24948
637.215 0.249481
637.464 0.249483
637.713 0.249484
637.962 0.249485
638.212 0.249486
638.461 0.249487
638.71 0.249489
638.96 0.24949
639.209 0.249491
639.458 0.249492
639.708 0.249493
639.957 0.249495
640.206 0.249496
640.456 0.249497
640.705 0.249498
640.954 0.249499
641.204 0.249501
641.453 0.249502
641.702 0.249503
641.951 0.249504
642.201 0.249505
642.45 0.249506
642.699 0.249508
642.949 0.249509
643.198 0.24951
643.447 0.249511
643.697 0.249512
643.946 0.249514
644.195 0.249515
644.445 0.249516
644.694 0.249517
644.943 0.249518
645.193 0.249519
645.442 0.249521
645.691 0.249522
645.941 0.249523
646.19 0.249524
646.439 0.249525
646.688 0.249526
646.938 0.249527
647.187 0.249529
647.436 0.24953
647.686 0.249531
647.935 0.249532
648.184 0.249533
648.434 0.249534
648.683 0.249535
648.932 0.249537
649.182 0.249538
649.431 0.249539
649.68 0.24954
649.93 0.249541
650.179 0.249542
650.428 0.249543
650.677 0.249545
650.927 0.249546
651.176 0.249547
651.425 0.249548
651.675 0.249549
651.924 0.24955
652.173 0.249551
652.423 0.249552
652.672 0.249554
652.921 0.249555
653.171 0.249556
653.42 0.249557
653.669 0.249558
653.919 0.249559
654.168 0.24956
654.417 0.249561
654.667 0.249562
654.916 0.249564
655.165 0.249565
655.414 0.249566
655.664 0.249567
655.913 0.249568
656.162 0.249569
656.412 0.24957
656.661 0.249571
656.91 0.249572
657.16 0.249573
657.409 0.249575
657.658 0.249576
657.908 0.249577
658.157 0.249578
658.406 0.249579
658.656 0.24958
658.905 0.249581
659.154 0.249582
659.404 0.249583
659.653 0.249584
659.902 0.249585
660.151 0.249586
660.401 0.249588
660.65 0.249589
660.899 0.24959
661.149 0.249591
661.398 0.249592
661.647 0.249593
661.897 0.249594
662.146 0.249595
662.395 0.249596
662.645 0.249597
662.894 0.249598
663.143 0.249599
663.392 0.2496
663.642 0.249601
663.891 0.249602
664.14 0.249604
664.39 0.249605
664.639 0.249606
664.888 0.249607
665.138 0.249608
665.387 0.249609
665.636 0.24961
665.886 0.249611
666.135 0.249612
666.384 0.249613
666.634 0.249614
666.883 0.249615
667.132 0.249616
667.381 0.249617
667.631 0.249618
667.88 0.249619
668.129 0.24962
668.379 0.249621
668.628 0.249622
668.877 0.249623
669.127 0.249624
669.376 0.249625
669.625 0.249626
669.874 0.249627
670.124 0.249628
670.373 0.249629
670.622 0.24963
670.872 0.249631
671.121 0.249633
671.37 0.249634
671.62 0.249635
671.869 0.249636
672.118 0.249637
672.367 0.249638
672.617 0.249639
672.866 0.24964
673.115 0.249641
673.365 0.249642
673.614 0.249643
673.863 0.249644
674.113 0.249645
674.362 0.249646
674.611 0.249647
674.86 0.249648
675.11 0.249649
675.359 0.24965
675.608 0.249651
675.858 0.249652
676.107 0.249653
676.356 0.249654
676.606 0.249654
676.855 0.249655
677.104 0.249656
677.353 0.249657
677.603 0.249658
677.852 0.249659
678.101 0.24966
678.351 0.249661
678.6 0.249662
678.849 0.249663
679.098 0.249664
679.348 0.249665
679.597 0.249666
679.846 0.249667
680.096 0.249668
680.345 0.249669
680.594 0.24967
680.843 0.249671
681.093 0.249672
681.342 0.249673
681.591 0.249674
681.841 0.249675
682.09 0.249676
682.339 0.249677
682.588 0.249678
682.838 0.249679
683.087 0.24968
683.336 0.249681
683.586 0.249681
683.835 0.249682
684.084 0.249683
684.333 0.249684
684.583 0.249685
684.832 0.249686
685.081 0.249687
685.33 0.249688
685.58 0.249689
685.829 0.24969
686.078 0.249691
686.328 0.249692
686.577 0.249693
686.826 0.249694
687.075 0.249695
687.325 0.249696
687.574 0.249696
687.823 0.249697
688.072 0.249698
688.322 0.249699
688.571 0.2497
688.82 0.249701
689.07 0.249702
689.319 0.249703
689.568 0.249704
689.817 0.249705
690.067 0.249706
690.316 0.249706
690.565 0.249707
690.814 0.249708
691.064 0.249709
691.313 0.24971
691.562 0.249711
691.811 0.249712
692.061 0.249713
692.31 0.249714
692.559 0.249715
692.808 0.249715
693.058 0.249716
693.307 0.249717
693.556 0.249718
693.805 0.249719
694.055 0.24972
694.304 0.249721
694.553 0.249722
694.802 0.249723
695.052 0.249723
695.301 0.249724
695.55 0.249725
695.799 0.249726
696.049 0.249727
696.298 0.249728
696.547 0.249729
696.796 0.24973
697.046 0.24973
697.295 0.249731
697.544 0.249732
697.793 0.249733
698.043 0.249734
698.292 0.249735
698.541 0.249736
698.79 0.249737
699.04 0.249737
699.289 0.249738
699.538 0.249739
699.787 0.24974
700.037 0.249741
700.286 0.249742
700.535 0.249742
700.784 0.249743
701.033 0.249744
701.283 0.249745
701.532 0.249746
701.781 0.249747
702.03 0.249748
702.28 0.249748
702.529 0.249749
702.778 0.24975
703.027 0.249751
703.276 0.249752
703.526 0.249753
703.775 0.249753
704.024 0.249754
704.273 0.249755
704.523 0.249756
704.772 0.249757
705.021 0.249758
705.27 0.249758
705.519 0.249759
705.769 0.24976
706.018 0.249761
706.267 0.249762
706.516 0.249762
706.765 0.249763
707.015 0.249764
707.264 0.249765
707.513 0.249766
707.762 0.249767
708.011 0.249767
708.261 0.249768
708.51 0.249769
708.759 0.24977
709.008 0.249771
709.258 0.249771
709.507 0.249772
709.756 0.249773
710.005 0.249774
710.254 0.249775
710.503 0.249775
710.753 0.249776
711.002 0.249777
711.251 0.249778
711.5 0.249778
711.749 0.249779
711.999 0.24978
712.248 0.249781
712.497 0.249782
712.746 0.249782
712.995 0.249783
713.245 0.249784
713.494 0.249785
713.743 0.249786
713.992 0.249786
714.241 0.249787
714.49 0.249788
714.74 0.249789
714.989 0.249789
715.238 0.24979
715.487 0.249791
715.736 0.249792
715.986 0.249792
716.235 0.249793
716.484 0.249794
716.733 0.249795
716.982 0.249795
717.231 0.249796
717.481 0.249797
717.73 0.249798
717.979 0.249798
718.228 0.249799
718.477 0.2498
718.726 0.249801
718.975 0.249801
719.225 0.249802
719.474 0.249803
719.723 0.249804
719.972 0.249804
720.221 0.249805
720.47 0.249806
720.72 0.249807
720.969 0.249807
721.218 0.249808
721.467 0.249809
721.716 0.24981
721.965 0.24981
722.214 0.249811
722.464 0.249812
722.713 0.249812
722.962 0.249813
723.211 0.249814
723.46 0.249815
723.709 0.249815
723.958 0.249816
724.208 0.249817
724.457 0.249818
724.706 0.249818
724.955 0.249819
725.204 0.24982
725.453 0.24982
725.702 0.249821
725.951 0.249822
726.201 0.249822
726.45 0.249823
726.699 0.249824
726.948 0.249825
727.197 0.249825
727.446 0.249826
727.695 0.249827
727.944 0.249827
728.193 0.249828
728.443 0.249829
728.692 0.249829
728.941 0.24983
729.19 0.249831
729.439 0.249832
729.688 0.249832
729.937 0.249833
730.186 0.249834
730.435 0.249834
730.685 0.249835
730.934 0.249836
731.183 0.249836
731.432 0.249837
731.681 0.249838
731.93 0.249838
732.179 0.249839
732.428 0.24984
732.677 0.24984
732.926 0.249841
733.175 0.249842
733.425 0.249842
733.674 0.249843
733.923 0.249844
734.172 0.249844
734.421 0.249845
734.67 0.249846
734.919 0.249846
735.168 0.249847
735.417 0.249848
735.666 0.249848
735.915 0.249849
736.164 0.24985
736.413 0.24985
736.662 0.249851
736.912 0.249851
737.161 0.249852
737.41 0.249853
737.659 0.249853
737.908 0.249854
738.157 0.249855
738.406 0.249855
738.655 0.249856
738.904 0.249857
739.153 0.249857
739.402 0.249858
739.651 0.249858
739.9 0.249859
740.149 0.24986
740.398 0.24986
740.647 0.249861
740.896 0.249862
741.145 0.249862
741.394 0.249863
741.643 0.249863
741.893 0.249864
742.142 0.249865
742.391 0.249865
742.64 0.249866
742.889 0.249867
743.138 0.249867
743.387 0.249868
743.636 0.249868
743.885 0.249869
744.134 0.24987
744.383 0.24987
744.632 0.249871
744.881 0.249871
745.13 0.249872
745.379 0.249873
745.628 0.249873
745.877 0.249874
746.126 0.249874
746.375 0.249875
746.624 0.249876
746.873 0.249876
747.122 0.249877
747.371 0.249877
747.62 0.249878
747.869 0.249878
748.118 0.249879
748.367 0.24988
748.616 0.24988
748.865 0.249881
749.114 0.249881
749.363 0.249882
749.612 0.249883
749.861 0.249883
750.11 0.249884
750.359 0.249884
750.608 0.249885
750.857 0.249885
751.106 0.249886
751.355 0.249886
751.604 0.249887
751.853 0.249888
752.102 0.249888
752.351 0.249889
752.599 0.249889
752.848 0.24989
753.097 0.24989
753.346 0.249891
753.595 0.249891
753.844 0.249892
754.093 0.249893
754.342 0.249893
754.591 0.249894
754.84 0.249894
755.089 0.249895
755.338 0.249895
755.587 0.249896
755.836 0.249896
756.085 0.249897
756.334 0.249897
756.583 0.249898
756.832 0.249899
757.081 0.249899
757.329 0.2499
757.578 0.2499
757.827 0.249901
758.076 0.249901
758.325 0.249902
758.574 0.249902
758.823 0.249903
759.072 0.249903
759.321 0.249904
759.57 0.249904
759.819 0.249905
760.068 0.249905
760.317 0.249906
760.565 0.249906
760.814 0.249907
761.063 0.249907
761.312 0.249908
761.561 0.249908
761.81 0.249909
762.059 0.249909
762.308 0.24991
762.557 0.24991
762.806 0.249911
763.054 0.249911
763.303 0.249912
763.552 0.249912
763.801 0.249913
764.05 0.249913
764.299 0.249914
764.548 0.249914
764.797 0.249915
765.045 0.249915
765.294 0.249916
765.543 0.249916
765.792 0.249917
766.041 0.249917
766.29 0.249918
766.539 0.249918
766.787 0.249919
767.036 0.249919
767.285 0.24992
767.534 0.24992
767.783 0.249921
768.032 0.249921
768.281 0.249922
768.529 0.249922
768.778 0.249922
769.027 0.249923
769.276 0.249923
769.525 0.249924
769.774 0.249924
770.022 0.249925
770.271 0.249925
770.52 0.249926
770.769 0.249926
771.018 0.249927
771.267 0.249927
771.515 0.249927
771.764 0.249928
772.013 0.249928
772.262 0.249929
772.511 0.249929
772.76 0.24993
773.008 0.24993
773.257 0.249931
773.506 0.249931
773.755 0.249931
774.004 0.249932
774.252 0.249932
774.501 0.249933
774.75 0.249933
774.999 0.249934
775.248 0.249934
775.496 0.249935
775.745 0.249935
775.994 0.249935
776.243 0.249936
776.491 0.249936
776.74 0.249937
776.989 0.249937
777.238 0.249937
777.487 0.249938
777.735 0.249938
777.984 0.249939
778.233 0.249939
778.482 0.24994
778.73 0.24994
778.979 0.24994
779.228 0.249941
779.477 0.249941
779.725 0.249942
779.974 0.249942
780.223 0.249942
780.472 0.249943
780.72 0.249943
780.969 0.249944
781.218 0.249944
781.467 0.249944
781.715 0.249945
781.964 0.249945
782.213 0.249946
782.462 0.249946
782.71 0.249946
782.959 0.249947
783.208 0.249947
783.456 0.249947
783.705 0.249948
783.954 0.249948
784.203 0.249949
784.451 0.249949
784.7 0.249949
784.949 0.24995
785.197 0.24995
785.446 0.24995
785.695 0.249951
785.944 0.249951
786.192 0.249952
786.441 0.249952
786.69 0.249952
786.938 0.249953
787.187 0.249953
787.436 0.249953
787.684 0.249954
787.933 0.249954
788.182 0.249954
788.43 0.249955
788.679 0.249955
788.928 0.249956
789.176 0.249956
789.425 0.249956
789.674 0.249957
789.922 0.249957
790.171 0.249957
790.42 0.249958
790.668 0.249958
790.917 0.249958
791.166 0.249959
791.414 0.249959
791.663 0.249959
791.912 0.24996
792.16 0.24996
792.409 0.24996
792.658 0.249961
792.906 0.249961
793.155 0.249961
793.403 0.249962
793.652 0.249962
793.901 0.249962
794.149 0.249963
794.398 0.249963
794.647 0.249963
794.895 0.249964
795.144 0.249964
795.392 0.249964
795.641 0.249965
795.89 0.249965
796.138 0.249965
796.387 0.249965
796.635 0.249966
796.884 0.249966
797.133 0.249966
797.381 0.249967
797.63 0.249967
797.878 0.249967
798.127 0.249968
798.375 0.249968
798.624 0.249968
798.873 0.249968
799.121 0.249969
799.37 0.249969
799.618 0.249969
799.867 0.24997
800.115 0.24997
800.364 0.24997
800.613 0.249971
800.861 0.249971
801.11 0.249971
801.358 0.249971
801.607 0.249972
801.855 0.249972
802.104 0.249972
802.352 0.249972
802.601 0.249973
802.849 0.249973
803.098 0.249973
803.347 0.249974
803.595 0.249974
803.844 0.249974
804.092 0.249974
804.341 0.249975
804.589 0.249975
804.838 0.249975
