399.292 0.148611
399.441 0.148612
399.589 0.148613
399.737 0.148614
399.886 0.148615
400.034 0.148616
400.182 0.148617
400.331 0.148618
400.479 0.148619
400.627 0.14862
400.776 0.148621
400.924 0.148622
401.072 0.148622
401.22 0.148623
401.369 0.148624
401.517 0.148625
401.665 0.148626
401.814 0.148627
401.962 0.148628
402.11 0.148629
402.259 0.14863
402.407 0.148631
402.555 0.148632
402.704 0.148632
402.852 0.148633
403 0.148634
403.149 0.148635
403.297 0.148636
403.446 0.148637
403.594 0.148638
403.742 0.148639
403.891 0.14864
404.039 0.148641
404.187 0.148641
404.336 0.148642
404.484 0.148643
404.632 0.148644
404.781 0.148645
404.929 0.148646
405.077 0.148647
405.226 0.148648
405.374 0.148649
405.523 0.14865
405.671 0.148651
405.819 0.148651
405.968 0.148652
406.116 0.148653
406.264 0.148654
406.413 0.148655
406.561 0.148656
406.709 0.148657
406.858 0.148658
407.006 0.148659
407.155 0.14866
407.303 0.14866
407.451 0.148661
407.6 0.148662
407.748 0.148663
407.897 0.148664
408.045 0.148665
408.193 0.148666
408.342 0.148667
408.49 0.148668
408.639 0.148668
408.787 0.148669
408.935 0.14867
409.084 0.148671
409.232 0.148672
409.381 0.148673
409.529 0.148674
409.677 0.148675
409.826 0.148676
409.974 0.148677
410.123 0.148677
410.271 0.148678
410.419 0.148679
410.568 0.14868
410.716 0.148681
410.865 0.148682
411.013 0.148683
411.162 0.148684
411.31 0.148685
411.458 0.148685
411.607 0.148686
411.755 0.148687
411.904 0.148688
412.052 0.148689
412.201 0.14869
412.349 0.148691
412.497 0.148692
412.646 0.148693
412.794 0.148693
412.943 0.148694
413.091 0.148695
413.24 0.148696
413.388 0.148697
413.536 0.148698
413.685 0.148699
413.833 0.1487
413.982 0.148701
414.13 0.148701
414.279 0.148702
414.427 0.148703
414.576 0.148704
414.724 0.148705
414.873 0.148706
415.021 0.148707
415.169 0.148708
415.318 0.148708
415.466 0.148709
415.615 0.14871
415.763 0.148711
415.912 0.148712
416.06 0.148713
416.209 0.148714
416.357 0.148715
416.506 0.148716
416.654 0.148716
416.803 0.148717
416.951 0.148718
417.1 0.148719
417.248 0.14872
417.397 0.148721
417.545 0.148722
417.693 0.148723
417.842 0.148723
417.99 0.148724
418.139 0.148725
418.287 0.148726
418.436 0.148727
418.584 0.148728
418.733 0.148729
418.881 0.14873
419.03 0.14873
419.178 0.148731
419.327 0.148732
419.475 0.148733
419.624 0.148734
419.772 0.148735
419.921 0.148736
420.069 0.148737
420.218 0.148737
420.366 0.148738
420.515 0.148739
420.663 0.14874
420.812 0.148741
420.961 0.148742
421.109 0.148743
421.258 0.148744
421.406 0.148744
421.555 0.148745
421.703 0.148746
421.852 0.148747
422 0.148748
422.149 0.148749
422.297 0.14875
422.446 0.148751
422.594 0.148751
422.743 0.148752
422.891 0.148753
423.04 0.148754
423.188 0.148755
423.337 0.148756
423.485 0.148757
423.634 0.148757
423.783 0.148758
423.931 0.148759
424.08 0.14876
424.228 0.148761
424.377 0.148762
424.525 0.148763
424.674 0.148763
424.822 0.148764
424.971 0.148765
425.12 0.148766
425.268 0.148767
425.417 0.148768
425.565 0.148769
425.714 0.14877
425.862 0.14877
426.011 0.148771
426.159 0.148772
426.308 0.148773
426.457 0.148774
426.605 0.148775
426.754 0.148776
426.902 0.148776
427.051 0.148777
427.199 0.148778
427.348 0.148779
427.497 0.14878
427.645 0.148781
427.794 0.148782
427.942 0.148782
428.091 0.148783
428.239 0.148784
428.388 0.148785
428.537 0.148786
428.685 0.148787
428.834 0.148788
428.982 0.148788
429.131 0.148789
429.28 0.14879
429.428 0.148791
429.577 0.148792
429.725 0.148793
429.874 0.148794
430.023 0.148794
430.171 0.148795
430.32 0.148796
430.468 0.148797
430.617 0.148798
430.766 0.148799
430.914 0.1488
431.063 0.1488
431.211 0.148801
431.36 0.148802
431.509 0.148803
431.657 0.148804
431.806 0.148805
431.954 0.148805
432.103 0.148806
432.252 0.148807
432.4 0.148808
432.549 0.148809
432.698 0.14881
432.846 0.148811
432.995 0.148811
433.143 0.148812
433.292 0.148813
433.441 0.148814
433.589 0.148815
433.738 0.148816
433.887 0.148816
434.035 0.148817
434.184 0.148818
434.333 0.148819
434.481 0.14882
434.63 0.148821
434.778 0.148822
434.927 0.148822
435.076 0.148823
435.224 0.148824
435.373 0.148825
435.522 0.148826
435.67 0.148827
435.819 0.148827
435.968 0.148828
436.116 0.148829
436.265 0.14883
436.414 0.148831
436.562 0.148832
436.711 0.148832
436.86 0.148833
437.008 0.148834
437.157 0.148835
437.306 0.148836
437.454 0.148837
437.603 0.148838
437.752 0.148838
437.9 0.148839
438.049 0.14884
438.198 0.148841
438.346 0.148842
438.495 0.148843
438.644 0.148843
438.792 0.148844
438.941 0.148845
439.09 0.148846
439.238 0.148847
439.387 0.148848
439.536 0.148848
439.684 0.148849
439.833 0.14885
439.982 0.148851
440.13 0.148852
440.279 0.148853
440.428 0.148853
440.576 0.148854
440.725 0.148855
440.874 0.148856
441.023 0.148857
441.171 0.148858
441.32 0.148858
441.469 0.148859
441.617 0.14886
441.766 0.148861
441.915 0.148862
442.063 0.148863
442.212 0.148863
442.361 0.148864
442.51 0.148865
442.658 0.148866
442.807 0.148867
442.956 0.148867
443.104 0.148868
443.253 0.148869
443.402 0.14887
443.551 0.148871
443.699 0.148872
443.848 0.148872
443.997 0.148873
444.145 0.148874
444.294 0.148875
444.443 0.148876
444.592 0.148877
444.74 0.148877
444.889 0.148878
445.038 0.148879
445.186 0.14888
445.335 0.148881
445.484 0.148881
445.633 0.148882
445.781 0.148883
445.93 0.148884
446.079 0.148885
446.228 0.148886
446.376 0.148886
446.525 0.148887
446.674 0.148888
446.823 0.148889
446.971 0.14889
447.12 0.148891
447.269 0.148891
447.418 0.148892
447.566 0.148893
447.715 0.148894
447.864 0.148895
448.013 0.148895
448.161 0.148896
448.31 0.148897
448.459 0.148898
448.608 0.148899
448.756 0.1489
448.905 0.1489
449.054 0.148901
449.203 0.148902
449.351 0.148903
449.5 0.148904
449.649 0.148904
449.798 0.148905
449.947 0.148906
450.095 0.148907
450.244 0.148908
450.393 0.148908
450.542 0.148909
450.69 0.14891
450.839 0.148911
450.988 0.148912
451.137 0.148913
451.285 0.148913
451.434 0.148914
451.583 0.148915
451.732 0.148916
451.881 0.148917
452.029 0.148917
452.178 0.148918
452.327 0.148919
452.476 0.14892
452.625 0.148921
452.773 0.148921
452.922 0.148922
453.071 0.148923
453.22 0.148924
453.369 0.148925
453.517 0.148925
453.666 0.148926
453.815 0.148927
453.964 0.148928
454.113 0.148929
454.261 0.148929
454.41 0.14893
454.559 0.148931
454.708 0.148932
454.857 0.148933
455.005 0.148933
455.154 0.148934
455.303 0.148935
455.452 0.148936
455.601 0.148937
455.749 0.148937
455.898 0.148938
456.047 0.148939
456.196 0.14894
456.345 0.148941
456.494 0.148942
456.642 0.148942
456.791 0.148943
456.94 0.148944
457.089 0.148945
457.238 0.148945
457.387 0.148946
457.535 0.148947
457.684 0.148948
457.833 0.148949
457.982 0.148949
458.131 0.14895
458.28 0.148951
458.428 0.148952
458.577 0.148953
458.726 0.148953
458.875 0.148954
459.024 0.148955
459.173 0.148956
459.321 0.148957
459.47 0.148957
459.619 0.148958
459.768 0.148959
459.917 0.14896
460.066 0.148961
460.215 0.148961
460.363 0.148962
460.512 0.148963
460.661 0.148964
460.81 0.148965
460.959 0.148965
461.108 0.148966
461.257 0.148967
461.405 0.148968
461.554 0.148969
461.703 0.148969
461.852 0.14897
462.001 0.148971
462.15 0.148972
462.299 0.148972
462.447 0.148973
462.596 0.148974
462.745 0.148975
462.894 0.148976
463.043 0.148976
463.192 0.148977
463.341 0.148978
463.49 0.148979
463.638 0.14898
463.787 0.14898
463.936 0.148981
464.085 0.148982
464.234 0.148983
464.383 0.148983
464.532 0.148984
464.681 0.148985
464.829 0.148986
464.978 0.148987
465.127 0.148987
465.276 0.148988
465.425 0.148989
465.574 0.14899
465.723 0.148991
465.872 0.148991
466.021 0.148992
466.17 0.148993
466.318 0.148994
466.467 0.148994
466.616 0.148995
466.765 0.148996
466.914 0.148997
467.063 0.148998
467.212 0.148998
467.361 0.148999
467.51 0.149
467.659 0.149001
467.807 0.149001
467.956 0.149002
468.105 0.149003
468.254 0.149004
468.403 0.149005
468.552 0.149005
468.701 0.149006
468.85 0.149007
468.999 0.149008
469.148 0.149008
469.297 0.149009
469.446 0.14901
469.594 0.149011
469.743 0.149012
469.892 0.149012
470.041 0.149013
470.19 0.149014
470.339 0.149015
470.488 0.149015
470.637 0.149016
470.786 0.149017
470.935 0.149018
471.084 0.149018
471.233 0.149019
471.382 0.14902
471.531 0.149021
471.679 0.149022
471.828 0.149022
471.977 0.149023
472.126 0.149024
472.275 0.149025
472.424 0.149025
472.573 0.149026
472.722 0.149027
472.871 0.149028
473.02 0.149028
473.169 0.149029
473.318 0.14903
473.467 0.149031
473.616 0.149032
473.765 0.149032
473.914 0.149033
474.063 0.149034
474.212 0.149035
474.361 0.149035
474.51 0.149036
474.658 0.149037
474.807 0.149038
474.956 0.149038
475.105 0.149039
475.254 0.14904
475.403 0.149041
475.552 0.149041
475.701 0.149042
475.85 0.149043
475.999 0.149044
476.148 0.149044
476.297 0.149045
476.446 0.149046
476.595 0.149047
476.744 0.149048
476.893 0.149048
477.042 0.149049
477.191 0.14905
477.34 0.149051
477.489 0.149051
477.638 0.149052
477.787 0.149053
477.936 0.149054
478.085 0.149054
478.234 0.149055
478.383 0.149056
478.532 0.149057
478.681 0.149057
478.83 0.149058
478.979 0.149059
479.128 0.14906
479.277 0.14906
479.426 0.149061
479.575 0.149062
479.724 0.149063
479.873 0.149063
480.022 0.149064
480.171 0.149065
480.32 0.149066
480.469 0.149066
480.618 0.149067
480.767 0.149068
480.916 0.149069
481.065 0.149069
481.214 0.14907
481.363 0.149071
481.512 0.149072
481.661 0.149072
481.81 0.149073
481.959 0.149074
482.108 0.149075
482.257 0.149075
482.406 0.149076
482.555 0.149077
482.704 0.149078
482.853 0.149078
483.002 0.149079
483.151 0.14908
483.3 0.149081
483.449 0.149081
483.598 0.149082
483.747 0.149083
483.896 0.149084
484.045 0.149084
484.194 0.149085
484.343 0.149086
484.492 0.149087
484.641 0.149087
484.79 0.149088
484.939 0.149089
485.088 0.14909
485.237 0.14909
485.386 0.149091
485.535 0.149092
485.684 0.149093
485.833 0.149093
485.982 0.149094
486.131 0.149095
486.281 0.149095
486.43 0.149096
486.579 0.149097
486.728 0.149098
486.877 0.149098
487.026 0.149099
487.175 0.1491
487.324 0.149101
487.473 0.149101
487.622 0.149102
487.771 0.149103
487.92 0.149104
488.069 0.149104
488.218 0.149105
488.367 0.149106
488.516 0.149107
488.665 0.149107
488.814 0.149108
488.963 0.149109
489.112 0.149109
489.262 0.14911
489.411 0.149111
489.56 0.149112
489.709 0.149112
489.858 0.149113
490.007 0.149114
490.156 0.149115
490.305 0.149115
490.454 0.149116
490.603 0.149117
490.752 0.149118
490.901 0.149118
491.05 0.149119
491.199 0.14912
491.348 0.14912
491.498 0.149121
491.647 0.149122
491.796 0.149123
491.945 0.149123
492.094 0.149124
492.243 0.149125
492.392 0.149126
492.541 0.149126
492.69 0.149127
492.839 0.149128
492.988 0.149128
493.137 0.149129
493.287 0.14913
493.436 0.149131
493.585 0.149131
493.734 0.149132
493.883 0.149133
494.032 0.149134
494.181 0.149134
494.33 0.149135
494.479 0.149136
494.628 0.149136
494.777 0.149137
494.927 0.149138
495.076 0.149139
495.225 0.149139
495.374 0.14914
495.523 0.149141
495.672 0.149141
495.821 0.149142
495.97 0.149143
496.119 0.149144
496.268 0.149144
496.418 0.149145
496.567 0.149146
496.716 0.149147
496.865 0.149147
497.014 0.149148
497.163 0.149149
497.312 0.149149
497.461 0.14915
497.61 0.149151
497.76 0.149152
497.909 0.149152
498.058 0.149153
498.207 0.149154
498.356 0.149154
498.505 0.149155
498.654 0.149156
498.803 0.149157
498.952 0.149157
499.102 0.149158
499.251 0.149159
499.4 0.149159
499.549 0.14916
499.698 0.149161
499.847 0.149162
499.996 0.149162
500.145 0.149163
500.295 0.149164
500.444 0.149164
500.593 0.149165
500.742 0.149166
500.891 0.149167
501.04 0.149167
501.189 0.149168
501.339 0.149169
501.488 0.149169
501.637 0.14917
501.786 0.149171
501.935 0.149172
502.084 0.149172
502.233 0.149173
502.383 0.149174
502.532 0.149174
502.681 0.149175
502.83 0.149176
502.979 0.149176
503.128 0.149177
503.277 0.149178
503.427 0.149179
503.576 0.149179
503.725 0.14918
503.874 0.149181
504.023 0.149181
504.172 0.149182
504.321 0.149183
504.471 0.149184
504.62 0.149184
504.769 0.149185
504.918 0.149186
505.067 0.149186
505.216 0.149187
505.366 0.149188
505.515 0.149188
505.664 0.149189
505.813 0.14919
505.962 0.149191
506.111 0.149191
506.261 0.149192
506.41 0.149193
506.559 0.149193
506.708 0.149194
506.857 0.149195
507.006 0.149195
507.156 0.149196
507.305 0.149197
507.454 0.149198
507.603 0.149198
507.752 0.149199
507.901 0.1492
508.051 0.1492
508.2 0.149201
508.349 0.149202
508.498 0.149202
508.647 0.149203
508.796 0.149204
508.946 0.149204
509.095 0.149205
509.244 0.149206
509.393 0.149207
509.542 0.149207
509.692 0.149208
509.841 0.149209
509.99 0.149209
510.139 0.14921
510.288 0.149211
510.438 0.149211
510.587 0.149212
510.736 0.149213
510.885 0.149213
511.034 0.149214
511.183 0.149215
511.333 0.149216
511.482 0.149216
511.631 0.149217
511.78 0.149218
511.929 0.149218
512.079 0.149219
512.228 0.14922
512.377 0.14922
512.526 0.149221
512.675 0.149222
512.825 0.149222
512.974 0.149223
513.123 0.149224
513.272 0.149224
513.421 0.149225
513.571 0.149226
513.72 0.149227
513.869 0.149227
514.018 0.149228
514.168 0.149229
514.317 0.149229
514.466 0.14923
514.615 0.149231
514.764 0.149231
514.914 0.149232
515.063 0.149233
515.212 0.149233
515.361 0.149234
515.51 0.149235
515.66 0.149235
515.809 0.149236
515.958 0.149237
516.107 0.149237
516.257 0.149238
516.406 0.149239
516.555 0.149239
516.704 0.14924
516.853 0.149241
517.003 0.149242
517.152 0.149242
517.301 0.149243
517.45 0.149244
517.6 0.149244
517.749 0.149245
517.898 0.149246
518.047 0.149246
518.197 0.149247
518.346 0.149248
518.495 0.149248
518.644 0.149249
518.793 0.14925
518.943 0.14925
519.092 0.149251
519.241 0.149252
519.39 0.149252
519.54 0.149253
519.689 0.149254
519.838 0.149254
519.987 0.149255
520.137 0.149256
520.286 0.149256
520.435 0.149257
520.584 0.149258
520.734 0.149258
520.883 0.149259
521.032 0.14926
521.181 0.14926
521.331 0.149261
521.48 0.149262
521.629 0.149262
521.778 0.149263
521.928 0.149264
522.077 0.149264
522.226 0.149265
522.375 0.149266
522.525 0.149266
522.674 0.149267
522.823 0.149268
522.972 0.149268
523.122 0.149269
523.271 0.14927
523.42 0.14927
523.569 0.149271
523.719 0.149272
523.868 0.149272
524.017 0.149273
524.167 0.149274
524.316 0.149274
524.465 0.149275
524.614 0.149276
524.764 0.149276
524.913 0.149277
525.062 0.149278
525.211 0.149278
525.361 0.149279
525.51 0.14928
525.659 0.14928
525.808 0.149281
525.958 0.149282
526.107 0.149282
526.256 0.149283
526.406 0.149284
526.555 0.149284
526.704 0.149285
526.853 0.149286
527.003 0.149286
527.152 0.149287
527.301 0.149288
527.451 0.149288
527.6 0.149289
527.749 0.14929
527.898 0.14929
528.048 0.149291
528.197 0.149292
528.346 0.149292
528.495 0.149293
528.645 0.149293
528.794 0.149294
528.943 0.149295
529.093 0.149295
529.242 0.149296
529.391 0.149297
529.541 0.149297
529.69 0.149298
529.839 0.149299
529.988 0.149299
530.138 0.1493
530.287 0.149301
530.436 0.149301
530.586 0.149302
530.735 0.149303
530.884 0.149303
531.033 0.149304
531.183 0.149305
531.332 0.149305
531.481 0.149306
531.631 0.149306
531.78 0.149307
531.929 0.149308
532.079 0.149308
532.228 0.149309
532.377 0.14931
532.527 0.14931
532.676 0.149311
532.825 0.149312
532.974 0.149312
533.124 0.149313
533.273 0.149314
533.422 0.149314
533.572 0.149315
533.721 0.149316
533.87 0.149316
534.02 0.149317
534.169 0.149317
534.318 0.149318
534.468 0.149319
534.617 0.149319
534.766 0.14932
534.915 0.149321
535.065 0.149321
535.214 0.149322
535.363 0.149323
535.513 0.149323
535.662 0.149324
535.811 0.149325
535.961 0.149325
536.11 0.149326
536.259 0.149326
536.409 0.149327
536.558 0.149328
536.707 0.149328
536.857 0.149329
537.006 0.14933
537.155 0.14933
537.305 0.149331
537.454 0.149332
537.603 0.149332
537.753 0.149333
537.902 0.149333
538.051 0.149334
538.201 0.149335
538.35 0.149335
538.499 0.149336
538.649 0.149337
538.798 0.149337
538.947 0.149338
539.097 0.149339
539.246 0.149339
539.395 0.14934
539.545 0.14934
539.694 0.149341
539.843 0.149342
539.993 0.149342
540.142 0.149343
540.291 0.149344
540.441 0.149344
540.59 0.149345
540.739 0.149345
540.889 0.149346
541.038 0.149347
541.187 0.149347
541.337 0.149348
541.486 0.149349
541.635 0.149349
541.785 0.14935
541.934 0.149351
542.084 0.149351
542.233 0.149352
542.382 0.149352
542.532 0.149353
542.681 0.149354
542.83 0.149354
542.98 0.149355
543.129 0.149356
543.278 0.149356
543.428 0.149357
543.577 0.149357
543.726 0.149358
543.876 0.149359
544.025 0.149359
544.174 0.14936
544.324 0.149361
544.473 0.149361
544.623 0.149362
544.772 0.149362
544.921 0.149363
545.071 0.149364
545.22 0.149364
545.369 0.149365
545.519 0.149365
545.668 0.149366
545.817 0.149367
545.967 0.149367
546.116 0.149368
546.266 0.149369
546.415 0.149369
546.564 0.14937
546.714 0.14937
546.863 0.149371
547.012 0.149372
547.162 0.149372
547.311 0.149373
547.461 0.149374
547.61 0.149374
547.759 0.149375
547.909 0.149375
548.058 0.149376
548.207 0.149377
548.357 0.149377
548.506 0.149378
548.656 0.149378
548.805 0.149379
548.954 0.14938
549.104 0.14938
549.253 0.149381
549.402 0.149382
549.552 0.149382
549.701 0.149383
549.851 0.149383
550 0.149384
550.149 0.149385
550.299 0.149385
550.448 0.149386
550.598 0.149386
550.747 0.149387
550.896 0.149388
551.046 0.149388
551.195 0.149389
551.344 0.149389
551.494 0.14939
551.643 0.149391
551.793 0.149391
551.942 0.149392
552.091 0.149392
552.241 0.149393
552.39 0.149394
552.54 0.149394
552.689 0.149395
552.838 0.149396
552.988 0.149396
553.137 0.149397
553.287 0.149397
553.436 0.149398
553.585 0.149399
553.735 0.149399
553.884 0.1494
554.034 0.1494
554.183 0.149401
554.332 0.149402
554.482 0.149402
554.631 0.149403
554.781 0.149403
554.93 0.149404
555.079 0.149405
555.229 0.149405
555.378 0.149406
555.528 0.149406
555.677 0.149407
555.826 0.149408
555.976 0.149408
556.125 0.149409
556.275 0.149409
556.424 0.14941
556.573 0.149411
556.723 0.149411
556.872 0.149412
557.022 0.149412
557.171 0.149413
557.321 0.149414
557.47 0.149414
557.619 0.149415
557.769 0.149415
557.918 0.149416
558.068 0.149417
558.217 0.149417
558.366 0.149418
558.516 0.149418
558.665 0.149419
558.815 0.149419
558.964 0.14942
559.114 0.149421
559.263 0.149421
559.412 0.149422
559.562 0.149422
559.711 0.149423
559.861 0.149424
560.01 0.149424
560.159 0.149425
560.309 0.149425
560.458 0.149426
560.608 0.149427
560.757 0.149427
560.907 0.149428
561.056 0.149428
561.205 0.149429
561.355 0.14943
561.504 0.14943
561.654 0.149431
561.803 0.149431
561.953 0.149432
562.102 0.149432
562.251 0.149433
562.401 0.149434
562.55 0.149434
562.7 0.149435
562.849 0.149435
562.999 0.149436
563.148 0.149437
563.297 0.149437
563.447 0.149438
563.596 0.149438
563.746 0.149439
563.895 0.149439
564.045 0.14944
564.194 0.149441
564.344 0.149441
564.493 0.149442
564.642 0.149442
564.792 0.149443
564.941 0.149444
565.091 0.149444
565.24 0.149445
565.39 0.149445
565.539 0.149446
565.689 0.149446
565.838 0.149447
565.987 0.149448
566.137 0.149448
566.286 0.149449
566.436 0.149449
566.585 0.14945
566.735 0.149451
566.884 0.149451
567.034 0.149452
567.183 0.149452
567.332 0.149453
567.482 0.149453
567.631 0.149454
567.781 0.149455
567.93 0.149455
568.08 0.149456
568.229 0.149456
568.379 0.149457
568.528 0.149457
568.677 0.149458
568.827 0.149459
568.976 0.149459
569.126 0.14946
569.275 0.14946
569.425 0.149461
569.574 0.149461
569.724 0.149462
569.873 0.149463
570.023 0.149463
570.172 0.149464
570.321 0.149464
570.471 0.149465
570.62 0.149465
570.77 0.149466
570.919 0.149467
571.069 0.149467
571.218 0.149468
571.368 0.149468
571.517 0.149469
571.667 0.149469
571.816 0.14947
571.966 0.149471
572.115 0.149471
572.264 0.149472
572.414 0.149472
572.563 0.149473
572.713 0.149473
572.862 0.149474
573.012 0.149474
573.161 0.149475
573.311 0.149476
573.46 0.149476
573.61 0.149477
573.759 0.149477
573.909 0.149478
574.058 0.149478
574.208 0.149479
574.357 0.14948
574.507 0.14948
574.656 0.149481
574.805 0.149481
574.955 0.149482
575.104 0.149482
575.254 0.149483
575.403 0.149483
575.553 0.149484
575.702 0.149485
575.852 0.149485
576.001 0.149486
576.151 0.149486
576.3 0.149487
576.45 0.149487
576.599 0.149488
576.749 0.149488
576.898 0.149489
577.048 0.14949
577.197 0.14949
577.347 0.149491
577.496 0.149491
577.646 0.149492
577.795 0.149492
577.944 0.149493
578.094 0.149493
578.243 0.149494
578.393 0.149495
578.542 0.149495
578.692 0.149496
578.841 0.149496
578.991 0.149497
579.14 0.149497
579.29 0.149498
579.439 0.149498
579.589 0.149499
579.738 0.1495
579.888 0.1495
580.037 0.149501
580.187 0.149501
580.336 0.149502
580.486 0.149502
580.635 0.149503
580.785 0.149503
580.934 0.149504
581.084 0.149505
581.233 0.149505
581.383 0.149506
581.532 0.149506
581.682 0.149507
581.831 0.149507
581.981 0.149508
582.13 0.149508
582.28 0.149509
582.429 0.149509
582.579 0.14951
582.728 0.149511
582.878 0.149511
583.027 0.149512
583.177 0.149512
583.326 0.149513
583.476 0.149513
583.625 0.149514
583.775 0.149514
583.924 0.149515
584.074 0.149515
584.223 0.149516
584.373 0.149517
584.522 0.149517
584.672 0.149518
584.821 0.149518
584.971 0.149519
585.12 0.149519
585.27 0.14952
585.419 0.14952
585.569 0.149521
585.718 0.149521
585.868 0.149522
586.017 0.149522
586.167 0.149523
586.316 0.149524
586.466 0.149524
586.615 0.149525
586.765 0.149525
586.914 0.149526
587.064 0.149526
587.213 0.149527
587.363 0.149527
587.512 0.149528
587.662 0.149528
587.811 0.149529
587.961 0.149529
588.11 0.14953
588.26 0.14953
588.409 0.149531
588.559 0.149532
588.708 0.149532
588.858 0.149533
589.007 0.149533
589.157 0.149534
589.306 0.149534
589.456 0.149535
589.605 0.149535
589.755 0.149536
589.904 0.149536
590.054 0.149537
590.203 0.149537
590.353 0.149538
590.502 0.149538
590.652 0.149539
590.802 0.14954
590.951 0.14954
591.101 0.149541
591.25 0.149541
591.4 0.149542
591.549 0.149542
591.699 0.149543
591.848 0.149543
591.998 0.149544
592.147 0.149544
592.297 0.149545
592.446 0.149545
592.596 0.149546
592.745 0.149546
592.895 0.149547
593.044 0.149547
593.194 0.149548
593.343 0.149548
593.493 0.149549
593.642 0.149549
593.792 0.14955
593.941 0.149551
594.091 0.149551
594.24 0.149552
594.39 0.149552
594.54 0.149553
594.689 0.149553
594.839 0.149554
594.988 0.149554
595.138 0.149555
595.287 0.149555
595.437 0.149556
595.586 0.149556
595.736 0.149557
595.885 0.149557
596.035 0.149558
596.184 0.149558
596.334 0.149559
596.483 0.149559
596.633 0.14956
596.782 0.14956
596.932 0.149561
597.082 0.149561
597.231 0.149562
597.381 0.149562
597.53 0.149563
597.68 0.149563
597.829 0.149564
597.979 0.149565
598.128 0.149565
598.278 0.149566
598.427 0.149566
598.577 0.149567
598.726 0.149567
598.876 0.149568
599.025 0.149568
599.175 0.149569
599.325 0.149569
599.474 0.14957
599.624 0.14957
599.773 0.149571
599.923 0.149571
600.072 0.149572
600.222 0.149572
600.371 0.149573
600.521 0.149573
600.67 0.149574
600.82 0.149574
600.969 0.149575
601.119 0.149575
601.269 0.149576
601.418 0.149576
601.568 0.149577
601.717 0.149577
601.867 0.149578
602.016 0.149578
602.166 0.149579
602.315 0.149579
602.465 0.14958
602.614 0.14958
602.764 0.149581
602.913 0.149581
603.063 0.149582
603.213 0.149582
603.362 0.149583
603.512 0.149583
603.661 0.149584
603.811 0.149584
603.96 0.149585
604.11 0.149585
604.259 0.149586
604.409 0.149586
604.558 0.149587
604.708 0.149587
604.858 0.149588
605.007 0.149588
605.157 0.149589
605.306 0.149589
605.456 0.14959
605.605 0.14959
605.755 0.149591
605.904 0.149591
606.054 0.149592
606.204 0.149592
606.353 0.149593
606.503 0.149593
606.652 0.149594
606.802 0.149594
606.951 0.149595
607.101 0.149595
607.25 0.149596
607.4 0.149596
607.549 0.149597
607.699 0.149597
607.849 0.149598
607.998 0.149598
608.148 0.149599
608.297 0.149599
608.447 0.1496
608.596 0.1496
608.746 0.149601
608.895 0.149601
609.045 0.149602
609.195 0.149602
609.344 0.149603
609.494 0.149603
609.643 0.149604
609.793 0.149604
609.942 0.149605
610.092 0.149605
610.241 0.149606
610.391 0.149606
610.541 0.149607
610.69 0.149607
610.84 0.149608
610.989 0.149608
611.139 0.149609
611.288 0.149609
611.438 0.14961
611.587 0.14961
611.737 0.149611
611.887 0.149611
612.036 0.149611
612.186 0.149612
612.335 0.149612
612.485 0.149613
612.634 0.149613
612.784 0.149614
612.934 0.149614
613.083 0.149615
613.233 0.149615
613.382 0.149616
613.532 0.149616
613.681 0.149617
613.831 0.149617
613.98 0.149618
614.13 0.149618
614.28 0.149619
614.429 0.149619
614.579 0.14962
614.728 0.14962
614.878 0.149621
615.027 0.149621
615.177 0.149622
615.327 0.149622
615.476 0.149623
615.626 0.149623
615.775 0.149624
615.925 0.149624
616.074 0.149624
616.224 0.149625
616.373 0.149625
616.523 0.149626
616.673 0.149626
616.822 0.149627
616.972 0.149627
617.121 0.149628
617.271 0.149628
617.42 0.149629
617.57 0.149629
617.72 0.14963
617.869 0.14963
618.019 0.149631
618.168 0.149631
618.318 0.149632
618.467 0.149632
618.617 0.149633
618.767 0.149633
618.916 0.149633
619.066 0.149634
619.215 0.149634
619.365 0.149635
619.514 0.149635
619.664 0.149636
619.814 0.149636
619.963 0.149637
620.113 0.149637
620.262 0.149638
620.412 0.149638
620.561 0.149639
620.711 0.149639
620.861 0.14964
621.01 0.14964
621.16 0.149641
621.309 0.149641
621.459 0.149641
621.608 0.149642
621.758 0.149642
621.908 0.149643
622.057 0.149643
622.207 0.149644
622.356 0.149644
622.506 0.149645
622.655 0.149645
622.805 0.149646
622.955 0.149646
623.104 0.149647
623.254 0.149647
623.403 0.149647
623.553 0.149648
623.702 0.149648
623.852 0.149649
624.002 0.149649
624.151 0.14965
624.301 0.14965
624.45 0.149651
624.6 0.149651
624.749 0.149652
624.899 0.149652
625.049 0.149653
625.198 0.149653
625.348 0.149653
625.497 0.149654
625.647 0.149654
625.796 0.149655
625.946 0.149655
626.096 0.149656
626.245 0.149656
626.395 0.149657
626.544 0.149657
626.694 0.149658
626.844 0.149658
626.993 0.149659
627.143 0.149659
627.292 0.149659
627.442 0.14966
627.591 0.14966
627.741 0.149661
627.891 0.149661
628.04 0.149662
628.19 0.149662
628.339 0.149663
628.489 0.149663
628.638 0.149663
628.788 0.149664
628.938 0.149664
629.087 0.149665
629.237 0.149665
629.386 0.149666
629.536 0.149666
629.686 0.149667
629.835 0.149667
629.985 0.149668
630.134 0.149668
630.284 0.149668
630.433 0.149669
630.583 0.149669
630.733 0.14967
630.882 0.14967
631.032 0.149671
631.181 0.149671
631.331 0.149672
631.481 0.149672
631.63 0.149672
631.78 0.149673
631.929 0.149673
632.079 0.149674
632.228 0.149674
632.378 0.149675
632.528 0.149675
632.677 0.149676
632.827 0.149676
632.976 0.149676
633.126 0.149677
633.275 0.149677
633.425 0.149678
633.575 0.149678
633.724 0.149679
633.874 0.149679
634.023 0.14968
634.173 0.14968
634.323 0.14968
634.472 0.149681
634.622 0.149681
634.771 0.149682
634.921 0.149682
635.071 0.149683
635.22 0.149683
635.37 0.149684
635.519 0.149684
635.669 0.149684
635.818 0.149685
635.968 0.149685
636.118 0.149686
636.267 0.149686
636.417 0.149687
636.566 0.149687
636.716 0.149687
636.866 0.149688
637.015 0.149688
637.165 0.149689
637.314 0.149689
637.464 0.14969
637.613 0.14969
637.763 0.14969
637.913 0.149691
638.062 0.149691
638.212 0.149692
638.361 0.149692
638.511 0.149693
638.661 0.149693
638.81 0.149693
638.96 0.149694
639.109 0.149694
639.259 0.149695
639.408 0.149695
639.558 0.149696
639.708 0.149696
639.857 0.149697
640.007 0.149697
640.156 0.149697
640.306 0.149698
640.456 0.149698
640.605 0.149699
640.755 0.149699
640.904 0.1497
641.054 0.1497
641.204 0.1497
641.353 0.149701
641.503 0.149701
641.652 0.149702
641.802 0.149702
641.951 0.149702
642.101 0.149703
642.251 0.149703
642.4 0.149704
642.55 0.149704
642.699 0.149705
642.849 0.149705
642.999 0.149705
643.148 0.149706
643.298 0.149706
643.447 0.149707
643.597 0.149707
643.747 0.149708
643.896 0.149708
644.046 0.149708
644.195 0.149709
644.345 0.149709
644.494 0.14971
644.644 0.14971
644.794 0.14971
644.943 0.149711
645.093 0.149711
645.242 0.149712
645.392 0.149712
645.542 0.149713
645.691 0.149713
645.841 0.149713
645.99 0.149714
646.14 0.149714
646.29 0.149715
646.439 0.149715
646.589 0.149715
646.738 0.149716
646.888 0.149716
647.037 0.149717
647.187 0.149717
647.337 0.149718
647.486 0.149718
647.636 0.149718
647.785 0.149719
647.935 0.149719
648.085 0.14972
648.234 0.14972
648.384 0.14972
648.533 0.149721
648.683 0.149721
648.833 0.149722
648.982 0.149722
649.132 0.149723
649.281 0.149723
649.431 0.149723
649.581 0.149724
649.73 0.149724
649.88 0.149725
650.029 0.149725
650.179 0.149725
650.328 0.149726
650.478 0.149726
650.628 0.149727
650.777 0.149727
650.927 0.149727
651.076 0.149728
651.226 0.149728
651.376 0.149729
651.525 0.149729
651.675 0.149729
651.824 0.14973
651.974 0.14973
652.124 0.149731
652.273 0.149731
652.423 0.149731
652.572 0.149732
652.722 0.149732
652.871 0.149733
653.021 0.149733
653.171 0.149733
653.32 0.149734
653.47 0.149734
653.619 0.149735
653.769 0.149735
653.919 0.149735
654.068 0.149736
654.218 0.149736
654.367 0.149737
654.517 0.149737
654.667 0.149737
654.816 0.149738
654.966 0.149738
655.115 0.149739
655.265 0.149739
655.414 0.149739
655.564 0.14974
655.714 0.14974
655.863 0.149741
656.013 0.149741
656.162 0.149741
656.312 0.149742
656.462 0.149742
656.611 0.149743
656.761 0.149743
656.91 0.149743
657.06 0.149744
657.21 0.149744
657.359 0.149745
657.509 0.149745
657.658 0.149745
657.808 0.149746
657.957 0.149746
658.107 0.149747
658.257 0.149747
658.406 0.149747
658.556 0.149748
658.705 0.149748
658.855 0.149749
659.005 0.149749
659.154 0.149749
659.304 0.14975
659.453 0.14975
659.603 0.14975
659.753 0.149751
659.902 0.149751
660.052 0.149752
660.201 0.149752
660.351 0.149752
660.5 0.149753
660.65 0.149753
660.8 0.149754
660.949 0.149754
661.099 0.149754
661.248 0.149755
661.398 0.149755
661.548 0.149755
661.697 0.149756
661.847 0.149756
661.996 0.149757
662.146 0.149757
662.296 0.149757
662.445 0.149758
662.595 0.149758
662.744 0.149759
662.894 0.149759
663.043 0.149759
663.193 0.14976
663.343 0.14976
663.492 0.14976
663.642 0.149761
663.791 0.149761
663.941 0.149762
664.091 0.149762
664.24 0.149762
664.39 0.149763
664.539 0.149763
664.689 0.149764
664.838 0.149764
664.988 0.149764
665.138 0.149765
665.287 0.149765
665.437 0.149765
665.586 0.149766
665.736 0.149766
665.886 0.149767
666.035 0.149767
666.185 0.149767
666.334 0.149768
666.484 0.149768
666.634 0.149768
666.783 0.149769
666.933 0.149769
667.082 0.14977
667.232 0.14977
667.381 0.14977
667.531 0.149771
667.681 0.149771
667.83 0.149771
667.98 0.149772
668.129 0.149772
668.279 0.149773
668.429 0.149773
668.578 0.149773
668.728 0.149774
668.877 0.149774
669.027 0.149774
669.176 0.149775
669.326 0.149775
669.476 0.149775
669.625 0.149776
669.775 0.149776
669.924 0.149777
670.074 0.149777
670.223 0.149777
670.373 0.149778
670.523 0.149778
670.672 0.149778
670.822 0.149779
670.971 0.149779
671.121 0.14978
671.271 0.14978
671.42 0.14978
671.57 0.149781
671.719 0.149781
671.869 0.149781
672.018 0.149782
672.168 0.149782
672.318 0.149782
672.467 0.149783
672.617 0.149783
672.766 0.149784
672.916 0.149784
673.066 0.149784
673.215 0.149785
673.365 0.149785
673.514 0.149785
673.664 0.149786
673.813 0.149786
673.963 0.149786
674.113 0.149787
674.262 0.149787
674.412 0.149787
674.561 0.149788
674.711 0.149788
674.86 0.149789
675.01 0.149789
675.16 0.149789
675.309 0.14979
675.459 0.14979
675.608 0.14979
675.758 0.149791
675.907 0.149791
676.057 0.149791
676.207 0.149792
676.356 0.149792
676.506 0.149792
676.655 0.149793
676.805 0.149793
676.955 0.149794
677.104 0.149794
677.254 0.149794
677.403 0.149795
677.553 0.149795
677.702 0.149795
677.852 0.149796
678.002 0.149796
678.151 0.149796
678.301 0.149797
678.45 0.149797
678.6 0.149797
678.749 0.149798
678.899 0.149798
679.049 0.149798
679.198 0.149799
679.348 0.149799
679.497 0.149799
679.647 0.1498
679.796 0.1498
679.946 0.149801
680.096 0.149801
680.245 0.149801
680.395 0.149802
680.544 0.149802
680.694 0.149802
680.843 0.149803
680.993 0.149803
681.143 0.149803
681.292 0.149804
681.442 0.149804
681.591 0.149804
681.741 0.149805
681.89 0.149805
682.04 0.149805
682.19 0.149806
682.339 0.149806
682.489 0.149806
682.638 0.149807
682.788 0.149807
682.937 0.149807
683.087 0.149808
683.237 0.149808
683.386 0.149808
683.536 0.149809
683.685 0.149809
683.835 0.149809
683.984 0.14981
684.134 0.14981
684.284 0.14981
684.433 0.149811
684.583 0.149811
684.732 0.149811
684.882 0.149812
685.031 0.149812
685.181 0.149813
685.33 0.149813
685.48 0.149813
685.63 0.149814
685.779 0.149814
685.929 0.149814
686.078 0.149815
686.228 0.149815
686.377 0.149815
686.527 0.149816
686.677 0.149816
686.826 0.149816
686.976 0.149817
687.125 0.149817
687.275 0.149817
687.424 0.149818
687.574 0.149818
687.723 0.149818
687.873 0.149819
688.023 0.149819
688.172 0.149819
688.322 0.14982
688.471 0.14982
688.621 0.14982
688.77 0.149821
688.92 0.149821
689.07 0.149821
689.219 0.149821
689.369 0.149822
689.518 0.149822
689.668 0.149822
689.817 0.149823
689.967 0.149823
690.116 0.149823
690.266 0.149824
690.416 0.149824
690.565 0.149824
690.715 0.149825
690.864 0.149825
691.014 0.149825
691.163 0.149826
691.313 0.149826
691.462 0.149826
691.612 0.149827
691.762 0.149827
691.911 0.149827
692.061 0.149828
692.21 0.149828
692.36 0.149828
692.509 0.149829
692.659 0.149829
692.808 0.149829
692.958 0.14983
693.108 0.14983
693.257 0.14983
693.407 0.149831
693.556 0.149831
693.706 0.149831
693.855 0.149832
694.005 0.149832
694.154 0.149832
694.304 0.149832
694.453 0.149833
694.603 0.149833
694.753 0.149833
694.902 0.149834
695.052 0.149834
695.201 0.149834
695.351 0.149835
695.5 0.149835
695.65 0.149835
695.799 0.149836
695.949 0.149836
696.099 0.149836
696.248 0.149837
696.398 0.149837
696.547 0.149837
696.697 0.149838
696.846 0.149838
696.996 0.149838
697.145 0.149838
697.295 0.149839
697.444 0.149839
697.594 0.149839
697.744 0.14984
697.893 0.14984
698.043 0.14984
698.192 0.149841
698.342 0.149841
698.491 0.149841
698.641 0.149842
698.79 0.149842
698.94 0.149842
699.089 0.149843
699.239 0.149843
699.388 0.149843
699.538 0.149843
699.688 0.149844
699.837 0.149844
699.987 0.149844
700.136 0.149845
700.286 0.149845
700.435 0.149845
700.585 0.149846
700.734 0.149846
700.884 0.149846
701.033 0.149847
701.183 0.149847
