296.686 0.034526
296.931 0.0348363
297.176 0.035148
297.421 0.0354612
297.666 0.0357758
297.911 0.0360919
298.157 0.0364094
298.402 0.0367284
298.647 0.0370488
298.892 0.0373706
299.137 0.0376938
299.382 0.0380185
299.627 0.0383446
299.872 0.0386722
300.118 0.0390011
300.363 0.0393315
300.608 0.0396632
300.853 0.0399964
301.098 0.040331
301.343 0.040667
301.589 0.0410043
301.834 0.0413431
302.079 0.0416832
302.324 0.0420248
302.569 0.0423677
302.814 0.042712
303.06 0.0430576
303.305 0.0434046
303.55 0.043753
303.795 0.0441027
304.041 0.0444538
304.286 0.0448063
304.531 0.04516
304.776 0.0455152
305.022 0.0458716
305.267 0.0462294
305.512 0.0465885
305.757 0.046949
306.003 0.0473107
306.248 0.0476738
306.493 0.0480381
306.739 0.0484038
306.984 0.0487708
307.229 0.049139
307.475 0.0495086
307.72 0.0498794
307.965 0.0502515
308.21 0.0506249
308.456 0.0509995
308.701 0.0513755
308.947 0.0517526
309.192 0.052131
309.437 0.0525107
309.683 0.0528916
309.928 0.0532737
310.173 0.0536571
310.419 0.0540417
310.664 0.0544275
310.91 0.0548145
311.155 0.0552027
311.4 0.0555922
311.646 0.0559828
311.891 0.0563746
312.137 0.0567676
312.382 0.0571618
312.627 0.0575571
312.873 0.0579537
313.118 0.0583513
313.364 0.0587502
313.609 0.0591502
313.855 0.0595513
314.1 0.0599536
314.346 0.060357
314.591 0.0607615
314.837 0.0611671
315.082 0.0615739
315.328 0.0619818
315.573 0.0623907
315.819 0.0628008
316.064 0.0632119
316.31 0.0636242
316.555 0.0640375
316.801 0.0644519
317.046 0.0648673
317.292 0.0652838
317.537 0.0657013
317.783 0.0661199
318.028 0.0665396
318.274 0.0669602
318.52 0.0673819
318.765 0.0678046
319.011 0.0682283
319.256 0.068653
319.502 0.0690788
319.748 0.0695055
319.993 0.0699332
320.239 0.0703618
320.484 0.0707915
320.73 0.0712221
320.976 0.0716537
321.221 0.0720862
321.467 0.0725196
321.712 0.072954
321.958 0.0733894
322.204 0.0738256
322.449 0.0742628
322.695 0.0747009
322.941 0.0751398
323.186 0.0755797
323.432 0.0760205
323.678 0.0764622
323.924 0.0769047
324.169 0.0773481
324.415 0.0777923
324.661 0.0782374
324.906 0.0786834
325.152 0.0791302
325.398 0.0795778
325.644 0.0800263
325.889 0.0804756
326.135 0.0809256
326.381 0.0813765
326.626 0.0818282
326.872 0.0822807
327.118 0.082734
327.364 0.083188
327.61 0.0836428
327.855 0.0840984
328.101 0.0845547
328.347 0.0850118
328.593 0.0854696
328.838 0.0859281
329.084 0.0863874
329.33 0.0868473
329.576 0.087308
329.822 0.0877694
330.068 0.0882315
330.313 0.0886943
330.559 0.0891578
330.805 0.0896219
331.051 0.0900867
331.297 0.0905522
331.543 0.0910183
331.788 0.091485
332.034 0.0919524
332.28 0.0924204
332.526 0.0928891
332.772 0.0933583
333.018 0.0938282
333.264 0.0942986
333.51 0.0947697
333.756 0.0952413
334.001 0.0957136
334.247 0.0961863
334.493 0.0966597
334.739 0.0971336
334.985 0.097608
335.231 0.098083
335.477 0.0985586
335.723 0.0990346
335.969 0.0995112
336.215 0.0999883
336.461 0.100466
336.707 0.100944
336.953 0.101422
337.199 0.101902
337.445 0.102381
337.691 0.102861
337.937 0.103341
338.183 0.103822
338.429 0.104304
338.675 0.104785
338.921 0.105268
339.167 0.10575
339.413 0.106233
339.659 0.106717
339.905 0.107201
340.151 0.107685
340.397 0.108169
340.643 0.108654
340.889 0.10914
341.135 0.109626
341.381 0.110112
341.627 0.110598
341.873 0.111085
342.119 0.111572
342.366 0.112059
342.612 0.112547
342.858 0.113035
343.104 0.113523
343.35 0.114012
343.596 0.114501
343.842 0.11499
344.088 0.11548
344.334 0.115969
344.581 0.116459
344.827 0.11695
345.073 0.11744
345.319 0.117931
345.565 0.118422
345.811 0.118913
346.058 0.119404
346.304 0.119896
346.55 0.120388
346.796 0.12088
347.042 0.121372
347.288 0.121864
347.535 0.122357
347.781 0.12285
348.027 0.123343
348.273 0.123836
348.519 0.124329
348.766 0.124822
349.012 0.125315
349.258 0.125809
349.504 0.126303
349.751 0.126796
349.997 0.12729
350.243 0.127784
350.489 0.128278
350.736 0.128772
350.982 0.129266
351.228 0.129761
351.474 0.130255
351.721 0.130749
351.967 0.131244
352.213 0.131738
352.46 0.132232
352.706 0.132727
352.952 0.133221
353.199 0.133716
353.445 0.13421
353.691 0.134705
353.937 0.135199
354.184 0.135694
354.43 0.136188
354.676 0.136683
354.923 0.137177
355.169 0.137671
355.416 0.138166
355.662 0.13866
355.908 0.139154
356.155 0.139648
356.401 0.140142
356.647 0.140636
356.894 0.14113
357.14 0.141623
357.387 0.142117
357.633 0.14261
357.879 0.143104
358.126 0.143597
358.372 0.14409
358.619 0.144583
358.865 0.145076
359.111 0.145568
359.358 0.146061
359.604 0.146553
359.851 0.147045
360.097 0.147537
360.344 0.148029
360.59 0.14852
360.837 0.149012
361.083 0.149503
361.33 0.149994
361.576 0.150485
361.823 0.150975
362.069 0.151466
362.316 0.151956
362.562 0.152445
362.809 0.152935
363.055 0.153424
363.302 0.153913
363.548 0.154402
363.795 0.154891
364.041 0.155379
364.288 0.155867
364.534 0.156354
364.781 0.156842
365.027 0.157329
365.274 0.157815
365.52 0.158302
365.767 0.158788
366.013 0.159274
366.26 0.159759
366.507 0.160244
366.753 0.160729
367 0.161213
367.246 0.161697
367.493 0.162181
367.74 0.162664
367.986 0.163147
368.233 0.16363
368.479 0.164112
368.726 0.164594
368.973 0.165075
369.219 0.165556
369.466 0.166036
369.713 0.166516
369.959 0.166996
370.206 0.167475
370.452 0.167954
370.699 0.168433
370.946 0.168911
371.192 0.169388
371.439 0.169865
371.686 0.170342
371.932 0.170818
372.179 0.171294
372.426 0.171769
372.673 0.172243
372.919 0.172718
373.166 0.173191
373.413 0.173665
373.659 0.174137
373.906 0.174609
374.153 0.175081
374.399 0.175552
374.646 0.176023
374.893 0.176493
375.14 0.176963
375.386 0.177432
375.633 0.1779
375.88 0.178368
376.127 0.178836
376.373 0.179302
376.62 0.179769
376.867 0.180234
377.114 0.1807
377.361 0.181164
377.607 0.181628
377.854 0.182092
378.101 0.182554
378.348 0.183017
378.595 0.183478
378.841 0.183939
379.088 0.184399
379.335 0.184859
379.582 0.185318
379.829 0.185777
380.075 0.186235
380.322 0.186692
380.569 0.187149
380.816 0.187605
381.063 0.18806
381.31 0.188514
381.557 0.188968
381.803 0.189422
382.05 0.189874
382.297 0.190326
382.544 0.190778
382.791 0.191228
383.038 0.191678
383.285 0.192128
383.532 0.192576
383.778 0.193024
384.025 0.193471
384.272 0.193918
384.519 0.194363
384.766 0.194809
385.013 0.195253
385.26 0.195696
385.507 0.196139
385.754 0.196581
386.001 0.197023
386.248 0.197464
386.495 0.197903
386.742 0.198343
386.989 0.198781
387.235 0.199219
387.482 0.199656
387.729 0.200092
387.976 0.200527
388.223 0.200962
388.47 0.201396
388.717 0.201829
388.964 0.202261
389.211 0.202692
389.458 0.203123
389.705 0.203553
389.952 0.203982
390.199 0.204411
390.446 0.204838
390.693 0.205265
390.94 0.205691
391.187 0.206116
391.434 0.20654
391.682 0.206964
391.929 0.207386
392.176 0.207808
392.423 0.208229
392.67 0.208649
392.917 0.209068
393.164 0.209487
393.411 0.209904
393.658 0.210321
393.905 0.210737
394.152 0.211152
394.399 0.211566
394.646 0.21198
394.893 0.212392
395.141 0.212804
395.388 0.213215
395.635 0.213625
395.882 0.214034
396.129 0.214442
396.376 0.214849
396.623 0.215255
396.87 0.215661
397.117 0.216065
397.365 0.216469
397.612 0.216872
397.859 0.217274
398.106 0.217675
398.353 0.218075
398.6 0.218474
398.848 0.218872
399.095 0.21927
399.342 0.219666
399.589 0.220061
399.836 0.220456
400.083 0.22085
400.331 0.221243
400.578 0.221634
400.825 0.222025
401.072 0.222415
401.319 0.222804
401.567 0.223192
401.814 0.223579
402.061 0.223966
402.308 0.224351
402.555 0.224735
402.803 0.225119
403.05 0.225501
403.297 0.225882
403.544 0.226263
403.792 0.226642
404.039 0.227021
404.286 0.227399
404.533 0.227775
404.781 0.228151
405.028 0.228525
405.275 0.228899
405.523 0.229272
405.77 0.229644
406.017 0.230014
406.264 0.230384
406.512 0.230753
406.759 0.231121
407.006 0.231488
407.254 0.231854
407.501 0.232218
407.748 0.232582
407.995 0.232945
408.243 0.233307
408.49 0.233668
408.737 0.234028
408.985 0.234387
409.232 0.234745
409.479 0.235101
409.727 0.235457
409.974 0.235812
410.222 0.236166
410.469 0.236519
410.716 0.23687
410.964 0.237221
411.211 0.237571
411.458 0.23792
411.706 0.238267
411.953 0.238614
412.201 0.23896
412.448 0.239304
412.695 0.239648
412.943 0.239991
413.19 0.240332
413.437 0.240673
413.685 0.241012
413.932 0.241351
414.18 0.241688
414.427 0.242024
414.675 0.24236
414.922 0.242694
415.169 0.243027
415.417 0.24336
415.664 0.243691
415.912 0.244021
416.159 0.24435
416.407 0.244678
416.654 0.245005
416.902 0.245331
417.149 0.245656
417.397 0.24598
417.644 0.246302
417.891 0.246624
418.139 0.246945
418.386 0.247264
418.634 0.247583
418.881 0.2479
419.129 0.248217
419.376 0.248532
419.624 0.248846
419.871 0.24916
420.119 0.249472
420.366 0.249783
420.614 0.250093
420.862 0.250402
421.109 0.25071
421.357 0.251017
421.604 0.251322
421.852 0.251627
422.099 0.251931
422.347 0.252233
422.594 0.252535
422.842 0.252835
423.089 0.253135
423.337 0.253433
423.585 0.25373
423.832 0.254026
424.08 0.254321
424.327 0.254615
424.575 0.254908
424.822 0.2552
425.07 0.255491
425.318 0.25578
425.565 0.256069
425.813 0.256356
426.06 0.256643
426.308 0.256928
426.556 0.257212
426.803 0.257496
427.051 0.257778
427.298 0.258059
427.546 0.258339
427.794 0.258617
428.041 0.258895
428.289 0.259172
428.537 0.259448
428.784 0.259722
429.032 0.259995
429.28 0.260268
429.527 0.260539
429.775 0.260809
430.023 0.261078
430.27 0.261346
430.518 0.261613
430.766 0.261879
431.013 0.262144
431.261 0.262407
431.509 0.26267
431.756 0.262931
432.004 0.263192
432.252 0.263451
432.499 0.263709
432.747 0.263967
432.995 0.264223
433.243 0.264478
433.49 0.264731
433.738 0.264984
433.986 0.265236
434.233 0.265486
434.481 0.265736
434.729 0.265984
434.977 0.266232
435.224 0.266478
435.472 0.266723
435.72 0.266967
435.968 0.26721
436.215 0.267452
436.463 0.267693
436.711 0.267933
436.959 0.268172
437.206 0.268409
437.454 0.268646
437.702 0.268881
437.95 0.269115
438.198 0.269349
438.445 0.269581
438.693 0.269812
438.941 0.270042
439.189 0.270271
439.436 0.270498
439.684 0.270725
439.932 0.270951
440.18 0.271175
440.428 0.271399
440.676 0.271621
440.923 0.271843
441.171 0.272063
441.419 0.272282
441.667 0.2725
441.915 0.272717
442.163 0.272933
442.41 0.273148
442.658 0.273362
442.906 0.273575
443.154 0.273786
443.402 0.273997
443.65 0.274206
443.898 0.274415
444.145 0.274622
444.393 0.274828
444.641 0.275033
444.889 0.275238
445.137 0.275441
445.385 0.275643
445.633 0.275843
445.881 0.276043
446.128 0.276242
446.376 0.27644
446.624 0.276636
446.872 0.276832
447.12 0.277026
447.368 0.27722
447.616 0.277412
447.864 0.277604
448.112 0.277794
448.36 0.277983
448.608 0.278171
448.856 0.278358
449.104 0.278544
449.351 0.278729
449.599 0.278913
449.847 0.279096
450.095 0.279278
450.343 0.279458
450.591 0.279638
450.839 0.279817
451.087 0.279994
451.335 0.280171
451.583 0.280346
451.831 0.280521
452.079 0.280694
452.327 0.280866
452.575 0.281037
452.823 0.281208
453.071 0.281377
453.319 0.281545
453.567 0.281712
453.815 0.281878
454.063 0.282043
454.311 0.282207
454.559 0.28237
454.807 0.282532
455.055 0.282693
455.303 0.282852
455.551 0.283011
455.799 0.283169
456.047 0.283326
456.295 0.283481
456.543 0.283636
456.791 0.28379
457.039 0.283942
457.287 0.284094
457.535 0.284244
457.783 0.284394
458.031 0.284542
458.28 0.28469
458.528 0.284836
458.776 0.284981
459.024 0.285126
459.272 0.285269
459.52 0.285412
459.768 0.285553
460.016 0.285693
460.264 0.285833
460.512 0.285971
460.76 0.286108
461.008 0.286244
461.257 0.28638
461.505 0.286514
461.753 0.286647
462.001 0.286779
462.249 0.286911
462.497 0.287041
462.745 0.28717
462.993 0.287298
463.241 0.287426
463.49 0.287552
463.738 0.287677
463.986 0.287802
464.234 0.287925
464.482 0.288047
464.73 0.288168
464.978 0.288289
465.227 0.288408
465.475 0.288526
465.723 0.288644
465.971 0.28876
466.219 0.288875
466.467 0.28899
466.715 0.289103
466.964 0.289216
467.212 0.289327
467.46 0.289438
467.708 0.289547
467.956 0.289656
468.205 0.289763
468.453 0.28987
468.701 0.289975
468.949 0.29008
469.197 0.290184
469.446 0.290287
469.694 0.290388
469.942 0.290489
470.19 0.290589
470.438 0.290688
470.687 0.290786
470.935 0.290883
471.183 0.290979
471.431 0.291074
471.679 0.291168
471.928 0.291261
472.176 0.291354
472.424 0.291445
472.672 0.291535
472.921 0.291625
473.169 0.291713
473.417 0.291801
473.665 0.291887
473.914 0.291973
474.162 0.292058
474.41 0.292141
474.658 0.292224
474.907 0.292306
475.155 0.292387
475.403 0.292467
475.652 0.292546
475.9 0.292625
476.148 0.292702
476.396 0.292778
476.645 0.292854
476.893 0.292928
477.141 0.293002
477.39 0.293075
477.638 0.293147
477.886 0.293217
478.134 0.293287
478.383 0.293356
478.631 0.293425
478.879 0.293492
479.128 0.293558
479.376 0.293624
479.624 0.293688
479.873 0.293752
480.121 0.293815
480.369 0.293877
480.618 0.293938
480.866 0.293998
481.114 0.294057
481.363 0.294115
481.611 0.294173
481.859 0.294229
482.108 0.294285
482.356 0.29434
482.604 0.294394
482.853 0.294447
483.101 0.294499
483.35 0.29455
483.598 0.294601
483.846 0.29465
484.095 0.294699
484.343 0.294747
484.591 0.294794
484.84 0.29484
485.088 0.294885
485.337 0.29493
485.585 0.294973
485.833 0.295016
486.082 0.295058
486.33 0.295098
486.579 0.295139
486.827 0.295178
487.075 0.295216
487.324 0.295254
487.572 0.295291
487.821 0.295326
488.069 0.295361
488.318 0.295396
488.566 0.295429
488.814 0.295462
489.063 0.295493
489.311 0.295524
489.56 0.295554
489.808 0.295583
490.057 0.295612
490.305 0.295639
490.553 0.295666
490.802 0.295692
491.05 0.295717
491.299 0.295741
491.547 0.295765
491.796 0.295787
492.044 0.295809
492.293 0.29583
492.541 0.295851
492.79 0.29587
493.038 0.295889
493.287 0.295906
493.535 0.295923
493.783 0.29594
494.032 0.295955
494.28 0.29597
494.529 0.295984
494.777 0.295997
495.026 0.296009
495.274 0.29602
495.523 0.296031
495.771 0.296041
496.02 0.29605
496.268 0.296058
496.517 0.296066
496.765 0.296073
497.014 0.296079
497.262 0.296084
497.511 0.296088
497.76 0.296092
498.008 0.296095
498.257 0.296097
498.505 0.296098
498.754 0.296099
499.002 0.296099
499.251 0.296098
499.499 0.296096
499.748 0.296094
499.996 0.296091
500.245 0.296087
500.493 0.296082
500.742 0.296077
500.991 0.296071
501.239 0.296064
501.488 0.296056
501.736 0.296048
501.985 0.296039
502.233 0.296029
502.482 0.296018
502.731 0.296007
502.979 0.295995
503.228 0.295982
503.476 0.295968
503.725 0.295954
503.973 0.295939
504.222 0.295924
504.471 0.295907
504.719 0.29589
504.968 0.295872
505.216 0.295854
505.465 0.295834
505.714 0.295814
505.962 0.295794
506.211 0.295772
506.459 0.29575
506.708 0.295727
506.957 0.295704
507.205 0.29568
507.454 0.295655
507.703 0.295629
507.951 0.295603
508.2 0.295576
508.448 0.295548
508.697 0.29552
508.946 0.295491
509.194 0.295461
509.443 0.295431
509.692 0.2954
509.94 0.295368
510.189 0.295335
510.438 0.295302
510.686 0.295269
510.935 0.295234
511.183 0.295199
511.432 0.295163
511.681 0.295127
511.929 0.29509
512.178 0.295052
512.427 0.295013
512.675 0.294974
512.924 0.294934
513.173 0.294894
513.421 0.294853
513.67 0.294811
513.919 0.294769
514.168 0.294726
514.416 0.294682
514.665 0.294638
514.914 0.294593
515.162 0.294547
515.411 0.294501
515.66 0.294454
515.908 0.294407
516.157 0.294358
516.406 0.29431
516.655 0.29426
516.903 0.29421
517.152 0.29416
517.401 0.294108
517.649 0.294056
517.898 0.294004
518.147 0.293951
518.396 0.293897
518.644 0.293843
518.893 0.293788
519.142 0.293732
519.39 0.293676
519.639 0.293619
519.888 0.293562
520.137 0.293504
520.385 0.293445
520.634 0.293386
520.883 0.293326
521.132 0.293265
521.38 0.293204
521.629 0.293143
521.878 0.293081
522.127 0.293018
522.375 0.292955
522.624 0.292891
522.873 0.292826
523.122 0.292761
523.37 0.292695
523.619 0.292629
523.868 0.292562
524.117 0.292495
524.366 0.292427
524.614 0.292358
524.863 0.292289
525.112 0.292219
525.361 0.292149
525.609 0.292078
525.858 0.292007
526.107 0.291935
526.356 0.291862
526.605 0.291789
526.853 0.291715
527.102 0.291641
527.351 0.291566
527.6 0.291491
527.849 0.291415
528.097 0.291339
528.346 0.291262
528.595 0.291184
528.844 0.291106
529.093 0.291028
529.341 0.290949
529.59 0.290869
529.839 0.290789
530.088 0.290708
530.337 0.290627
530.586 0.290545
530.834 0.290463
531.083 0.29038
531.332 0.290297
531.581 0.290213
531.83 0.290129
532.079 0.290044
532.327 0.289958
532.576 0.289872
532.825 0.289786
533.074 0.289699
533.323 0.289612
533.572 0.289524
533.821 0.289435
534.069 0.289346
534.318 0.289257
534.567 0.289167
534.816 0.289076
535.065 0.288985
535.314 0.288894
535.563 0.288802
535.811 0.288709
536.06 0.288616
536.309 0.288523
536.558 0.288429
536.807 0.288335
537.056 0.28824
537.305 0.288144
537.554 0.288049
537.802 0.287952
538.051 0.287855
538.3 0.287758
538.549 0.28766
538.798 0.287562
539.047 0.287463
539.296 0.287364
539.545 0.287265
539.794 0.287164
540.042 0.287064
540.291 0.286963
540.54 0.286861
540.789 0.286759
541.038 0.286657
541.287 0.286554
541.536 0.286451
541.785 0.286347
542.034 0.286243
542.283 0.286138
542.532 0.286033
542.781 0.285927
543.029 0.285821
543.278 0.285715
543.527 0.285608
543.776 0.285501
544.025 0.285393
544.274 0.285285
544.523 0.285176
544.772 0.285067
545.021 0.284958
545.27 0.284848
545.519 0.284737
545.768 0.284627
546.017 0.284515
546.266 0.284404
546.515 0.284292
546.763 0.284179
547.012 0.284066
547.261 0.283953
547.51 0.283839
547.759 0.283725
548.008 0.283611
548.257 0.283496
548.506 0.28338
548.755 0.283265
549.004 0.283148
549.253 0.283032
549.502 0.282915
549.751 0.282798
550 0.28268
550.249 0.282562
550.498 0.282443
550.747 0.282324
550.996 0.282205
551.245 0.282085
551.494 0.281965
551.743 0.281844
551.992 0.281723
552.241 0.281602
552.49 0.281481
552.739 0.281358
552.988 0.281236
553.237 0.281113
553.486 0.28099
553.735 0.280866
553.984 0.280743
554.233 0.280618
554.482 0.280494
554.731 0.280368
554.98 0.280243
555.229 0.280117
555.478 0.279991
555.727 0.279865
555.976 0.279738
556.225 0.279611
556.474 0.279483
556.723 0.279355
556.972 0.279227
557.221 0.279098
557.47 0.278969
557.719 0.27884
557.968 0.27871
558.217 0.27858
558.466 0.278449
558.715 0.278319
558.964 0.278188
559.213 0.278056
559.462 0.277924
559.711 0.277792
559.96 0.27766
560.209 0.277527
560.458 0.277394
560.707 0.27726
560.956 0.277127
561.205 0.276993
561.454 0.276858
561.704 0.276723
561.953 0.276588
562.202 0.276453
562.451 0.276317
562.7 0.276181
562.949 0.276045
563.198 0.275908
563.447 0.275771
563.696 0.275633
563.945 0.275496
564.194 0.275358
564.443 0.27522
564.692 0.275081
564.941 0.274942
565.19 0.274803
565.439 0.274663
565.689 0.274523
565.938 0.274383
566.187 0.274243
566.436 0.274102
566.685 0.273961
566.934 0.27382
567.183 0.273678
567.432 0.273536
567.681 0.273394
567.93 0.273252
568.179 0.273109
568.428 0.272966
568.677 0.272822
568.927 0.272679
569.176 0.272535
569.425 0.27239
569.674 0.272246
569.923 0.272101
570.172 0.271956
570.421 0.271811
570.67 0.271665
570.919 0.271519
571.168 0.271373
571.418 0.271227
571.667 0.27108
571.916 0.270933
572.165 0.270786
572.414 0.270638
572.663 0.27049
572.912 0.270342
573.161 0.270194
573.41 0.270045
573.66 0.269896
573.909 0.269747
574.158 0.269598
574.407 0.269448
574.656 0.269298
574.905 0.269148
575.154 0.268998
575.403 0.268847
575.652 0.268696
575.902 0.268545
576.151 0.268394
576.4 0.268242
576.649 0.26809
576.898 0.267938
577.147 0.267786
577.396 0.267633
577.646 0.26748
577.895 0.267327
578.144 0.267174
578.393 0.26702
578.642 0.266866
578.891 0.266712
579.14 0.266558
579.39 0.266403
579.639 0.266249
579.888 0.266094
580.137 0.265939
580.386 0.265783
580.635 0.265627
580.884 0.265472
581.134 0.265315
581.383 0.265159
581.632 0.265003
581.881 0.264846
582.13 0.264689
582.379 0.264532
582.628 0.264374
582.878 0.264217
583.127 0.264059
583.376 0.263901
583.625 0.263742
583.874 0.263584
584.123 0.263425
584.373 0.263266
584.622 0.263107
584.871 0.262948
585.12 0.262788
585.369 0.262629
585.618 0.262469
585.868 0.262309
586.117 0.262148
586.366 0.261988
586.615 0.261827
586.864 0.261666
587.114 0.261505
587.363 0.261344
587.612 0.261182
587.861 0.261021
588.11 0.260859
588.359 0.260697
588.609 0.260534
588.858 0.260372
589.107 0.260209
589.356 0.260047
589.605 0.259884
589.855 0.25972
590.104 0.259557
590.353 0.259393
590.602 0.25923
590.851 0.259066
591.101 0.258902
591.35 0.258738
591.599 0.258573
591.848 0.258409
592.097 0.258244
592.347 0.258079
592.596 0.257914
592.845 0.257748
593.094 0.257583
593.343 0.257417
593.593 0.257252
593.842 0.257086
594.091 0.25692
594.34 0.256753
594.589 0.256587
594.839 0.25642
595.088 0.256254
595.337 0.256087
595.586 0.25592
595.835 0.255752
596.085 0.255585
596.334 0.255417
596.583 0.25525
596.832 0.255082
597.082 0.254914
597.331 0.254746
597.58 0.254578
597.829 0.254409
598.078 0.254241
598.328 0.254072
598.577 0.253903
598.826 0.253734
599.075 0.253565
599.325 0.253396
599.574 0.253226
599.823 0.253056
600.072 0.252887
600.321 0.252717
600.571 0.252547
600.82 0.252377
601.069 0.252207
601.318 0.252036
601.568 0.251866
601.817 0.251695
602.066 0.251524
602.315 0.251353
602.565 0.251182
602.814 0.251011
603.063 0.25084
603.312 0.250668
603.562 0.250497
603.811 0.250325
604.06 0.250153
604.309 0.249981
604.558 0.249809
604.808 0.249637
605.057 0.249465
605.306 0.249293
605.555 0.24912
605.805 0.248947
606.054 0.248775
606.303 0.248602
606.552 0.248429
606.802 0.248256
607.051 0.248083
607.3 0.247909
607.549 0.247736
607.799 0.247562
608.048 0.247389
608.297 0.247215
608.546 0.247041
608.796 0.246867
609.045 0.246693
609.294 0.246519
609.544 0.246345
609.793 0.24617
610.042 0.245996
610.291 0.245821
610.541 0.245647
610.79 0.245472
611.039 0.245297
611.288 0.245122
611.538 0.244947
611.787 0.244772
612.036 0.244597
612.285 0.244421
612.535 0.244246
612.784 0.24407
613.033 0.243895
613.282 0.243719
613.532 0.243543
613.781 0.243368
614.03 0.243192
614.28 0.243016
614.529 0.242839
614.778 0.242663
615.027 0.242487
615.277 0.242311
615.526 0.242134
615.775 0.241958
616.024 0.241781
616.274 0.241604
616.523 0.241428
616.772 0.241251
617.022 0.241074
617.271 0.240897
617.52 0.24072
617.769 0.240543
618.019 0.240365
618.268 0.240188
618.517 0.240011
618.767 0.239833
619.016 0.239656
619.265 0.239478
619.514 0.239301
619.764 0.239123
620.013 0.238945
620.262 0.238767
620.512 0.23859
620.761 0.238412
621.01 0.238234
621.259 0.238055
621.509 0.237877
621.758 0.237699
622.007 0.237521
622.257 0.237343
622.506 0.237164
622.755 0.236986
623.004 0.236807
623.254 0.236629
623.503 0.23645
623.752 0.236271
624.002 0.236093
624.251 0.235914
624.5 0.235735
624.749 0.235556
624.999 0.235377
625.248 0.235198
625.497 0.235019
625.747 0.23484
625.996 0.234661
626.245 0.234482
626.495 0.234303
626.744 0.234124
626.993 0.233944
627.242 0.233765
627.492 0.233586
627.741 0.233406
627.99 0.233227
628.24 0.233047
628.489 0.232868
628.738 0.232688
628.987 0.232508
629.237 0.232329
629.486 0.232149
629.735 0.231969
629.985 0.231789
630.234 0.23161
630.483 0.23143
630.733 0.23125
630.982 0.23107
631.231 0.23089
631.481 0.23071
631.73 0.23053
631.979 0.23035
632.228 0.23017
632.478 0.22999
632.727 0.22981
632.976 0.22963
633.226 0.229449
633.475 0.229269
633.724 0.229089
633.974 0.228909
634.223 0.228728
634.472 0.228548
634.721 0.228368
634.971 0.228187
635.22 0.228007
635.469 0.227827
635.719 0.227646
635.968 0.227466
636.217 0.227285
636.467 0.227105
636.716 0.226924
636.965 0.226744
637.215 0.226563
637.464 0.226383
637.713 0.226202
637.962 0.226022
638.212 0.225841
638.461 0.22566
638.71 0.22548
638.96 0.225299
639.209 0.225119
639.458 0.224938
639.708 0.224757
639.957 0.224577
640.206 0.224396
640.456 0.224215
640.705 0.224035
640.954 0.223854
641.204 0.223673
641.453 0.223492
641.702 0.223312
641.951 0.223131
642.201 0.22295
642.45 0.22277
642.699 0.222589
642.949 0.222408
643.198 0.222227
643.447 0.222047
643.697 0.221866
643.946 0.221685
644.195 0.221504
644.445 0.221324
644.694 0.221143
644.943 0.220962
645.193 0.220781
645.442 0.220601
645.691 0.22042
645.941 0.220239
646.19 0.220059
646.439 0.219878
646.688 0.219697
646.938 0.219516
647.187 0.219336
647.436 0.219155
647.686 0.218974
647.935 0.218794
648.184 0.218613
648.434 0.218432
648.683 0.218252
648.932 0.218071
649.182 0.217891
649.431 0.21771
649.68 0.217529
649.93 0.217349
650.179 0.217168
650.428 0.216988
650.677 0.216807
650.927 0.216627
651.176 0.216446
651.425 0.216266
651.675 0.216085
651.924 0.215905
652.173 0.215725
652.423 0.215544
652.672 0.215364
652.921 0.215183
653.171 0.215003
653.42 0.214823
653.669 0.214642
653.919 0.214462
654.168 0.214282
654.417 0.214102
654.667 0.213921
654.916 0.213741
655.165 0.213561
655.414 0.213381
655.664 0.213201
655.913 0.213021
656.162 0.212841
656.412 0.212661
656.661 0.212481
656.91 0.212301
657.16 0.212121
657.409 0.211941
657.658 0.211761
657.908 0.211581
658.157 0.211401
658.406 0.211221
658.656 0.211042
658.905 0.210862
659.154 0.210682
659.404 0.210503
659.653 0.210323
659.902 0.210143
660.151 0.209964
660.401 0.209784
660.65 0.209605
660.899 0.209425
661.149 0.209246
661.398 0.209066
661.647 0.208887
661.897 0.208708
662.146 0.208528
662.395 0.208349
662.645 0.20817
662.894 0.207991
663.143 0.207812
663.392 0.207633
663.642 0.207454
663.891 0.207275
664.14 0.207096
664.39 0.206917
664.639 0.206738
664.888 0.206559
665.138 0.20638
665.387 0.206201
665.636 0.206023
665.886 0.205844
666.135 0.205665
666.384 0.205487
666.634 0.205308
666.883 0.20513
667.132 0.204951
667.381 0.204773
667.631 0.204595
667.88 0.204416
668.129 0.204238
668.379 0.20406
668.628 0.203882
668.877 0.203704
669.127 0.203526
669.376 0.203348
669.625 0.20317
669.874 0.202992
670.124 0.202814
670.373 0.202636
670.622 0.202458
670.872 0.202281
671.121 0.202103
671.37 0.201925
671.62 0.201748
671.869 0.20157
672.118 0.201393
672.367 0.201216
672.617 0.201038
672.866 0.200861
673.115 0.200684
673.365 0.200507
673.614 0.200329
673.863 0.200152
674.113 0.199975
674.362 0.199799
674.611 0.199622
674.86 0.199445
675.11 0.199268
675.359 0.199091
675.608 0.198915
675.858 0.198738
676.107 0.198562
676.356 0.198385
676.606 0.198209
676.855 0.198032
677.104 0.197856
677.353 0.19768
677.603 0.197504
677.852 0.197328
678.101 0.197152
678.351 0.196976
678.6 0.1968
678.849 0.196624
679.098 0.196448
679.348 0.196273
679.597 0.196097
679.846 0.195921
680.096 0.195746
680.345 0.19557
680.594 0.195395
680.843 0.19522
681.093 0.195044
681.342 0.194869
681.591 0.194694
681.841 0.194519
682.09 0.194344
682.339 0.194169
682.588 0.193994
682.838 0.19382
683.087 0.193645
683.336 0.19347
683.586 0.193296
683.835 0.193121
684.084 0.192947
684.333 0.192773
684.583 0.192598
684.832 0.192424
685.081 0.19225
685.33 0.192076
685.58 0.191902
685.829 0.191728
686.078 0.191554
686.328 0.19138
686.577 0.191207
686.826 0.191033
687.075 0.19086
687.325 0.190686
687.574 0.190513
687.823 0.190339
688.072 0.190166
688.322 0.189993
688.571 0.18982
688.82 0.189647
689.07 0.189474
689.319 0.189301
689.568 0.189128
689.817 0.188955
690.067 0.188783
690.316 0.18861
690.565 0.188438
690.814 0.188265
691.064 0.188093
691.313 0.187921
691.562 0.187749
691.811 0.187577
692.061 0.187405
692.31 0.187233
692.559 0.187061
692.808 0.186889
693.058 0.186717
693.307 0.186546
693.556 0.186374
693.805 0.186203
694.055 0.186032
694.304 0.18586
694.553 0.185689
694.802 0.185518
695.052 0.185347
695.301 0.185176
695.55 0.185005
695.799 0.184834
696.049 0.184664
696.298 0.184493
696.547 0.184323
696.796 0.184152
697.046 0.183982
697.295 0.183811
697.544 0.183641
697.793 0.183471
698.043 0.183301
698.292 0.183131
698.541 0.182961
698.79 0.182792
699.04 0.182622
699.289 0.182452
699.538 0.182283
699.787 0.182114
700.037 0.181944
700.286 0.181775
700.535 0.181606
700.784 0.181437
701.033 0.181268
701.283 0.181099
701.532 0.18093
701.781 0.180762
702.03 0.180593
702.28 0.180424
702.529 0.180256
702.778 0.180088
703.027 0.179919
703.276 0.179751
703.526 0.179583
703.775 0.179415
704.024 0.179247
704.273 0.17908
704.523 0.178912
704.772 0.178744
705.021 0.178577
705.27 0.178409
705.519 0.178242
705.769 0.178075
706.018 0.177908
706.267 0.177741
706.516 0.177574
706.765 0.177407
707.015 0.17724
707.264 0.177073
707.513 0.176907
707.762 0.17674
708.011 0.176574
708.261 0.176408
708.51 0.176241
708.759 0.176075
709.008 0.175909
709.258 0.175743
709.507 0.175577
709.756 0.175412
710.005 0.175246
710.254 0.175081
710.503 0.174915
710.753 0.17475
711.002 0.174584
711.251 0.174419
711.5 0.174254
711.749 0.174089
711.999 0.173924
712.248 0.17376
712.497 0.173595
712.746 0.17343
712.995 0.173266
713.245 0.173102
713.494 0.172937
713.743 0.172773
713.992 0.172609
714.241 0.172445
714.49 0.172281
714.74 0.172117
714.989 0.171954
715.238 0.17179
715.487 0.171627
715.736 0.171463
715.986 0.1713
716.235 0.171137
716.484 0.170974
716.733 0.170811
716.982 0.170648
717.231 0.170485
717.481 0.170323
717.73 0.17016
717.979 0.169997
718.228 0.169835
718.477 0.169673
718.726 0.169511
718.975 0.169349
719.225 0.169187
719.474 0.169025
719.723 0.168863
719.972 0.168701
720.221 0.16854
720.47 0.168378
720.72 0.168217
720.969 0.168056
721.218 0.167895
721.467 0.167734
721.716 0.167573
721.965 0.167412
722.214 0.167251
722.464 0.16709
722.713 0.16693
722.962 0.166769
723.211 0.166609
723.46 0.166449
723.709 0.166289
723.958 0.166129
724.208 0.165969
724.457 0.165809
724.706 0.165649
724.955 0.16549
725.204 0.16533
725.453 0.165171
725.702 0.165012
725.951 0.164853
726.201 0.164694
726.45 0.164535
726.699 0.164376
726.948 0.164217
727.197 0.164058
727.446 0.1639
727.695 0.163741
727.944 0.163583
728.193 0.163425
728.443 0.163267
728.692 0.163109
728.941 0.162951
729.19 0.162793
729.439 0.162635
729.688 0.162478
729.937 0.16232
730.186 0.162163
730.435 0.162006
730.685 0.161849
730.934 0.161692
731.183 0.161535
731.432 0.161378
731.681 0.161221
731.93 0.161065
732.179 0.160908
732.428 0.160752
732.677 0.160596
732.926 0.160439
733.175 0.160283
733.425 0.160127
733.674 0.159972
733.923 0.159816
734.172 0.15966
734.421 0.159505
734.67 0.159349
734.919 0.159194
735.168 0.159039
735.417 0.158884
735.666 0.158729
735.915 0.158574
736.164 0.158419
736.413 0.158265
736.662 0.15811
736.912 0.157956
737.161 0.157801
737.41 0.157647
737.659 0.157493
737.908 0.157339
738.157 0.157185
738.406 0.157032
738.655 0.156878
738.904 0.156724
739.153 0.156571
739.402 0.156418
739.651 0.156265
739.9 0.156112
740.149 0.155959
740.398 0.155806
740.647 0.155653
740.896 0.1555
741.145 0.155348
741.394 0.155195
741.643 0.155043
741.893 0.154891
742.142 0.154739
742.391 0.154587
742.64 0.154435
742.889 0.154283
743.138 0.154132
743.387 0.15398
743.636 0.153829
743.885 0.153677
744.134 0.153526
744.383 0.153375
744.632 0.153224
744.881 0.153073
745.13 0.152923
745.379 0.152772
745.628 0.152622
745.877 0.152471
746.126 0.152321
746.375 0.152171
746.624 0.152021
746.873 0.151871
747.122 0.151721
747.371 0.151571
747.62 0.151422
747.869 0.151272
748.118 0.151123
748.367 0.150974
748.616 0.150824
748.865 0.150675
749.114 0.150527
749.363 0.150378
749.612 0.150229
749.861 0.15008
750.11 0.149932
750.359 0.149784
750.608 0.149635
750.857 0.149487
751.106 0.149339
751.355 0.149191
751.604 0.149044
751.853 0.148896
752.102 0.148748
752.351 0.148601
752.599 0.148454
752.848 0.148307
753.097 0.148159
753.346 0.148012
753.595 0.147866
753.844 0.147719
754.093 0.147572
754.342 0.147426
754.591 0.147279
754.84 0.147133
755.089 0.146987
755.338 0.146841
755.587 0.146695
755.836 0.146549
756.085 0.146403
756.334 0.146258
756.583 0.146112
756.832 0.145967
757.081 0.145822
757.329 0.145677
757.578 0.145532
757.827 0.145387
758.076 0.145242
758.325 0.145097
758.574 0.144953
758.823 0.144808
759.072 0.144664
759.321 0.14452
759.57 0.144376
759.819 0.144232
760.068 0.144088
760.317 0.143944
760.565 0.1438
760.814 0.143657
761.063 0.143513
761.312 0.14337
761.561 0.143227
761.81 0.143084
762.059 0.142941
762.308 0.142798
762.557 0.142655
762.806 0.142513
763.054 0.14237
763.303 0.142228
763.552 0.142086
763.801 0.141944
764.05 0.141802
764.299 0.14166
764.548 0.141518
764.797 0.141376
765.045 0.141235
765.294 0.141093
765.543 0.140952
765.792 0.140811
766.041 0.14067
766.29 0.140529
766.539 0.140388
766.787 0.140247
767.036 0.140106
767.285 0.139966
767.534 0.139826
767.783 0.139685
768.032 0.139545
768.281 0.139405
768.529 0.139265
768.778 0.139125
769.027 0.138986
769.276 0.138846
769.525 0.138707
769.774 0.138567
770.022 0.138428
770.271 0.138289
770.52 0.13815
770.769 0.138011
771.018 0.137872
771.267 0.137734
771.515 0.137595
771.764 0.137457
772.013 0.137318
772.262 0.13718
772.511 0.137042
772.76 0.136904
773.008 0.136766
773.257 0.136629
773.506 0.136491
773.755 0.136354
774.004 0.136216
774.252 0.136079
774.501 0.135942
774.75 0.135805
774.999 0.135668
775.248 0.135531
775.496 0.135395
775.745 0.135258
775.994 0.135122
776.243 0.134985
776.491 0.134849
776.74 0.134713
776.989 0.134577
777.238 0.134441
777.487 0.134305
777.735 0.13417
777.984 0.134034
778.233 0.133899
778.482 0.133764
778.73 0.133628
778.979 0.133493
779.228 0.133358
779.477 0.133224
779.725 0.133089
779.974 0.132954
780.223 0.13282
780.472 0.132686
780.72 0.132551
780.969 0.132417
781.218 0.132283
781.467 0.132149
781.715 0.132016
781.964 0.131882
782.213 0.131749
782.462 0.131615
782.71 0.131482
782.959 0.131349
783.208 0.131216
783.456 0.131083
783.705 0.13095
783.954 0.130817
784.203 0.130684
784.451 0.130552
784.7 0.13042
784.949 0.130287
785.197 0.130155
785.446 0.130023
785.695 0.129891
785.944 0.12976
786.192 0.129628
786.441 0.129496
786.69 0.129365
786.938 0.129234
787.187 0.129102
787.436 0.128971
787.684 0.12884
787.933 0.128709
788.182 0.128579
788.43 0.128448
788.679 0.128318
788.928 0.128187
789.176 0.128057
789.425 0.127927
789.674 0.127797
789.922 0.127667
790.171 0.127537
790.42 0.127407
790.668 0.127278
790.917 0.127148
791.166 0.127019
791.414 0.12689
791.663 0.126761
791.912 0.126632
792.16 0.126503
792.409 0.126374
792.658 0.126245
792.906 0.126117
793.155 0.125988
793.403 0.12586
793.652 0.125732
793.901 0.125604
794.149 0.125476
794.398 0.125348
794.647 0.12522
794.895 0.125092
795.144 0.124965
795.392 0.124838
795.641 0.12471
795.89 0.124583
796.138 0.124456
796.387 0.124329
796.635 0.124202
796.884 0.124076
797.133 0.123949
797.381 0.123823
797.63 0.123696
797.878 0.12357
798.127 0.123444
798.375 0.123318
798.624 0.123192
798.873 0.123066
799.121 0.122941
799.37 0.122815
799.618 0.12269
799.867 0.122564
800.115 0.122439
800.364 0.122314
800.613 0.122189
800.861 0.122064
801.11 0.121939
801.358 0.121815
801.607 0.12169
801.855 0.121566
802.104 0.121442
802.352 0.121317
802.601 0.121193
802.849 0.121069
803.098 0.120946
803.347 0.120822
803.595 0.120698
803.844 0.120575
804.092 0.120451
804.341 0.120328
804.589 0.120205
804.838 0.120082
