546.266 0.380388
546.415 0.380425
546.564 0.380461
546.714 0.380497
546.863 0.380533
547.012 0.380568
547.162 0.380603
547.311 0.380638
547.461 0.380672
547.61 0.380706
547.759 0.38074
547.909 0.380773
548.058 0.380806
548.207 0.380838
548.357 0.38087
548.506 0.380902
548.656 0.380934
548.805 0.380965
548.954 0.380996
549.104 0.381026
549.253 0.381056
549.402 0.381086
549.552 0.381115
549.701 0.381145
549.851 0.381173
550 0.381202
550.149 0.38123
550.299 0.381257
550.448 0.381285
550.598 0.381312
550.747 0.381338
550.896 0.381365
551.046 0.381391
551.195 0.381416
551.344 0.381442
551.494 0.381467
551.643 0.381491
551.793 0.381516
551.942 0.38154
552.091 0.381563
552.241 0.381586
552.39 0.381609
552.54 0.381632
552.689 0.381654
552.838 0.381676
552.988 0.381698
553.137 0.381719
553.287 0.38174
553.436 0.381761
553.585 0.381781
