546.266 0.744476
546.415 0.744542
546.564 0.744607
546.714 0.744671
546.863 0.744735
547.012 0.744799
547.162 0.744862
547.311 0.744925
547.461 0.744988
547.61 0.74505
547.759 0.745111
547.909 0.745173
548.058 0.745233
548.207 0.745294
548.357 0.745354
548.506 0.745413
548.656 0.745472
548.805 0.745531
548.954 0.745589
549.104 0.745647
549.253 0.745705
549.402 0.745762
549.552 0.745818
549.701 0.745875
549.851 0.74593
550 0.745986
550.149 0.746041
550.299 0.746096
550.448 0.74615
550.598 0.746204
550.747 0.746257
550.896 0.74631
551.046 0.746363
551.195 0.746415
551.344 0.746467
551.494 0.746518
551.643 0.746569
551.793 0.746619
551.942 0.74667
552.091 0.746719
552.241 0.746769
552.39 0.746818
552.54 0.746866
552.689 0.746915
552.838 0.746962
552.988 0.74701
553.137 0.747057
553.287 0.747103
553.436 0.74715
553.585 0.747195
