296.686 0.266222
296.931 0.267684
297.176 0.269146
297.421 0.270609
297.666 0.272072
297.911 0.273535
298.157 0.274998
298.402 0.276461
298.647 0.277925
298.892 0.279388
299.137 0.280851
299.382 0.282315
299.627 0.283778
299.872 0.285241
300.118 0.286705
300.363 0.288168
300.608 0.289631
300.853 0.291093
301.098 0.292556
301.343 0.294018
301.589 0.29548
301.834 0.296942
302.079 0.298403
302.324 0.299864
302.569 0.301325
302.814 0.302785
303.06 0.304245
303.305 0.305705
303.55 0.307163
303.795 0.308622
304.041 0.31008
304.286 0.311537
304.531 0.312994
304.776 0.31445
305.022 0.315905
305.267 0.31736
305.512 0.318814
305.757 0.320267
306.003 0.32172
306.248 0.323171
306.493 0.324622
306.739 0.326072
306.984 0.327522
307.229 0.32897
307.475 0.330418
307.72 0.331864
307.965 0.33331
308.21 0.334755
308.456 0.336198
308.701 0.337641
308.947 0.339083
309.192 0.340523
309.437 0.341963
309.683 0.343401
309.928 0.344839
310.173 0.346275
310.419 0.34771
310.664 0.349143
310.91 0.350576
311.155 0.352007
311.4 0.353437
311.646 0.354866
311.891 0.356293
312.137 0.35772
312.382 0.359144
312.627 0.360568
312.873 0.36199
313.118 0.36341
313.364 0.364829
313.609 0.366247
313.855 0.367663
314.1 0.369078
314.346 0.370491
314.591 0.371903
314.837 0.373313
315.082 0.374722
315.328 0.376129
315.573 0.377534
315.819 0.378938
316.064 0.38034
316.31 0.38174
316.555 0.383139
316.801 0.384536
317.046 0.385931
317.292 0.387325
317.537 0.388717
317.783 0.390107
318.028 0.391495
318.274 0.392881
318.52 0.394266
318.765 0.395649
319.011 0.397029
319.256 0.398408
319.502 0.399785
319.748 0.401161
319.993 0.402534
320.239 0.403905
320.484 0.405275
320.73 0.406642
320.976 0.408007
321.221 0.409371
321.467 0.410732
321.712 0.412091
321.958 0.413448
322.204 0.414804
322.449 0.416157
322.695 0.417508
322.941 0.418856
323.186 0.420203
323.432 0.421548
323.678 0.42289
323.924 0.42423
324.169 0.425568
324.415 0.426904
324.661 0.428238
324.906 0.429569
325.152 0.430898
325.398 0.432225
325.644 0.43355
325.889 0.434872
326.135 0.436192
326.381 0.43751
326.626 0.438825
326.872 0.440138
327.118 0.441449
327.364 0.442757
327.61 0.444063
327.855 0.445367
328.101 0.446668
328.347 0.447967
328.593 0.449263
328.838 0.450557
329.084 0.451848
329.33 0.453137
329.576 0.454424
329.822 0.455708
330.068 0.45699
330.313 0.458269
330.559 0.459545
330.805 0.460819
331.051 0.462091
331.297 0.46336
331.543 0.464626
331.788 0.46589
332.034 0.467151
332.28 0.46841
332.526 0.469666
332.772 0.470919
333.018 0.47217
333.264 0.473418
333.51 0.474664
333.756 0.475907
334.001 0.477147
334.247 0.478385
334.493 0.47962
334.739 0.480852
334.985 0.482082
335.231 0.483308
335.477 0.484533
335.723 0.485754
335.969 0.486973
336.215 0.488189
336.461 0.489402
336.707 0.490613
336.953 0.49182
337.199 0.493025
337.445 0.494228
337.691 0.495427
337.937 0.496624
338.183 0.497818
338.429 0.499009
338.675 0.500197
338.921 0.501383
339.167 0.502565
339.413 0.503745
339.659 0.504922
339.905 0.506096
340.151 0.507268
340.397 0.508436
340.643 0.509602
340.889 0.510764
341.135 0.511924
341.381 0.513081
341.627 0.514235
341.873 0.515387
342.119 0.516535
342.366 0.51768
342.612 0.518823
342.858 0.519962
343.104 0.521099
343.35 0.522233
343.596 0.523364
343.842 0.524492
344.088 0.525617
344.334 0.526739
344.581 0.527858
344.827 0.528974
345.073 0.530087
345.319 0.531197
345.565 0.532304
345.811 0.533409
346.058 0.53451
346.304 0.535608
346.55 0.536704
346.796 0.537796
347.042 0.538885
347.288 0.539972
347.535 0.541055
347.781 0.542136
348.027 0.543213
348.273 0.544287
348.519 0.545359
348.766 0.546427
349.012 0.547492
349.258 0.548554
349.504 0.549614
349.751 0.55067
349.997 0.551723
350.243 0.552773
350.489 0.55382
350.736 0.554865
350.982 0.555906
351.228 0.556944
351.474 0.557979
351.721 0.55901
351.967 0.560039
352.213 0.561065
352.46 0.562088
352.706 0.563107
352.952 0.564124
353.199 0.565138
353.445 0.566148
353.691 0.567156
353.937 0.56816
354.184 0.569161
354.43 0.570159
354.676 0.571155
354.923 0.572147
355.169 0.573136
355.416 0.574122
355.662 0.575104
355.908 0.576084
356.155 0.577061
356.401 0.578034
356.647 0.579005
356.894 0.579972
357.14 0.580937
357.387 0.581898
357.633 0.582856
357.879 0.583811
358.126 0.584763
358.372 0.585712
358.619 0.586658
358.865 0.587601
359.111 0.588541
359.358 0.589477
359.604 0.590411
359.851 0.591341
360.097 0.592268
360.344 0.593192
360.59 0.594114
360.837 0.595032
361.083 0.595947
361.33 0.596858
361.576 0.597767
361.823 0.598673
362.069 0.599575
362.316 0.600475
362.562 0.601371
362.809 0.602265
363.055 0.603155
363.302 0.604042
363.548 0.604926
363.795 0.605807
364.041 0.606685
364.288 0.60756
364.534 0.608431
364.781 0.6093
365.027 0.610166
365.274 0.611028
365.52 0.611887
365.767 0.612744
366.013 0.613597
366.26 0.614447
366.507 0.615294
366.753 0.616138
367 0.616979
367.246 0.617817
367.493 0.618652
367.74 0.619484
367.986 0.620313
368.233 0.621138
368.479 0.621961
368.726 0.62278
368.973 0.623597
369.219 0.62441
369.466 0.62522
369.713 0.626028
369.959 0.626832
370.206 0.627633
370.452 0.628431
370.699 0.629226
370.946 0.630018
371.192 0.630807
371.439 0.631593
371.686 0.632376
371.932 0.633156
372.179 0.633933
372.426 0.634707
372.673 0.635478
372.919 0.636246
373.166 0.63701
373.413 0.637772
373.659 0.638531
373.906 0.639287
374.153 0.640039
374.399 0.640789
374.646 0.641536
374.893 0.64228
375.14 0.64302
375.386 0.643758
375.633 0.644493
375.88 0.645224
376.127 0.645953
376.373 0.646679
376.62 0.647402
376.867 0.648121
377.114 0.648838
377.361 0.649552
377.607 0.650263
377.854 0.650971
378.101 0.651676
378.348 0.652378
378.595 0.653077
378.841 0.653773
379.088 0.654466
379.335 0.655156
379.582 0.655843
379.829 0.656527
380.075 0.657209
380.322 0.657887
380.569 0.658562
380.816 0.659235
381.063 0.659905
381.31 0.660571
381.557 0.661235
381.803 0.661896
382.05 0.662554
382.297 0.663209
382.544 0.663861
382.791 0.66451
383.038 0.665157
383.285 0.6658
383.532 0.66644
383.778 0.667078
384.025 0.667713
384.272 0.668345
384.519 0.668974
384.766 0.6696
385.013 0.670223
385.26 0.670844
385.507 0.671461
385.754 0.672076
386.001 0.672688
386.248 0.673297
386.495 0.673903
386.742 0.674507
386.989 0.675107
387.235 0.675705
387.482 0.6763
387.729 0.676892
387.976 0.677481
388.223 0.678068
388.47 0.678651
388.717 0.679232
388.964 0.67981
389.211 0.680385
389.458 0.680958
389.705 0.681527
389.952 0.682094
390.199 0.682658
390.446 0.68322
390.693 0.683778
390.94 0.684334
391.187 0.684887
391.434 0.685437
391.682 0.685985
391.929 0.68653
392.176 0.687072
392.423 0.687611
392.67 0.688148
392.917 0.688682
393.164 0.689213
393.411 0.689741
393.658 0.690267
393.905 0.69079
394.152 0.69131
394.399 0.691828
394.646 0.692343
394.893 0.692855
395.141 0.693364
395.388 0.693871
395.635 0.694375
395.882 0.694877
396.129 0.695376
396.376 0.695872
396.623 0.696365
396.87 0.696856
397.117 0.697344
397.365 0.69783
397.612 0.698313
397.859 0.698793
398.106 0.699271
398.353 0.699746
398.6 0.700218
398.848 0.700688
399.095 0.701155
399.342 0.70162
399.589 0.702082
399.836 0.702541
400.083 0.702998
400.331 0.703452
400.578 0.703904
400.825 0.704353
401.072 0.7048
401.319 0.705244
401.567 0.705685
401.814 0.706124
402.061 0.70656
402.308 0.706994
402.555 0.707425
402.803 0.707854
403.05 0.70828
403.297 0.708704
403.544 0.709125
403.792 0.709543
404.039 0.70996
404.286 0.710373
404.533 0.710784
404.781 0.711193
405.028 0.711599
405.275 0.712003
405.523 0.712404
405.77 0.712802
406.017 0.713199
406.264 0.713592
406.512 0.713984
406.759 0.714373
407.006 0.714759
407.254 0.715143
407.501 0.715525
407.748 0.715904
407.995 0.71628
408.243 0.716655
408.49 0.717026
408.737 0.717396
408.985 0.717763
409.232 0.718128
409.479 0.71849
409.727 0.71885
409.974 0.719207
410.222 0.719562
410.469 0.719915
410.716 0.720265
410.964 0.720613
411.211 0.720959
411.458 0.721302
411.706 0.721643
411.953 0.721982
412.201 0.722318
412.448 0.722652
412.695 0.722984
412.943 0.723313
413.19 0.72364
413.437 0.723964
413.685 0.724287
413.932 0.724607
414.18 0.724925
414.427 0.72524
414.675 0.725553
414.922 0.725864
415.169 0.726173
415.417 0.726479
415.664 0.726783
415.912 0.727085
416.159 0.727385
416.407 0.727682
416.654 0.727977
416.902 0.72827
417.149 0.728561
417.397 0.72885
417.644 0.729136
417.891 0.72942
418.139 0.729702
418.386 0.729981
418.634 0.730259
418.881 0.730534
419.129 0.730807
419.376 0.731078
419.624 0.731346
419.871 0.731613
420.119 0.731877
420.366 0.732139
420.614 0.732399
420.862 0.732657
421.109 0.732913
421.357 0.733167
421.604 0.733418
421.852 0.733667
422.099 0.733915
422.347 0.73416
422.594 0.734403
422.842 0.734643
423.089 0.734882
423.337 0.735119
423.585 0.735354
423.832 0.735586
424.08 0.735816
424.327 0.736045
424.575 0.736271
424.822 0.736495
425.07 0.736717
425.318 0.736937
425.565 0.737156
425.813 0.737372
426.06 0.737585
426.308 0.737797
426.556 0.738007
426.803 0.738215
427.051 0.738421
427.298 0.738625
427.546 0.738827
427.794 0.739027
428.041 0.739224
428.289 0.73942
428.537 0.739614
428.784 0.739806
429.032 0.739996
429.28 0.740184
429.527 0.74037
429.775 0.740554
430.023 0.740736
430.27 0.740916
430.518 0.741094
430.766 0.741271
431.013 0.741445
431.261 0.741617
431.509 0.741788
431.756 0.741956
432.004 0.742123
432.252 0.742288
432.499 0.74245
432.747 0.742611
432.995 0.74277
433.243 0.742928
433.49 0.743083
433.738 0.743236
433.986 0.743388
434.233 0.743537
434.481 0.743685
434.729 0.743831
434.977 0.743975
435.224 0.744117
435.472 0.744258
435.72 0.744396
435.968 0.744533
436.215 0.744668
436.463 0.744801
436.711 0.744933
436.959 0.745062
437.206 0.74519
437.454 0.745316
437.702 0.74544
437.95 0.745562
438.198 0.745682
438.445 0.745801
438.693 0.745918
438.941 0.746033
439.189 0.746147
439.436 0.746258
439.684 0.746368
439.932 0.746476
440.18 0.746583
440.428 0.746688
440.676 0.746791
440.923 0.746892
441.171 0.746991
441.419 0.747089
441.667 0.747185
441.915 0.747279
442.163 0.747372
442.41 0.747463
442.658 0.747552
442.906 0.74764
443.154 0.747726
443.402 0.74781
443.65 0.747893
443.898 0.747973
444.145 0.748053
444.393 0.74813
444.641 0.748206
444.889 0.74828
445.137 0.748353
445.385 0.748424
445.633 0.748493
445.881 0.748561
446.128 0.748627
446.376 0.748692
446.624 0.748754
446.872 0.748816
447.12 0.748875
447.368 0.748933
447.616 0.74899
447.864 0.749045
448.112 0.749098
448.36 0.74915
448.608 0.7492
448.856 0.749248
449.104 0.749295
449.351 0.749341
449.599 0.749384
449.847 0.749427
450.095 0.749467
450.343 0.749507
450.591 0.749544
450.839 0.74958
451.087 0.749615
451.335 0.749648
451.583 0.74968
451.831 0.74971
452.079 0.749738
452.327 0.749765
452.575 0.749791
452.823 0.749815
453.071 0.749837
453.319 0.749859
453.567 0.749878
453.815 0.749896
454.063 0.749913
454.311 0.749928
454.559 0.749942
454.807 0.749954
455.055 0.749965
455.303 0.749974
455.551 0.749982
455.799 0.749988
456.047 0.749993
456.295 0.749997
456.543 0.749999
456.791 0.75
457.039 0.749999
457.287 0.749997
457.535 0.749994
457.783 0.749989
458.031 0.749983
458.28 0.749975
458.528 0.749966
458.776 0.749955
459.024 0.749943
459.272 0.74993
459.52 0.749916
459.768 0.7499
460.016 0.749882
460.264 0.749864
460.512 0.749844
460.76 0.749822
461.008 0.7498
461.257 0.749775
461.505 0.74975
461.753 0.749723
462.001 0.749695
462.249 0.749666
462.497 0.749635
462.745 0.749603
462.993 0.74957
463.241 0.749535
463.49 0.749499
463.738 0.749462
463.986 0.749423
464.234 0.749384
464.482 0.749342
464.73 0.7493
464.978 0.749256
465.227 0.749211
465.475 0.749165
465.723 0.749118
465.971 0.749069
466.219 0.749019
466.467 0.748968
466.715 0.748915
466.964 0.748862
467.212 0.748807
467.46 0.74875
467.708 0.748693
467.956 0.748634
468.205 0.748575
468.453 0.748513
468.701 0.748451
468.949 0.748388
469.197 0.748323
469.446 0.748257
469.694 0.74819
469.942 0.748122
470.19 0.748052
470.438 0.747981
470.687 0.74791
470.935 0.747837
471.183 0.747762
471.431 0.747687
471.679 0.74761
471.928 0.747533
472.176 0.747454
472.424 0.747374
472.672 0.747293
472.921 0.74721
473.169 0.747127
473.417 0.747042
473.665 0.746957
473.914 0.74687
474.162 0.746782
474.41 0.746693
474.658 0.746603
474.907 0.746511
475.155 0.746419
475.403 0.746325
475.652 0.746231
475.9 0.746135
476.148 0.746038
476.396 0.74594
476.645 0.745841
476.893 0.745741
477.141 0.74564
477.39 0.745538
477.638 0.745435
477.886 0.74533
478.134 0.745225
478.383 0.745119
478.631 0.745011
478.879 0.744902
479.128 0.744793
479.376 0.744682
479.624 0.74457
479.873 0.744458
480.121 0.744344
480.369 0.744229
480.618 0.744113
480.866 0.743997
481.114 0.743879
481.363 0.74376
481.611 0.74364
481.859 0.743519
482.108 0.743397
482.356 0.743274
482.604 0.74315
482.853 0.743026
483.101 0.7429
483.35 0.742773
483.598 0.742645
483.846 0.742516
484.095 0.742387
484.343 0.742256
484.591 0.742124
484.84 0.741992
485.088 0.741858
485.337 0.741723
485.585 0.741588
485.833 0.741451
486.082 0.741314
486.33 0.741176
486.579 0.741036
486.827 0.740896
487.075 0.740755
487.324 0.740613
487.572 0.74047
487.821 0.740326
488.069 0.740181
488.318 0.740035
488.566 0.739889
488.814 0.739741
489.063 0.739593
489.311 0.739443
489.56 0.739293
489.808 0.739142
490.057 0.73899
490.305 0.738837
490.553 0.738683
490.802 0.738528
491.05 0.738373
491.299 0.738216
491.547 0.738059
491.796 0.737901
492.044 0.737742
492.293 0.737582
492.541 0.737421
492.79 0.73726
493.038 0.737097
493.287 0.736934
493.535 0.73677
493.783 0.736605
494.032 0.736439
494.28 0.736273
494.529 0.736105
494.777 0.735937
495.026 0.735768
495.274 0.735598
495.523 0.735427
495.771 0.735256
496.02 0.735083
496.268 0.73491
496.517 0.734736
496.765 0.734561
497.014 0.734386
497.262 0.734209
497.511 0.734032
497.76 0.733854
498.008 0.733676
498.257 0.733496
498.505 0.733316
498.754 0.733135
499.002 0.732953
499.251 0.73277
499.499 0.732587
499.748 0.732403
499.996 0.732218
500.245 0.732032
500.493 0.731846
500.742 0.731659
500.991 0.731471
501.239 0.731282
501.488 0.731093
501.736 0.730903
501.985 0.730712
502.233 0.730521
502.482 0.730328
502.731 0.730135
502.979 0.729942
503.228 0.729747
503.476 0.729552
503.725 0.729356
503.973 0.729159
504.222 0.728962
504.471 0.728764
504.719 0.728565
504.968 0.728366
505.216 0.728166
505.465 0.727965
505.714 0.727764
505.962 0.727561
506.211 0.727359
506.459 0.727155
506.708 0.726951
506.957 0.726746
507.205 0.72654
507.454 0.726334
507.703 0.726127
507.951 0.72592
508.2 0.725711
508.448 0.725503
508.697 0.725293
508.946 0.725083
509.194 0.724872
509.443 0.724661
509.692 0.724448
509.94 0.724236
510.189 0.724022
510.438 0.723808
510.686 0.723593
510.935 0.723378
511.183 0.723162
511.432 0.722946
511.681 0.722728
511.929 0.722511
512.178 0.722292
512.427 0.722073
512.675 0.721853
512.924 0.721633
513.173 0.721412
513.421 0.721191
513.67 0.720969
513.919 0.720746
514.168 0.720523
514.416 0.720299
514.665 0.720074
514.914 0.719849
515.162 0.719624
515.411 0.719398
515.66 0.719171
515.908 0.718943
516.157 0.718715
516.406 0.718487
516.655 0.718258
516.903 0.718028
517.152 0.717798
517.401 0.717567
517.649 0.717336
517.898 0.717104
518.147 0.716871
518.396 0.716638
518.644 0.716405
518.893 0.716171
519.142 0.715936
519.39 0.715701
519.639 0.715465
519.888 0.715229
520.137 0.714992
520.385 0.714755
520.634 0.714517
520.883 0.714279
521.132 0.71404
521.38 0.7138
521.629 0.71356
521.878 0.71332
522.127 0.713079
522.375 0.712837
522.624 0.712595
522.873 0.712353
523.122 0.71211
523.37 0.711866
523.619 0.711622
523.868 0.711378
524.117 0.711133
524.366 0.710887
524.614 0.710641
524.863 0.710394
525.112 0.710147
525.361 0.7099
525.609 0.709652
525.858 0.709404
526.107 0.709155
526.356 0.708905
526.605 0.708655
526.853 0.708405
527.102 0.708154
527.351 0.707903
527.6 0.707651
527.849 0.707399
528.097 0.707146
528.346 0.706893
528.595 0.70664
528.844 0.706386
529.093 0.706131
529.341 0.705876
529.59 0.705621
529.839 0.705365
530.088 0.705109
530.337 0.704852
530.586 0.704595
530.834 0.704338
531.083 0.70408
531.332 0.703821
531.581 0.703562
531.83 0.703303
532.079 0.703043
532.327 0.702783
532.576 0.702523
532.825 0.702262
533.074 0.702
533.323 0.701738
533.572 0.701476
533.821 0.701214
534.069 0.700951
534.318 0.700687
534.567 0.700423
534.816 0.700159
535.065 0.699894
535.314 0.699629
535.563 0.699364
535.811 0.699098
536.06 0.698832
536.309 0.698565
536.558 0.698298
536.807 0.698031
537.056 0.697763
537.305 0.697495
537.554 0.697227
537.802 0.696958
538.051 0.696688
538.3 0.696419
538.549 0.696149
538.798 0.695878
539.047 0.695608
539.296 0.695337
539.545 0.695065
539.794 0.694793
540.042 0.694521
540.291 0.694249
540.54 0.693976
540.789 0.693702
541.038 0.693429
541.287 0.693155
541.536 0.69288
541.785 0.692606
542.034 0.692331
542.283 0.692056
542.532 0.69178
542.781 0.691504
543.029 0.691227
543.278 0.690951
543.527 0.690674
543.776 0.690396
544.025 0.690119
544.274 0.689841
544.523 0.689562
544.772 0.689284
545.021 0.689005
545.27 0.688725
545.519 0.688446
545.768 0.688166
546.017 0.687886
546.266 0.687605
546.515 0.687324
546.763 0.687043
547.012 0.686762
547.261 0.68648
547.51 0.686198
547.759 0.685915
548.008 0.685633
548.257 0.68535
548.506 0.685066
548.755 0.684783
549.004 0.684499
549.253 0.684215
549.502 0.68393
549.751 0.683646
550 0.683361
550.249 0.683075
550.498 0.68279
550.747 0.682504
550.996 0.682218
551.245 0.681931
551.494 0.681645
551.743 0.681358
551.992 0.68107
552.241 0.680783
552.49 0.680495
552.739 0.680207
552.988 0.679919
553.237 0.67963
553.486 0.679341
553.735 0.679052
553.984 0.678763
554.233 0.678473
554.482 0.678183
554.731 0.677893
554.98 0.677603
555.229 0.677312
555.478 0.677021
555.727 0.67673
555.976 0.676439
556.225 0.676147
556.474 0.675855
556.723 0.675563
556.972 0.675271
557.221 0.674978
557.47 0.674685
557.719 0.674392
557.968 0.674099
558.217 0.673805
558.466 0.673512
558.715 0.673218
558.964 0.672923
559.213 0.672629
559.462 0.672334
559.711 0.672039
559.96 0.671744
560.209 0.671449
560.458 0.671153
560.707 0.670858
560.956 0.670562
561.205 0.670265
561.454 0.669969
561.704 0.669672
561.953 0.669376
562.202 0.669078
562.451 0.668781
562.7 0.668484
562.949 0.668186
563.198 0.667888
563.447 0.66759
563.696 0.667292
563.945 0.666993
564.194 0.666695
564.443 0.666396
564.692 0.666097
564.941 0.665798
565.19 0.665498
565.439 0.665199
565.689 0.664899
565.938 0.664599
566.187 0.664299
566.436 0.663998
566.685 0.663698
566.934 0.663397
567.183 0.663096
567.432 0.662795
567.681 0.662494
567.93 0.662192
568.179 0.661891
568.428 0.661589
568.677 0.661287
568.927 0.660985
569.176 0.660683
569.425 0.66038
569.674 0.660078
569.923 0.659775
570.172 0.659472
570.421 0.659169
570.67 0.658865
570.919 0.658562
571.168 0.658258
571.418 0.657955
571.667 0.657651
571.916 0.657347
572.165 0.657042
572.414 0.656738
572.663 0.656434
572.912 0.656129
573.161 0.655824
573.41 0.655519
573.66 0.655214
573.909 0.654909
574.158 0.654603
574.407 0.654298
574.656 0.653992
574.905 0.653686
575.154 0.65338
575.403 0.653074
575.652 0.652768
575.902 0.652462
576.151 0.652155
576.4 0.651849
576.649 0.651542
576.898 0.651235
577.147 0.650928
577.396 0.650621
577.646 0.650313
577.895 0.650006
578.144 0.649699
578.393 0.649391
578.642 0.649083
578.891 0.648775
579.14 0.648467
579.39 0.648159
579.639 0.647851
579.888 0.647543
580.137 0.647234
580.386 0.646926
580.635 0.646617
580.884 0.646308
581.134 0.645999
581.383 0.64569
581.632 0.645381
581.881 0.645072
582.13 0.644762
582.379 0.644453
582.628 0.644143
582.878 0.643834
583.127 0.643524
583.376 0.643214
583.625 0.642904
583.874 0.642594
584.123 0.642284
584.373 0.641974
584.622 0.641663
584.871 0.641353
585.12 0.641043
585.369 0.640732
585.618 0.640421
585.868 0.64011
586.117 0.6398
586.366 0.639489
586.615 0.639178
586.864 0.638866
587.114 0.638555
587.363 0.638244
587.612 0.637933
587.861 0.637621
588.11 0.637309
588.359 0.636998
588.609 0.636686
588.858 0.636374
589.107 0.636063
589.356 0.635751
589.605 0.635439
589.855 0.635127
590.104 0.634814
590.353 0.634502
590.602 0.63419
590.851 0.633878
591.101 0.633565
591.35 0.633253
591.599 0.63294
591.848 0.632628
592.097 0.632315
592.347 0.632002
592.596 0.631689
592.845 0.631376
593.094 0.631064
593.343 0.630751
593.593 0.630438
593.842 0.630124
594.091 0.629811
594.34 0.629498
594.589 0.629185
594.839 0.628872
595.088 0.628558
595.337 0.628245
595.586 0.627931
595.835 0.627618
596.085 0.627304
596.334 0.626991
596.583 0.626677
596.832 0.626363
597.082 0.626049
597.331 0.625736
597.58 0.625422
597.829 0.625108
598.078 0.624794
598.328 0.62448
598.577 0.624166
598.826 0.623852
599.075 0.623538
599.325 0.623224
599.574 0.62291
599.823 0.622596
600.072 0.622281
600.321 0.621967
600.571 0.621653
600.82 0.621339
601.069 0.621024
601.318 0.62071
601.568 0.620395
601.817 0.620081
602.066 0.619767
602.315 0.619452
602.565 0.619138
602.814 0.618823
603.063 0.618508
603.312 0.618194
603.562 0.617879
603.811 0.617565
604.06 0.61725
604.309 0.616935
604.558 0.616621
604.808 0.616306
605.057 0.615991
605.306 0.615676
605.555 0.615362
605.805 0.615047
606.054 0.614732
606.303 0.614417
606.552 0.614103
606.802 0.613788
607.051 0.613473
607.3 0.613158
607.549 0.612843
607.799 0.612528
608.048 0.612213
608.297 0.611899
608.546 0.611584
608.796 0.611269
609.045 0.610954
609.294 0.610639
609.544 0.610324
609.793 0.610009
610.042 0.609694
610.291 0.609379
610.541 0.609065
610.79 0.60875
611.039 0.608435
611.288 0.60812
611.538 0.607805
611.787 0.60749
612.036 0.607175
612.285 0.60686
612.535 0.606545
612.784 0.60623
613.033 0.605916
613.282 0.605601
613.532 0.605286
613.781 0.604971
614.03 0.604656
614.28 0.604341
614.529 0.604027
614.778 0.603712
615.027 0.603397
615.277 0.603082
615.526 0.602767
615.775 0.602453
616.024 0.602138
616.274 0.601823
616.523 0.601509
616.772 0.601194
617.022 0.600879
617.271 0.600565
617.52 0.60025
617.769 0.599935
618.019 0.599621
618.268 0.599306
618.517 0.598992
618.767 0.598677
619.016 0.598363
619.265 0.598048
619.514 0.597734
619.764 0.597419
620.013 0.597105
620.262 0.59679
620.512 0.596476
620.761 0.596162
621.01 0.595848
621.259 0.595533
621.509 0.595219
621.758 0.594905
622.007 0.594591
622.257 0.594277
622.506 0.593962
622.755 0.593648
623.004 0.593334
623.254 0.59302
623.503 0.592706
623.752 0.592392
624.002 0.592078
624.251 0.591765
624.5 0.591451
624.749 0.591137
624.999 0.590823
625.248 0.59051
625.497 0.590196
625.747 0.589882
625.996 0.589569
626.245 0.589255
626.495 0.588942
626.744 0.588628
626.993 0.588315
627.242 0.588001
627.492 0.587688
627.741 0.587375
627.99 0.587061
628.24 0.586748
628.489 0.586435
628.738 0.586122
628.987 0.585809
629.237 0.585496
629.486 0.585183
629.735 0.58487
629.985 0.584557
630.234 0.584244
630.483 0.583931
630.733 0.583619
630.982 0.583306
631.231 0.582993
631.481 0.582681
631.73 0.582368
631.979 0.582056
632.228 0.581744
632.478 0.581431
632.727 0.581119
632.976 0.580807
633.226 0.580494
633.475 0.580182
633.724 0.57987
633.974 0.579558
634.223 0.579246
634.472 0.578934
634.721 0.578623
634.971 0.578311
635.22 0.577999
635.469 0.577687
635.719 0.577376
635.968 0.577064
636.217 0.576753
636.467 0.576441
636.716 0.57613
636.965 0.575819
637.215 0.575508
637.464 0.575197
637.713 0.574885
637.962 0.574574
638.212 0.574263
638.461 0.573953
638.71 0.573642
638.96 0.573331
639.209 0.57302
639.458 0.57271
639.708 0.572399
639.957 0.572089
640.206 0.571778
640.456 0.571468
640.705 0.571158
640.954 0.570848
641.204 0.570537
641.453 0.570227
641.702 0.569917
641.951 0.569608
642.201 0.569298
642.45 0.568988
642.699 0.568678
642.949 0.568369
643.198 0.568059
643.447 0.56775
643.697 0.56744
643.946 0.567131
644.195 0.566822
644.445 0.566513
644.694 0.566204
644.943 0.565895
645.193 0.565586
645.442 0.565277
645.691 0.564968
645.941 0.56466
646.19 0.564351
646.439 0.564042
646.688 0.563734
646.938 0.563426
647.187 0.563117
647.436 0.562809
647.686 0.562501
647.935 0.562193
648.184 0.561885
648.434 0.561577
648.683 0.56127
648.932 0.560962
649.182 0.560654
649.431 0.560347
649.68 0.56004
649.93 0.559732
650.179 0.559425
650.428 0.559118
650.677 0.558811
650.927 0.558504
651.176 0.558197
651.425 0.55789
651.675 0.557583
651.924 0.557277
652.173 0.55697
652.423 0.556664
652.672 0.556357
652.921 0.556051
653.171 0.555745
653.42 0.555439
653.669 0.555133
653.919 0.554827
654.168 0.554521
654.417 0.554216
654.667 0.55391
654.916 0.553604
655.165 0.553299
655.414 0.552994
655.664 0.552688
655.913 0.552383
656.162 0.552078
656.412 0.551773
656.661 0.551469
656.91 0.551164
657.16 0.550859
657.409 0.550555
657.658 0.55025
657.908 0.549946
658.157 0.549641
658.406 0.549337
658.656 0.549033
658.905 0.548729
659.154 0.548425
659.404 0.548122
659.653 0.547818
659.902 0.547514
660.151 0.547211
660.401 0.546908
660.65 0.546604
660.899 0.546301
661.149 0.545998
661.398 0.545695
661.647 0.545392
661.897 0.54509
662.146 0.544787
662.395 0.544485
662.645 0.544182
662.894 0.54388
663.143 0.543578
663.392 0.543275
663.642 0.542973
663.891 0.542672
664.14 0.54237
664.39 0.542068
664.639 0.541766
664.888 0.541465
665.138 0.541164
665.387 0.540862
665.636 0.540561
665.886 0.54026
666.135 0.539959
666.384 0.539658
666.634 0.539358
666.883 0.539057
667.132 0.538757
667.381 0.538456
667.631 0.538156
667.88 0.537856
668.129 0.537556
668.379 0.537256
668.628 0.536956
668.877 0.536656
669.127 0.536357
669.376 0.536057
669.625 0.535758
669.874 0.535458
670.124 0.535159
670.373 0.53486
670.622 0.534561
670.872 0.534262
671.121 0.533964
671.37 0.533665
671.62 0.533367
671.869 0.533068
672.118 0.53277
672.367 0.532472
672.617 0.532174
672.866 0.531876
673.115 0.531578
673.365 0.531281
673.614 0.530983
673.863 0.530686
674.113 0.530388
674.362 0.530091
674.611 0.529794
674.86 0.529497
675.11 0.5292
675.359 0.528903
675.608 0.528607
675.858 0.52831
676.107 0.528014
676.356 0.527718
676.606 0.527422
676.855 0.527126
677.104 0.52683
677.353 0.526534
677.603 0.526238
677.852 0.525943
678.101 0.525647
678.351 0.525352
678.6 0.525057
678.849 0.524762
679.098 0.524467
679.348 0.524172
679.597 0.523878
679.846 0.523583
680.096 0.523289
680.345 0.522994
680.594 0.5227
680.843 0.522406
681.093 0.522112
681.342 0.521818
681.591 0.521525
681.841 0.521231
682.09 0.520938
682.339 0.520644
682.588 0.520351
682.838 0.520058
683.087 0.519765
683.336 0.519472
683.586 0.519179
683.835 0.518887
684.084 0.518594
684.333 0.518302
684.583 0.51801
684.832 0.517718
685.081 0.517426
685.33 0.517134
685.58 0.516842
685.829 0.516551
686.078 0.51626
686.328 0.515968
686.577 0.515677
686.826 0.515386
687.075 0.515095
687.325 0.514804
687.574 0.514514
687.823 0.514223
688.072 0.513933
688.322 0.513642
688.571 0.513352
688.82 0.513062
689.07 0.512772
689.319 0.512483
689.568 0.512193
689.817 0.511904
690.067 0.511614
690.316 0.511325
690.565 0.511036
690.814 0.510747
691.064 0.510458
691.313 0.510169
691.562 0.509881
691.811 0.509592
692.061 0.509304
692.31 0.509016
692.559 0.508728
692.808 0.50844
693.058 0.508152
693.307 0.507865
693.556 0.507577
693.805 0.50729
694.055 0.507002
694.304 0.506715
694.553 0.506428
694.802 0.506141
695.052 0.505855
695.301 0.505568
695.55 0.505282
695.799 0.504995
696.049 0.504709
696.298 0.504423
696.547 0.504137
696.796 0.503852
697.046 0.503566
697.295 0.50328
697.544 0.502995
697.793 0.50271
698.043 0.502425
698.292 0.50214
698.541 0.501855
698.79 0.50157
699.04 0.501286
699.289 0.501001
699.538 0.500717
699.787 0.500433
700.037 0.500149
700.286 0.499865
700.535 0.499581
700.784 0.499298
701.033 0.499014
701.283 0.498731
701.532 0.498448
701.781 0.498165
702.03 0.497882
702.28 0.497599
702.529 0.497316
702.778 0.497034
703.027 0.496751
703.276 0.496469
703.526 0.496187
703.775 0.495905
704.024 0.495623
704.273 0.495342
704.523 0.49506
704.772 0.494779
705.021 0.494498
705.27 0.494217
705.519 0.493936
705.769 0.493655
706.018 0.493374
706.267 0.493094
706.516 0.492813
706.765 0.492533
707.015 0.492253
707.264 0.491973
707.513 0.491693
707.762 0.491413
708.011 0.491134
708.261 0.490854
708.51 0.490575
708.759 0.490296
709.008 0.490017
709.258 0.489738
709.507 0.489459
709.756 0.489181
710.005 0.488902
710.254 0.488624
710.503 0.488346
710.753 0.488068
711.002 0.48779
711.251 0.487512
711.5 0.487235
711.749 0.486957
711.999 0.48668
712.248 0.486403
712.497 0.486126
712.746 0.485849
712.995 0.485572
713.245 0.485296
713.494 0.485019
713.743 0.484743
713.992 0.484467
714.241 0.484191
714.49 0.483915
714.74 0.483639
714.989 0.483363
715.238 0.483088
715.487 0.482813
715.736 0.482538
715.986 0.482263
716.235 0.481988
716.484 0.481713
716.733 0.481438
716.982 0.481164
717.231 0.48089
717.481 0.480616
717.73 0.480342
717.979 0.480068
718.228 0.479794
718.477 0.47952
718.726 0.479247
718.975 0.478974
719.225 0.478701
719.474 0.478428
719.723 0.478155
719.972 0.477882
720.221 0.47761
720.47 0.477337
720.72 0.477065
720.969 0.476793
721.218 0.476521
721.467 0.476249
721.716 0.475977
721.965 0.475706
722.214 0.475434
722.464 0.475163
722.713 0.474892
722.962 0.474621
723.211 0.47435
723.46 0.47408
723.709 0.473809
723.958 0.473539
724.208 0.473269
724.457 0.472998
724.706 0.472729
724.955 0.472459
725.204 0.472189
725.453 0.47192
725.702 0.47165
725.951 0.471381
726.201 0.471112
726.45 0.470843
726.699 0.470574
726.948 0.470306
727.197 0.470037
727.446 0.469769
727.695 0.469501
727.944 0.469233
728.193 0.468965
728.443 0.468697
728.692 0.46843
728.941 0.468162
729.19 0.467895
729.439 0.467628
729.688 0.467361
729.937 0.467094
730.186 0.466827
730.435 0.466561
730.685 0.466294
730.934 0.466028
731.183 0.465762
731.432 0.465496
731.681 0.46523
731.93 0.464965
732.179 0.464699
732.428 0.464434
732.677 0.464169
732.926 0.463904
733.175 0.463639
733.425 0.463374
733.674 0.463109
733.923 0.462845
734.172 0.46258
734.421 0.462316
734.67 0.462052
734.919 0.461788
735.168 0.461525
735.417 0.461261
735.666 0.460998
735.915 0.460734
736.164 0.460471
736.413 0.460208
736.662 0.459945
736.912 0.459683
737.161 0.45942
737.41 0.459158
737.659 0.458896
737.908 0.458633
738.157 0.458371
738.406 0.45811
738.655 0.457848
738.904 0.457587
739.153 0.457325
739.402 0.457064
739.651 0.456803
739.9 0.456542
740.149 0.456281
740.398 0.456021
740.647 0.45576
740.896 0.4555
741.145 0.45524
741.394 0.45498
741.643 0.45472
741.893 0.45446
742.142 0.454201
742.391 0.453941
742.64 0.453682
742.889 0.453423
743.138 0.453164
743.387 0.452905
743.636 0.452646
743.885 0.452388
744.134 0.45213
744.383 0.451871
744.632 0.451613
744.881 0.451355
745.13 0.451098
745.379 0.45084
745.628 0.450583
745.877 0.450325
746.126 0.450068
746.375 0.449811
746.624 0.449554
746.873 0.449297
747.122 0.449041
747.371 0.448784
747.62 0.448528
747.869 0.448272
748.118 0.448016
748.367 0.44776
748.616 0.447505
748.865 0.447249
749.114 0.446994
749.363 0.446739
749.612 0.446483
749.861 0.446229
750.11 0.445974
750.359 0.445719
750.608 0.445465
750.857 0.44521
751.106 0.444956
751.355 0.444702
751.604 0.444448
751.853 0.444195
752.102 0.443941
752.351 0.443688
752.599 0.443434
752.848 0.443181
753.097 0.442928
753.346 0.442675
753.595 0.442423
753.844 0.44217
754.093 0.441918
754.342 0.441666
754.591 0.441414
754.84 0.441162
755.089 0.44091
755.338 0.440658
755.587 0.440407
755.836 0.440156
756.085 0.439904
756.334 0.439653
756.583 0.439402
756.832 0.439152
757.081 0.438901
757.329 0.438651
757.578 0.438401
757.827 0.43815
758.076 0.4379
758.325 0.437651
758.574 0.437401
758.823 0.437151
759.072 0.436902
759.321 0.436653
759.57 0.436404
759.819 0.436155
760.068 0.435906
760.317 0.435657
760.565 0.435409
760.814 0.435161
761.063 0.434912
761.312 0.434664
761.561 0.434417
761.81 0.434169
762.059 0.433921
762.308 0.433674
762.557 0.433427
762.806 0.43318
763.054 0.432933
763.303 0.432686
763.552 0.432439
763.801 0.432193
764.05 0.431946
764.299 0.4317
764.548 0.431454
764.797 0.431208
765.045 0.430962
765.294 0.430717
765.543 0.430471
765.792 0.430226
766.041 0.429981
766.29 0.429736
766.539 0.429491
766.787 0.429246
767.036 0.429001
767.285 0.428757
767.534 0.428513
767.783 0.428269
768.032 0.428025
768.281 0.427781
768.529 0.427537
768.778 0.427294
769.027 0.42705
769.276 0.426807
769.525 0.426564
769.774 0.426321
770.022 0.426078
770.271 0.425836
770.52 0.425593
770.769 0.425351
771.018 0.425109
771.267 0.424867
771.515 0.424625
771.764 0.424383
772.013 0.424141
772.262 0.4239
772.511 0.423659
772.76 0.423417
773.008 0.423177
773.257 0.422936
773.506 0.422695
773.755 0.422454
774.004 0.422214
774.252 0.421974
774.501 0.421734
774.75 0.421494
774.999 0.421254
775.248 0.421014
775.496 0.420775
775.745 0.420535
775.994 0.420296
776.243 0.420057
776.491 0.419818
776.74 0.41958
776.989 0.419341
777.238 0.419103
777.487 0.418864
777.735 0.418626
777.984 0.418388
778.233 0.41815
778.482 0.417912
778.73 0.417675
778.979 0.417438
779.228 0.4172
779.477 0.416963
779.725 0.416726
779.974 0.416489
780.223 0.416253
780.472 0.416016
780.72 0.41578
780.969 0.415544
781.218 0.415307
781.467 0.415072
781.715 0.414836
781.964 0.4146
782.213 0.414365
782.462 0.414129
782.71 0.413894
782.959 0.413659
783.208 0.413424
783.456 0.413189
783.705 0.412955
783.954 0.41272
784.203 0.412486
784.451 0.412252
784.7 0.412018
784.949 0.411784
785.197 0.41155
785.446 0.411317
785.695 0.411083
785.944 0.41085
786.192 0.410617
786.441 0.410384
786.69 0.410151
786.938 0.409919
787.187 0.409686
787.436 0.409454
787.684 0.409221
787.933 0.408989
788.182 0.408757
788.43 0.408526
788.679 0.408294
788.928 0.408062
789.176 0.407831
789.425 0.4076
789.674 0.407369
789.922 0.407138
790.171 0.406907
790.42 0.406677
790.668 0.406446
790.917 0.406216
791.166 0.405986
791.414 0.405756
791.663 0.405526
791.912 0.405296
792.16 0.405066
792.409 0.404837
792.658 0.404608
792.906 0.404378
793.155 0.404149
793.403 0.403921
793.652 0.403692
793.901 0.403463
794.149 0.403235
794.398 0.403007
794.647 0.402778
794.895 0.40255
795.144 0.402323
795.392 0.402095
795.641 0.401867
795.89 0.40164
796.138 0.401413
796.387 0.401186
796.635 0.400959
796.884 0.400732
797.133 0.400505
797.381 0.400279
797.63 0.400052
797.878 0.399826
798.127 0.3996
798.375 0.399374
798.624 0.399148
798.873 0.398923
799.121 0.398697
799.37 0.398472
799.618 0.398247
799.867 0.398022
800.115 0.397797
800.364 0.397572
800.613 0.397347
800.861 0.397123
801.11 0.396898
801.358 0.396674
801.607 0.39645
801.855 0.396226
802.104 0.396002
802.352 0.395779
802.601 0.395555
802.849 0.395332
803.098 0.395109
803.347 0.394886
803.595 0.394663
803.844 0.39444
804.092 0.394218
804.341 0.393995
804.589 0.393773
804.838 0.393551
