296.686 -0
296.931 -0
297.176 -0
297.421 -0
297.666 -0
297.911 -0
298.157 -0
298.402 -0
298.647 -0
298.892 -0
299.137 -0
299.382 -0
299.627 -0
299.872 -0
300.118 -0
300.363 -0
300.608 -0
300.853 -0
301.098 -0
301.343 -0
301.589 -0
301.834 -0
302.079 -0
302.324 -0
302.569 -0
302.814 -0
303.06 -0
303.305 -0
303.55 -0
303.795 -0
304.041 -0
304.286 -0
304.531 -0
304.776 -0
305.022 -0
305.267 -0
305.512 -0
305.757 -0
306.003 -0
306.248 -0
306.493 -0
306.739 -0
306.984 -0
307.229 -0
307.475 -0
307.72 -0
307.965 -0
308.21 -0
308.456 -0
308.701 -0
308.947 -0
309.192 -0
309.437 -0
309.683 -0
309.928 -0
310.173 -0
310.419 -0
310.664 -0
310.91 -0
311.155 -0
311.4 -0
311.646 -0
311.891 -0
312.137 -0
312.382 -0
312.627 -0
312.873 -0
313.118 -0
313.364 -0
313.609 -0
313.855 -0
314.1 0
314.346 0
314.591 0
314.837 0
315.082 0
315.328 0
315.573 0
315.819 0
316.064 0
316.31 0
316.555 0
316.801 0
317.046 0
317.292 0
317.537 0
317.783 0
318.028 0
318.274 0
318.52 0
318.765 0
319.011 0
319.256 0
319.502 0
319.748 0
319.993 0
320.239 0
320.484 0
320.73 0
320.976 0
321.221 0
321.467 0
321.712 0
321.958 0
322.204 0
322.449 0
322.695 0
322.941 0
323.186 0
323.432 0
323.678 0
323.924 0
324.169 0
324.415 0
324.661 0
324.906 0
325.152 0
325.398 0
325.644 0
325.889 0
326.135 0
326.381 0
326.626 0
326.872 0
327.118 0
327.364 0
327.61 0
327.855 0
328.101 0
328.347 0
328.593 0
328.838 0
329.084 0
329.33 0
329.576 0
329.822 0
330.068 0
330.313 0
330.559 0
330.805 0
331.051 0
331.297 0
331.543 0
331.788 0
332.034 0
332.28 0
332.526 0
332.772 0
333.018 0
333.264 0
333.51 0
333.756 0
334.001 0
334.247 0
334.493 0
334.739 0
334.985 0
335.231 0
335.477 0
335.723 0
335.969 0
336.215 0
336.461 0
336.707 0
336.953 0
337.199 0
337.445 0
337.691 0
337.937 0
338.183 0
338.429 0
338.675 0
338.921 0
339.167 0
339.413 0
339.659 0
339.905 0
340.151 0
340.397 0
340.643 0
340.889 0
341.135 0
341.381 0
341.627 0
341.873 0
342.119 0
342.366 0
342.612 0
342.858 0
343.104 0
343.35 0
343.596 0
343.842 0
344.088 0
344.334 0
344.581 0
344.827 0
345.073 0
345.319 0
345.565 0
345.811 0
346.058 0
346.304 0
346.55 0
346.796 0
347.042 0
347.288 0
347.535 0
347.781 0
348.027 0
348.273 0
348.519 0
348.766 0
349.012 0
349.258 0
349.504 0
349.751 0
349.997 0
350.243 0
350.489 0
350.736 0
350.982 0
351.228 0
351.474 0
351.721 0
351.967 0
352.213 0
352.46 0
352.706 0
352.952 0
353.199 0
353.445 0
353.691 0
353.937 0
354.184 0
354.43 0
354.676 0
354.923 0
355.169 0
355.416 0
355.662 0
355.908 0
356.155 0
356.401 0
356.647 0
356.894 0
357.14 0
357.387 0
357.633 0
357.879 0
358.126 0
358.372 0
358.619 0
358.865 0
359.111 0
359.358 0
359.604 0
359.851 0
360.097 0
360.344 0
360.59 0
360.837 0
361.083 0
361.33 0
361.576 0
361.823 0
362.069 0
362.316 0
362.562 0
362.809 0
363.055 0
363.302 0
363.548 0
363.795 0
364.041 0
364.288 0
364.534 0
364.781 0
365.027 0
365.274 0
365.52 0
365.767 0
366.013 0
366.26 0
366.507 0
366.753 0
367 0
367.246 0
367.493 0
367.74 0
367.986 0
368.233 0
368.479 0
368.726 0
368.973 0
369.219 0
369.466 0
369.713 0
369.959 0
370.206 0
370.452 0
370.699 0
370.946 0
371.192 0
371.439 0
371.686 0
371.932 0
372.179 0
372.426 0
372.673 0
372.919 0
373.166 0
373.413 0
373.659 0
373.906 0
374.153 0
374.399 0
374.646 0
374.893 0
375.14 0
375.386 0
375.633 0
375.88 0
376.127 0
376.373 0
376.62 0
376.867 0
377.114 0
377.361 0
377.607 0
377.854 0
378.101 0
378.348 0
378.595 0
378.841 0
379.088 0
379.335 0
379.582 0
379.829 0
380.075 0
380.322 0
380.569 0
380.816 0
381.063 0
381.31 0
381.557 0
381.803 0
382.05 0
382.297 0
382.544 0
382.791 0
383.038 0
383.285 0
383.532 0
383.778 0
384.025 0
384.272 0
384.519 0
384.766 0
385.013 0
385.26 0
385.507 0
385.754 0
386.001 0
386.248 0
386.495 0
386.742 0
386.989 0
387.235 0
387.482 0
387.729 0
387.976 0
388.223 0
388.47 0
388.717 0
388.964 0
389.211 0
389.458 0
389.705 0
389.952 0
390.199 0
390.446 0
390.693 0
390.94 0
391.187 0
391.434 0
391.682 0
391.929 0
392.176 0
392.423 0
392.67 0
392.917 0
393.164 0
393.411 0
393.658 0
393.905 0
394.152 0
394.399 0
394.646 0
394.893 0
395.141 0
395.388 0
395.635 0
395.882 0
396.129 0
396.376 0
396.623 0
396.87 0
397.117 0
397.365 0
397.612 0
397.859 0
398.106 0
398.353 0
398.6 0
398.848 0
399.095 0
399.342 0
399.589 0
399.836 0
400.083 0
400.331 0
400.578 0
400.825 0
401.072 0
401.319 0
401.567 0
401.814 0
402.061 0
402.308 0
402.555 0
402.803 0
403.05 0
403.297 0
403.544 0
403.792 0
404.039 0
404.286 0
404.533 0
404.781 0
405.028 0
405.275 0
405.523 0
405.77 0
406.017 0
406.264 0
406.512 0
406.759 0
407.006 0
407.254 0
407.501 0
407.748 0
407.995 0
408.243 0
408.49 0
408.737 0
408.985 0
409.232 0
409.479 0
409.727 0
409.974 0
410.222 0
410.469 0
410.716 0
410.964 0
411.211 0
411.458 0
411.706 0
411.953 0
412.201 0
412.448 0
412.695 0
412.943 0
413.19 0
413.437 0
413.685 0
413.932 0
414.18 0
414.427 0
414.675 0
414.922 0
415.169 0
415.417 0
415.664 0
415.912 0
416.159 0
416.407 0
416.654 0
416.902 0
417.149 0
417.397 0
417.644 0
417.891 0
418.139 0
418.386 0
418.634 0
418.881 0
419.129 0
419.376 0
419.624 0
419.871 0
420.119 0
420.366 0
420.614 0
420.862 0
421.109 0
421.357 0
421.604 0
421.852 0
422.099 0
422.347 0
422.594 0
422.842 0
423.089 0
423.337 0
423.585 0
423.832 0
424.08 0
424.327 0
424.575 0
424.822 0
425.07 0
425.318 0
425.565 0
425.813 0
426.06 0
426.308 0
426.556 0
426.803 0
427.051 0
427.298 0
427.546 0
427.794 0
428.041 0
428.289 0
428.537 0
428.784 0
429.032 0
429.28 0
429.527 0
429.775 0
430.023 0
430.27 0
430.518 0
430.766 0
431.013 0
431.261 0
431.509 0
431.756 0
432.004 0
432.252 0
432.499 0
432.747 0
432.995 0
433.243 0
433.49 0
433.738 0
433.986 0
434.233 0
434.481 0
434.729 0
434.977 0
435.224 0
435.472 0
435.72 0
435.968 0
436.215 0
436.463 0
436.711 0
436.959 0
437.206 0
437.454 0
437.702 0
437.95 0
438.198 0
438.445 0
438.693 0
438.941 0
439.189 0
439.436 0
439.684 0
439.932 0
440.18 0
440.428 0
440.676 0
440.923 0
441.171 0
441.419 0
441.667 0
441.915 0
442.163 0
442.41 0
442.658 0
442.906 0
443.154 0
443.402 0
443.65 0
443.898 0
444.145 0
444.393 0
444.641 0
444.889 0
445.137 0
445.385 0
445.633 0
445.881 0
446.128 0
446.376 0
446.624 0
446.872 0
447.12 0
447.368 0
447.616 0
447.864 0
448.112 0
448.36 0
448.608 0
448.856 0
449.104 0
449.351 0
449.599 0
449.847 0
450.095 0
450.343 0
450.591 0
450.839 0
451.087 0
451.335 0
451.583 0
451.831 0
452.079 0
452.327 0
452.575 0
452.823 0
453.071 0
453.319 0
453.567 0
453.815 0
454.063 0
454.311 0
454.559 0
454.807 0
455.055 0
455.303 0
455.551 0
455.799 0
456.047 0
456.295 0
456.543 0
456.791 0
457.039 0
457.287 0
457.535 0
457.783 0
458.031 0
458.28 0
458.528 0
458.776 0
459.024 0
459.272 0
459.52 0
459.768 0
460.016 0
460.264 0
460.512 0
460.76 0
461.008 0
461.257 0
461.505 0
461.753 0
462.001 0
462.249 0
462.497 0
462.745 0
462.993 0
463.241 0
463.49 0
463.738 0
463.986 0
464.234 0
464.482 0
464.73 0
464.978 0
465.227 0
465.475 0
465.723 0
465.971 0
466.219 0
466.467 0
466.715 0
466.964 0
467.212 0
467.46 0
467.708 0
467.956 0
468.205 0
468.453 0
468.701 0
468.949 0
469.197 0
469.446 0
469.694 0
469.942 0
470.19 0
470.438 0
470.687 0
470.935 0
471.183 0
471.431 0
471.679 0
471.928 0
472.176 0
472.424 0
472.672 0
472.921 0
473.169 0
473.417 0
473.665 0
473.914 0
474.162 0
474.41 0
474.658 0
474.907 0
475.155 0
475.403 0
475.652 0
475.9 0
476.148 0
476.396 0
476.645 0
476.893 0
477.141 0
477.39 0
477.638 0
477.886 0
478.134 0
478.383 0
478.631 0
478.879 0
479.128 0
479.376 0
479.624 0
479.873 0
480.121 0
480.369 0
480.618 0
480.866 0
481.114 0
481.363 0
481.611 0
481.859 0
482.108 0
482.356 0
482.604 0
482.853 0
483.101 0
483.35 0
483.598 0
483.846 0
484.095 0
484.343 0
484.591 0
484.84 0
485.088 0
485.337 0
485.585 0
485.833 0
486.082 0
486.33 0
486.579 0
486.827 0
487.075 0
487.324 0
487.572 0
487.821 0
488.069 0
488.318 0
488.566 0
488.814 0
489.063 0
489.311 0
489.56 0
489.808 0
490.057 0
490.305 0
490.553 0
490.802 0
491.05 0
491.299 0
491.547 0
491.796 0
492.044 0
492.293 0
492.541 0
492.79 0
493.038 0
493.287 0
493.535 0
493.783 0
494.032 0
494.28 0
494.529 0
494.777 0
495.026 0
495.274 0
495.523 0
495.771 0
496.02 0
496.268 0
496.517 0
496.765 0
497.014 0
497.262 0
497.511 0
497.76 0
498.008 0
498.257 0
498.505 0
498.754 0
499.002 0
499.251 0
499.499 0
499.748 0
499.996 0
500.245 0
500.493 0
500.742 0
500.991 0
501.239 0
501.488 0
501.736 0
501.985 0
502.233 0
502.482 0
502.731 0
502.979 0
503.228 0
503.476 0
503.725 0
503.973 0
504.222 0
504.471 0
504.719 0
504.968 0
505.216 0
505.465 0
505.714 0
505.962 0
506.211 0
506.459 0
506.708 0
506.957 0
507.205 0
507.454 0
507.703 0
507.951 0
508.2 0
508.448 0
508.697 0
508.946 0
509.194 0
509.443 0
509.692 0
509.94 0
510.189 0
510.438 0
510.686 0
510.935 0
511.183 0
511.432 0
511.681 0
511.929 0
512.178 0
512.427 0
512.675 0
512.924 0
513.173 0
513.421 0
513.67 0
513.919 0
514.168 0
514.416 0
514.665 0
514.914 0
515.162 0
515.411 0
515.66 0
515.908 0
516.157 0
516.406 0
516.655 0
516.903 0
517.152 0
517.401 0
517.649 0
517.898 0
518.147 0
518.396 0
518.644 0
518.893 0
519.142 0
519.39 0
519.639 0
519.888 0
520.137 0
520.385 0
520.634 0
520.883 0
521.132 0
521.38 0
521.629 0
521.878 0
522.127 0
522.375 0
522.624 0
522.873 0
523.122 0
523.37 0
523.619 0
523.868 0
524.117 0
524.366 0
524.614 0
524.863 0
525.112 0
525.361 0
525.609 0
525.858 0
526.107 0
526.356 0
526.605 0
526.853 0
527.102 0
527.351 0
527.6 0
527.849 0
528.097 0
528.346 0
528.595 0
528.844 0
529.093 0
529.341 0
529.59 0
529.839 0
530.088 0
530.337 0
530.586 0
530.834 0
531.083 0
531.332 0
531.581 0
531.83 0
532.079 0
532.327 0
532.576 0
532.825 0
533.074 0
533.323 0
533.572 0
533.821 0
534.069 0
534.318 0
534.567 0
534.816 0
535.065 0
535.314 0
535.563 0
535.811 0
536.06 0
536.309 0
536.558 0
536.807 0
537.056 0
537.305 0
537.554 0
537.802 0
538.051 0
538.3 0
538.549 0
538.798 0
539.047 0
539.296 0
539.545 0
539.794 0
540.042 0
540.291 0
540.54 0
540.789 0
541.038 0
541.287 0
541.536 0
541.785 0
542.034 0
542.283 0
542.532 0
542.781 0
543.029 0
543.278 0
543.527 0
543.776 0
544.025 0
544.274 0
544.523 0
544.772 0
545.021 0
545.27 0
545.519 0
545.768 0
546.017 0
546.266 0
546.515 0
546.763 0
547.012 0
547.261 0
547.51 0
547.759 0
548.008 0
548.257 0
548.506 0
548.755 0
549.004 0
549.253 0
549.502 0
549.751 0
550 0
550.249 0
550.498 0
550.747 0
550.996 0
551.245 0
551.494 0
551.743 0
551.992 0
552.241 0
552.49 0
552.739 0
552.988 0
553.237 0
553.486 0
553.735 0
553.984 0
554.233 0
554.482 0
554.731 0
554.98 0
555.229 0
555.478 0
555.727 0
555.976 0
556.225 0
556.474 0
556.723 0
556.972 0
557.221 0
557.47 0
557.719 0
557.968 0
558.217 0
558.466 0
558.715 0
558.964 0
559.213 0
559.462 0
559.711 0
559.96 0
560.209 0
560.458 0
560.707 0
560.956 0
561.205 0
561.454 0
561.704 0
561.953 0
562.202 0
562.451 0
562.7 0
562.949 0
563.198 0
563.447 0
563.696 0
563.945 0
564.194 0
564.443 0
564.692 0
564.941 0
565.19 0
565.439 0
565.689 0
565.938 0
566.187 0
566.436 0
566.685 0
566.934 0
567.183 0
567.432 0
567.681 0
567.93 0
568.179 0
568.428 0
568.677 0
568.927 0
569.176 0
569.425 0
569.674 0
569.923 0
570.172 0
570.421 0
570.67 0
570.919 0
571.168 0
571.418 0
571.667 0
571.916 0
572.165 0
572.414 0
572.663 0
572.912 0
573.161 0
573.41 0
573.66 0
573.909 0
574.158 0
574.407 0
574.656 0
574.905 0
575.154 0
575.403 0
575.652 0
575.902 0
576.151 0
576.4 0
576.649 6.52311e-308
576.898 2.07002e-290
577.147 2.01109e-273
577.396 5.98128e-257
577.646 5.4455e-241
577.895 1.51752e-225
578.144 1.29436e-210
578.393 3.3789e-196
578.642 2.69938e-182
578.891 6.59928e-169
579.14 4.9368e-156
579.39 1.13001e-143
579.639 7.91373e-132
579.888 1.69557e-120
580.137 1.11136e-109
580.386 2.22832e-99
580.635 1.36664e-89
580.884 2.56364e-80
581.134 1.47083e-71
581.383 2.58071e-63
581.632 1.38473e-55
581.881 2.27202e-48
582.13 1.13986e-41
582.379 1.74849e-35
582.628 8.20001e-30
582.878 1.17566e-24
583.127 5.15276e-20
583.376 6.90337e-16
583.625 2.82696e-12
583.874 3.53827e-09
584.123 1.35347e-06
584.373 0.000158221
584.622 0.0056522
584.871 0.061699
585.12 0.205789
585.369 0.209713
585.618 0.0652919
585.868 0.00621014
586.117 0.000180437
586.366 1.60142e-06
586.615 4.34341e-09
586.864 2.11493e-09
587.114 6.39357e-07
587.363 5.91503e-05
587.612 0.00167176
587.861 0.0144333
588.11 0.0380638
588.359 0.030661
588.609 0.0075433
588.858 0.000566781
589.107 1.30053e-05
589.356 9.1129e-08
589.605 1.94982e-10
589.855 1.27383e-13
590.104 2.54088e-17
590.353 1.54735e-21
590.602 2.87671e-26
590.851 1.63262e-31
591.101 2.82834e-37
591.35 8.74571e-43
591.599 1.20491e-36
591.848 6.11659e-31
592.097 9.48377e-26
592.347 4.49103e-21
592.596 6.49501e-17
592.845 2.86852e-13
593.094 3.86863e-10
593.343 1.59313e-07
593.593 2.00317e-05
593.842 0.000769013
594.091 0.00901305
594.34 0.0322485
594.589 0.0352228
594.839 0.0117433
595.088 0.00119505
595.337 3.7118e-05
595.586 3.51856e-07
595.835 1.0179e-09
596.085 1.4504e-11
596.334 8.18842e-09
596.583 1.50434e-06
596.832 8.43576e-05
597.082 0.00144382
597.331 0.00754201
597.58 0.0120233
597.829 0.00584928
598.078 0.000868352
598.328 3.93353e-05
598.577 5.43675e-07
598.826 2.29268e-09
599.075 2.94965e-12
599.325 1.15771e-15
599.574 1.38614e-19
599.823 5.06256e-24
600.072 5.63983e-29
600.321 3.30207e-32
600.571 6.28379e-27
600.82 3.67066e-22
601.069 6.54338e-18
601.318 3.55937e-14
601.568 5.9079e-11
601.817 2.992e-08
602.066 4.62309e-06
602.315 0.000217935
602.565 0.00313415
602.814 0.0137496
603.063 0.0183998
603.312 0.00751048
603.562 0.000935046
603.811 3.55047e-05
604.06 4.11153e-07
604.309 1.45199e-09
604.558 1.56367e-12
604.808 5.13484e-16
605.057 5.14152e-20
605.306 3.32383e-20
605.555 4.63122e-16
605.805 1.96841e-12
606.054 2.55187e-09
606.303 1.00902e-06
606.552 0.000121681
606.802 0.00447504
607.051 0.0501888
607.3 0.171644
607.549 0.178996
607.799 0.0569148
608.048 0.00551767
608.297 0.000163088
608.546 2.54944e-06
608.796 9.75591e-05
609.045 0.00268708
609.294 0.0225665
609.544 0.0577802
609.793 0.0451029
610.042 0.0107329
610.291 0.000778575
610.541 1.72159e-05
610.79 1.16034e-07
611.039 2.38365e-10
611.288 1.49241e-13
611.538 2.8477e-17
611.787 1.65594e-21
612.036 3.76716e-23
612.285 1.03845e-18
612.535 8.73389e-15
612.784 2.23937e-11
613.033 1.75033e-08
613.282 4.17028e-06
613.532 0.000302861
613.781 0.006704
614.03 0.0452289
614.28 0.0929969
614.529 0.0582735
614.778 0.0111277
615.027 0.000647513
615.277 1.21361e-05
615.526 6.3092e-05
615.775 0.00184827
616.024 0.0165163
616.274 0.0449749
616.523 0.0373178
616.772 0.0094348
617.022 0.000726773
617.271 1.70567e-05
617.52 1.21955e-07
617.769 2.65641e-10
618.019 1.76263e-13
618.268 3.5627e-17
618.517 2.19345e-21
618.767 4.11329e-26
619.016 2.40758e-31
619.265 1.32795e-27
619.514 9.22443e-23
619.764 1.95249e-18
620.013 1.25925e-14
620.262 2.47448e-11
620.512 1.48146e-08
620.761 2.70213e-06
621.01 0.000150147
621.259 0.00254157
621.509 0.0131051
621.758 0.0205834
622.007 0.00984708
622.257 0.00143482
622.506 6.36741e-05
622.755 8.60576e-07
623.004 3.54206e-09
623.254 4.43961e-12
623.503 1.69448e-15
623.752 1.96931e-19
624.002 6.96876e-24
624.251 1.01044e-25
624.5 5.17423e-21
624.749 8.07683e-17
624.999 3.84021e-13
625.248 5.5612e-10
625.497 2.45281e-07
625.747 3.29474e-05
625.996 0.00134779
626.245 0.01679
626.495 0.063692
626.744 0.0735714
626.993 0.0258764
627.242 0.0027711
627.492 9.03511e-05
627.741 8.96876e-07
627.99 2.71038e-09
628.24 2.49349e-12
628.489 6.98777e-16
628.738 3.41603e-15
628.987 7.60734e-12
629.237 5.15861e-09
629.486 1.06511e-06
629.735 6.69578e-05
629.985 0.00128155
630.234 0.00746755
630.483 0.0132469
630.733 0.00715355
630.982 0.00117594
631.231 5.88425e-05
631.481 8.96225e-07
631.73 4.15481e-09
631.979 6.97879e-11
632.228 3.79981e-08
632.478 6.87593e-06
632.727 0.000378761
632.976 0.00635105
633.226 0.0324158
633.475 0.0503594
633.724 0.0238122
633.974 0.00342688
634.223 0.000150093
634.472 2.00062e-06
634.721 8.1152e-09
634.971 1.00172e-11
635.22 3.76258e-15
635.469 4.30035e-19
635.719 1.4955e-23
635.968 2.61347e-24
636.217 9.75865e-20
636.467 1.10919e-15
636.716 3.83729e-12
636.965 4.04042e-09
637.215 1.29478e-06
637.464 0.000126275
637.713 0.00374778
637.962 0.0338493
638.212 0.0930307
638.461 0.0778017
638.71 0.019798
638.96 0.00153291
639.209 4.43275e-05
639.458 0.000577502
639.708 0.012339
639.957 0.0802551
640.206 0.158824
640.456 0.095631
640.705 0.0175187
640.954 0.00097636
641.204 1.65542e-05
641.453 8.53848e-08
641.702 1.33971e-10
641.951 6.39419e-14
642.201 9.28299e-18
642.45 4.09923e-22
642.699 5.50572e-27
642.949 2.24909e-32
643.198 2.79427e-38
643.447 1.0558e-44
643.697 1.21319e-51
643.946 4.23936e-59
644.195 4.50483e-67
644.445 1.45562e-75
644.694 1.4302e-84
644.943 4.27274e-94
645.193 3.88119e-104
645.442 2.23066e-114
645.691 4.05009e-104
645.941 4.30777e-94
646.19 1.39424e-84
646.439 1.37311e-75
646.688 4.11473e-67
646.938 3.7517e-59
647.187 1.04077e-51
647.436 8.78414e-45
647.686 2.25555e-38
647.935 1.76197e-32
648.184 4.18717e-27
648.434 3.02696e-22
648.683 6.6564e-18
648.932 4.45252e-14
649.182 9.05922e-11
649.431 5.60635e-08
649.68 1.05526e-05
649.93 0.000604107
650.179 0.0105179
650.428 0.0556919
650.677 0.0896783
650.927 0.0439138
651.176 0.00653914
651.425 0.000296095
651.675 4.07678e-06
651.924 1.76571e-08
652.173 2.19119e-07
652.423 2.47546e-05
652.672 0.000850538
652.921 0.00888664
653.171 0.028234
653.42 0.0272764
653.669 0.00801247
653.919 0.000715644
654.168 1.94341e-05
654.417 1.60457e-07
654.667 4.02775e-10
654.916 3.07373e-13
655.165 7.13104e-17
655.414 5.02936e-21
655.664 1.07828e-25
655.913 7.0274e-31
656.162 1.39217e-36
656.412 8.38319e-43
656.661 2.12329e-45
656.91 5.96545e-39
657.16 5.09713e-33
657.409 1.32438e-27
657.658 1.04638e-22
657.908 2.51387e-18
658.157 1.83637e-14
658.406 4.07877e-11
658.656 2.75446e-08
658.905 5.65547e-06
659.154 0.000353032
659.404 0.00669977
659.653 0.0386539
659.902 0.0677956
660.151 0.036147
660.401 0.0058586
660.65 0.000288638
660.899 4.32253e-06
661.149 1.9676e-08
661.398 2.7223e-11
661.647 1.14479e-14
661.897 1.46316e-18
662.146 5.68358e-23
662.395 6.70977e-28
662.645 2.40733e-33
662.894 2.62478e-39
663.143 8.69698e-46
663.392 8.75693e-53
663.642 2.67936e-60
663.891 2.28997e-66
664.14 1.82832e-58
664.39 4.48694e-51
664.639 3.3478e-44
664.888 7.59397e-38
665.138 5.23681e-32
665.387 1.09785e-26
665.636 6.9965e-22
665.886 1.35542e-17
666.135 7.98193e-14
666.384 1.4288e-10
666.634 7.77417e-08
666.883 1.28571e-05
667.132 0.000646293
667.381 0.00987414
667.631 0.0458503
667.88 0.0647065
668.129 0.0277526
668.379 0.00361744
668.628 0.000143294
668.877 1.72493e-06
669.127 6.30992e-09
669.376 7.01411e-12
669.625 2.3693e-15
669.874 7.17061e-16
670.124 2.47166e-12
670.373 2.59027e-09
670.622 8.25024e-07
670.872 7.98623e-05
671.121 0.00234942
671.37 0.0210045
671.62 0.0570671
671.869 0.0471164
672.118 0.0118212
672.367 0.000901237
672.617 2.08785e-05
672.866 1.46971e-07
673.115 3.14358e-10
673.365 2.043e-13
673.614 4.03415e-17
673.863 2.4203e-21
674.113 4.4117e-26
674.362 2.44318e-31
674.611 4.11062e-37
674.86 2.10112e-43
675.11 3.26271e-50
675.359 1.53915e-57
675.608 2.20569e-65
675.858 9.60208e-74
676.107 1.26979e-82
676.356 5.10075e-92
676.606 6.22392e-102
676.855 2.30681e-112
677.104 2.59699e-123
677.353 8.88034e-135
677.603 9.22317e-147
677.852 2.90947e-159
678.101 2.78755e-172
678.351 8.11142e-186
678.6 7.1685e-200
678.849 1.92402e-214
679.098 1.5683e-229
679.348 3.88225e-245
679.597 2.91851e-261
679.846 6.66275e-278
680.096 4.61907e-295
680.345 9.72422e-313
680.594 0
680.843 0
681.093 0
681.342 0
681.591 0
681.841 0
682.09 0
682.339 0
682.588 0
682.838 0
683.087 0
683.336 0
683.586 0
683.835 0
684.084 0
684.333 6.33442e-311
684.583 2.62e-293
684.832 3.29398e-276
685.081 1.2588e-259
685.33 1.46217e-243
685.58 5.1622e-228
685.829 5.53939e-213
686.078 1.80663e-198
686.328 1.7908e-184
686.577 5.39498e-171
686.826 4.93953e-158
687.075 1.37445e-145
687.325 1.16227e-133
687.574 2.98688e-122
687.823 2.33265e-111
688.072 5.53597e-101
688.322 3.99249e-91
688.571 8.74964e-82
688.82 5.82676e-73
689.07 1.17908e-64
689.319 7.24998e-57
689.568 1.35455e-49
689.817 7.68973e-43
690.067 1.32641e-36
690.316 6.95168e-31
690.565 1.10697e-25
690.814 5.35566e-21
691.064 7.87246e-17
691.313 3.51579e-13
691.562 4.77025e-10
691.811 1.96635e-07
692.061 2.46248e-05
692.31 0.000936852
692.559 0.010828
692.808 0.0380189
693.058 0.0405523
693.307 0.0131399
693.556 0.00129336
693.805 3.86718e-05
694.055 3.51244e-07
694.304 9.69073e-10
694.553 8.1214e-13
694.802 2.06741e-16
695.052 1.59859e-20
695.301 3.75454e-25
695.55 2.67842e-30
695.799 5.80359e-36
696.049 3.8195e-42
696.298 7.63485e-49
696.547 4.63526e-56
696.796 8.54715e-64
697.046 4.78671e-72
697.295 8.1417e-81
697.544 4.20581e-90
697.793 6.59837e-100
698.043 3.14409e-110
698.292 6.11819e-104
698.541 6.3454e-94
698.79 1.99963e-84
699.04 1.91466e-75
699.289 5.57026e-67
699.538 4.92377e-59
699.787 1.32236e-51
700.037 1.07902e-44
700.286 2.67503e-38
700.535 2.01485e-32
700.784 4.61067e-27
701.033 3.20545e-22
701.283 6.77035e-18
701.532 4.34436e-14
701.781 8.46891e-11
702.03 5.01546e-08
702.28 9.02339e-06
702.529 0.000493174
702.778 0.00818836
703.027 0.0413004
703.276 0.0632803
703.526 0.0294533
703.775 0.00416434
704.024 0.000178854
704.273 2.33341e-06
704.523 9.24729e-09
704.772 1.11318e-11
705.021 4.07044e-15
705.27 4.52102e-19
705.519 1.52527e-23
705.769 1.56303e-28
706.018 4.86512e-34
706.267 4.59963e-40
706.516 1.32084e-46
706.765 1.15206e-53
707.015 3.05202e-61
707.264 2.45577e-69
707.513 6.00164e-78
707.762 4.45485e-87
708.011 1.00432e-96
708.261 6.87673e-107
708.51 1.43009e-117
708.759 9.03248e-129
709.008 1.73266e-140
709.258 1.00944e-152
709.507 1.78609e-165
709.756 9.59791e-179
710.005 1.56639e-192
710.254 7.76375e-207
710.503 1.12317e-200
710.753 1.2512e-186
711.002 4.23545e-173
711.251 4.35671e-160
711.5 1.36176e-147
711.749 1.29336e-135
711.999 3.7326e-124
712.248 3.27322e-113
712.497 8.72177e-103
712.746 7.06149e-93
712.995 1.73719e-83
713.245 1.29853e-74
713.494 2.94925e-66
713.743 2.03525e-58
713.992 4.26744e-51
714.241 2.71869e-44
714.49 5.26248e-38
714.74 3.09496e-32
714.989 5.53035e-27
715.238 3.00247e-22
715.487 4.95256e-18
715.736 2.48202e-14
715.986 3.77919e-11
716.235 1.74828e-08
716.484 2.45718e-06
716.733 0.000104924
716.982 0.0013612
717.231 0.00536507
717.481 0.00642441
717.73 0.00233719
717.979 0.000258317
718.228 8.67382e-06
718.477 8.84836e-08
718.726 2.74226e-10
718.975 2.58193e-13
719.225 7.38535e-17
719.474 6.41777e-21
719.723 1.69427e-25
719.972 1.35883e-30
720.221 3.31077e-36
720.47 2.45061e-42
720.72 5.51059e-49
720.969 8.10418e-55
721.218 9.91441e-48
721.467 3.86509e-41
721.716 4.57854e-35
721.965 1.64804e-29
722.214 1.80252e-24
722.464 5.9905e-20
722.713 6.04942e-16
722.962 1.85623e-12
723.211 1.73066e-09
723.46 4.90296e-07
723.709 4.22052e-05
723.958 0.00110391
724.208 0.00877326
724.457 0.0211859
724.706 0.0155449
724.955 0.00346566
725.204 0.000234768
725.453 4.83221e-06
725.702 3.02207e-08
725.951 5.7427e-11
726.201 3.31573e-14
726.45 5.81691e-18
726.699 3.10067e-22
726.948 5.02191e-27
727.197 2.47133e-32
727.446 3.69523e-38
727.695 1.67881e-44
727.944 2.31744e-51
728.193 9.71992e-59
728.443 1.2387e-66
728.692 4.79641e-75
728.941 5.64305e-84
729.19 2.01725e-93
729.439 2.19106e-103
729.688 7.23096e-114
729.937 7.2508e-125
730.186 2.20915e-136
730.435 2.0451e-148
730.685 5.75245e-161
730.934 4.91633e-174
731.183 1.27668e-187
731.432 1.00733e-201
731.681 2.415e-216
731.93 1.7592e-231
732.179 3.89373e-247
732.428 2.61862e-263
732.677 5.35101e-280
732.926 3.32244e-297
733.175 6.2681e-315
733.425 0
733.674 0
733.923 0
734.172 0
734.421 0
734.67 0
734.919 0
735.168 4.0879e-320
735.417 2.90041e-302
735.666 6.25624e-285
735.915 4.10233e-268
736.164 8.17729e-252
736.413 4.95507e-236
736.662 9.12753e-221
736.912 5.11115e-206
737.161 8.70055e-192
737.41 4.50234e-178
737.659 7.0826e-165
737.908 3.38697e-152
738.157 4.92373e-140
738.406 2.17592e-128
738.655 2.92318e-117
738.904 1.19381e-106
739.153 1.48213e-96
739.402 5.59373e-87
739.651 6.41781e-78
739.9 2.23843e-69
740.149 2.3734e-61
740.398 7.65017e-54
740.647 7.49627e-47
740.896 2.23303e-40
741.145 2.02219e-34
741.394 5.56706e-29
741.643 4.65918e-24
741.893 1.18543e-19
742.142 9.16903e-16
742.391 2.15604e-12
742.64 1.54126e-09
742.889 3.34953e-07
743.138 2.213e-05
743.387 0.000444501
743.636 0.0027143
743.885 0.00503894
744.134 0.00284393
744.383 0.000487979
744.632 2.54558e-05
744.881 4.03717e-07
745.13 1.9466e-09
745.379 2.85356e-12
745.628 1.27178e-15
745.877 1.72327e-19
746.126 7.09925e-24
746.375 8.89189e-29
746.624 3.38611e-34
746.873 3.92045e-40
747.122 1.38007e-46
747.371 1.47707e-53
747.62 4.80661e-61
747.869 4.75573e-69
748.118 1.43067e-77
748.367 1.3086e-86
748.616 3.63939e-96
748.865 3.07754e-106
749.114 7.9129e-117
749.363 6.18629e-128
749.612 1.47058e-139
749.861 1.06297e-151
750.11 2.33626e-164
750.359 1.56135e-177
750.608 3.17294e-191
750.857 1.96068e-205
751.106 3.6842e-220
751.355 2.1051e-235
751.604 3.65762e-251
751.853 1.93254e-267
752.102 3.10502e-284
752.351 1.51709e-301
752.599 2.25413e-319
752.848 0
753.097 0
753.346 0
753.595 0
753.844 0
754.093 0
754.342 0
754.591 0
754.84 0
755.089 0
755.338 0
755.587 0
755.836 0
756.085 0
756.334 0
756.583 0
756.832 0
757.081 0
757.329 0
757.578 0
757.827 0
758.076 0
758.325 0
758.574 0
758.823 0
759.072 0
759.321 0
759.57 0
759.819 0
760.068 0
760.317 0
760.565 0
760.814 0
761.063 0
761.312 0
761.561 0
761.81 0
762.059 0
762.308 0
762.557 0
762.806 0
763.054 0
763.303 0
763.552 0
763.801 0
764.05 0
764.299 0
764.548 0
764.797 0
765.045 0
765.294 0
765.543 0
765.792 0
766.041 0
766.29 0
766.539 0
766.787 0
767.036 0
767.285 0
767.534 0
767.783 0
768.032 0
768.281 0
768.529 0
768.778 0
769.027 0
769.276 0
769.525 0
769.774 0
770.022 0
770.271 0
770.52 0
770.769 0
771.018 0
771.267 0
771.515 0
771.764 0
772.013 0
772.262 0
772.511 0
772.76 0
773.008 0
773.257 0
773.506 0
773.755 0
774.004 0
774.252 0
774.501 0
774.75 0
774.999 0
775.248 0
775.496 0
775.745 0
775.994 0
776.243 0
776.491 0
776.74 0
776.989 0
777.238 0
777.487 0
777.735 0
777.984 0
778.233 0
778.482 0
778.73 0
778.979 0
779.228 0
779.477 0
779.725 0
779.974 0
780.223 0
780.472 0
780.72 0
780.969 0
781.218 0
781.467 0
781.715 0
781.964 0
782.213 0
782.462 0
782.71 0
782.959 0
783.208 0
783.456 0
783.705 0
783.954 0
784.203 0
784.451 0
784.7 0
784.949 0
785.197 0
785.446 0
785.695 0
785.944 0
786.192 0
786.441 0
786.69 0
786.938 0
787.187 0
787.436 0
787.684 0
787.933 0
788.182 0
788.43 0
788.679 0
788.928 0
789.176 0
789.425 0
789.674 0
789.922 0
790.171 0
790.42 0
790.668 0
790.917 0
791.166 0
791.414 0
791.663 0
791.912 0
792.16 0
792.409 0
792.658 0
792.906 0
793.155 0
793.403 0
793.652 0
793.901 0
794.149 0
794.398 0
794.647 0
794.895 0
795.144 0
795.392 0
795.641 0
795.89 0
796.138 0
796.387 0
796.635 0
796.884 0
797.133 0
797.381 0
797.63 0
797.878 0
798.127 0
798.375 0
798.624 0
798.873 0
799.121 0
799.37 0
799.618 0
799.867 0
800.115 0
800.364 0
800.613 0
800.861 0
801.11 0
801.358 0
801.607 0
801.855 0
802.104 0
802.352 0
802.601 0
802.849 0
803.098 0
803.347 0
803.595 0
803.844 0
804.092 0
804.341 0
804.589 0
804.838 0
