399.292 0
399.441 0
399.589 0
399.737 0
399.886 0
400.034 0
400.182 0
400.331 0
400.479 0
400.627 0
400.776 0
400.924 0
401.072 0
401.22 0
401.369 0
401.517 0
401.665 0
401.814 0
401.962 0
402.11 0
402.259 0
402.407 0
402.555 0
402.704 0
402.852 0
403 0
403.149 0
403.297 0
403.446 0
403.594 0
403.742 0
403.891 0
404.039 0
404.187 0
404.336 0
404.484 0
404.632 0
404.781 0
404.929 0
405.077 0
405.226 0
405.374 0
405.523 0
405.671 0
405.819 0
405.968 0
406.116 0
406.264 0
406.413 0
406.561 0
406.709 0
406.858 0
407.006 0
407.155 0
407.303 0
407.451 0
407.6 0
407.748 0
407.897 0
408.045 0
408.193 0
408.342 0
408.49 0
408.639 0
408.787 0
408.935 0
409.084 0
409.232 0
409.381 0
409.529 0
409.677 0
409.826 0
409.974 0
410.123 0
410.271 0
410.419 0
410.568 0
410.716 0
410.865 0
411.013 0
411.162 0
411.31 0
411.458 0
411.607 0
411.755 0
411.904 0
412.052 0
412.201 0
412.349 0
412.497 0
412.646 0
412.794 0
412.943 0
413.091 0
413.24 0
413.388 0
413.536 0
413.685 0
413.833 0
413.982 0
414.13 0
414.279 0
414.427 0
414.576 0
414.724 0
414.873 0
415.021 0
415.169 0
415.318 0
415.466 0
415.615 0
415.763 0
415.912 0
416.06 0
416.209 0
416.357 0
416.506 0
416.654 0
416.803 0
416.951 0
417.1 0
417.248 0
417.397 0
417.545 0
417.693 0
417.842 0
417.99 0
418.139 0
418.287 0
418.436 0
418.584 0
418.733 0
418.881 0
419.03 0
419.178 0
419.327 0
419.475 0
419.624 0
419.772 0
419.921 0
420.069 0
420.218 0
420.366 0
420.515 0
420.663 0
420.812 0
420.961 0
421.109 0
421.258 0
421.406 0
421.555 0
421.703 0
421.852 0
422 0
422.149 0
422.297 0
422.446 0
422.594 0
422.743 0
422.891 0
423.04 0
423.188 0
423.337 0
423.485 0
423.634 0
423.783 0
423.931 0
424.08 0
424.228 0
424.377 0
424.525 0
424.674 0
424.822 0
424.971 0
425.12 0
425.268 0
425.417 0
425.565 0
425.714 0
425.862 0
426.011 0
426.159 0
426.308 0
426.457 0
426.605 0
426.754 0
426.902 0
427.051 0
427.199 0
427.348 0
427.497 0
427.645 0
427.794 0
427.942 0
428.091 0
428.239 0
428.388 0
428.537 0
428.685 0
428.834 0
428.982 0
429.131 0
429.28 0
429.428 0
429.577 0
429.725 0
429.874 0
430.023 0
430.171 0
430.32 0
430.468 0
430.617 0
430.766 0
430.914 0
431.063 0
431.211 0
431.36 0
431.509 0
431.657 0
431.806 0
431.954 0
432.103 0
432.252 0
432.4 0
432.549 0
432.698 0
432.846 0
432.995 0
433.143 0
433.292 0
433.441 0
433.589 0
433.738 0
433.887 0
434.035 0
434.184 0
434.333 0
434.481 0
434.63 0
434.778 0
434.927 0
435.076 0
435.224 0
435.373 0
435.522 0
435.67 0
435.819 0
435.968 0
436.116 0
436.265 0
436.414 0
436.562 0
436.711 0
436.86 0
437.008 0
437.157 0
437.306 0
437.454 0
437.603 0
437.752 0
437.9 0
438.049 0
438.198 0
438.346 0
438.495 0
438.644 0
438.792 0
438.941 0
439.09 0
439.238 0
439.387 0
439.536 0
439.684 0
439.833 0
439.982 0
440.13 0
440.279 0
440.428 0
440.576 0
440.725 0
440.874 0
441.023 0
441.171 0
441.32 0
441.469 0
441.617 0
441.766 0
441.915 0
442.063 0
442.212 0
442.361 0
442.51 0
442.658 0
442.807 0
442.956 0
443.104 0
443.253 0
443.402 0
443.551 0
443.699 0
443.848 0
443.997 0
444.145 0
444.294 0
444.443 0
444.592 0
444.74 0
444.889 0
445.038 0
445.186 0
445.335 0
445.484 0
445.633 0
445.781 0
445.93 0
446.079 0
446.228 0
446.376 0
446.525 0
446.674 0
446.823 0
446.971 0
447.12 0
447.269 0
447.418 0
447.566 0
447.715 0
447.864 0
448.013 0
448.161 0
448.31 0
448.459 0
448.608 0
448.756 0
448.905 0
449.054 0
449.203 0
449.351 0
449.5 0
449.649 0
449.798 0
449.947 0
450.095 0
450.244 0
450.393 0
450.542 0
450.69 0
450.839 0
450.988 0
451.137 0
451.285 0
451.434 0
451.583 0
451.732 0
451.881 0
452.029 0
452.178 0
452.327 0
452.476 0
452.625 0
452.773 0
452.922 0
453.071 0
453.22 0
453.369 0
453.517 0
453.666 0
453.815 0
453.964 0
454.113 0
454.261 0
454.41 0
454.559 0
454.708 0
454.857 0
455.005 0
455.154 0
455.303 0
455.452 0
455.601 0
455.749 0
455.898 0
456.047 0
456.196 0
456.345 0
456.494 0
456.642 0
456.791 0
456.94 0
457.089 0
457.238 0
457.387 0
457.535 0
457.684 0
457.833 0
457.982 0
458.131 0
458.28 0
458.428 0
458.577 0
458.726 0
458.875 0
459.024 0
459.173 0
459.321 0
459.47 0
459.619 0
459.768 0
459.917 0
460.066 0
460.215 0
460.363 0
460.512 0
460.661 0
460.81 0
460.959 0
461.108 0
461.257 0
461.405 0
461.554 0
461.703 0
461.852 0
462.001 0
462.15 0
462.299 0
462.447 0
462.596 0
462.745 0
462.894 0
463.043 0
463.192 0
463.341 0
463.49 0
463.638 0
463.787 0
463.936 0
464.085 0
464.234 0
464.383 0
464.532 0
464.681 0
464.829 0
464.978 0
465.127 0
465.276 0
465.425 0
465.574 0
465.723 0
465.872 0
466.021 0
466.17 0
466.318 0
466.467 0
466.616 0
466.765 0
466.914 0
467.063 0
467.212 0
467.361 0
467.51 0
467.659 0
467.807 0
467.956 0
468.105 0
468.254 0
468.403 0
468.552 0
468.701 0
468.85 0
468.999 0
469.148 0
469.297 0
469.446 0
469.594 0
469.743 0
469.892 0
470.041 0
470.19 0
470.339 0
470.488 0
470.637 0
470.786 0
470.935 0
471.084 0
471.233 0
471.382 0
471.531 0
471.679 0
471.828 0
471.977 0
472.126 0
472.275 0
472.424 0
472.573 0
472.722 0
472.871 0
473.02 0
473.169 0
473.318 0
473.467 0
473.616 0
473.765 0
473.914 0
474.063 0
474.212 0
474.361 0
474.51 0
474.658 0
474.807 0
474.956 0
475.105 0
475.254 0
475.403 0
475.552 0
475.701 0
475.85 0
475.999 0
476.148 0
476.297 0
476.446 0
476.595 0
476.744 0
476.893 0
477.042 0
477.191 0
477.34 0
477.489 0
477.638 0
477.787 0
477.936 0
478.085 0
478.234 0
478.383 0
478.532 0
478.681 0
478.83 0
478.979 0
479.128 0
479.277 0
479.426 0
479.575 0
479.724 0
479.873 0
480.022 0
480.171 0
480.32 0
480.469 0
480.618 0
480.767 0
480.916 0
481.065 0
481.214 0
481.363 0
481.512 0
481.661 0
481.81 0
481.959 0
482.108 0
482.257 0
482.406 0
482.555 0
482.704 0
482.853 0
483.002 0
483.151 0
483.3 0
483.449 0
483.598 0
483.747 0
483.896 0
484.045 0
484.194 0
484.343 0
484.492 0
484.641 0
484.79 0
484.939 0
485.088 0
485.237 0
485.386 0
485.535 0
485.684 0
485.833 0
485.982 0
486.131 0
486.281 0
486.43 0
486.579 0
486.728 0
486.877 0
487.026 0
487.175 0
487.324 0
487.473 0
487.622 0
487.771 0
487.92 0
488.069 0
488.218 0
488.367 0
488.516 0
488.665 0
488.814 0
488.963 0
489.112 0
489.262 0
489.411 0
489.56 0
489.709 0
489.858 0
490.007 0
490.156 0
490.305 0
490.454 0
490.603 0
490.752 0
490.901 0
491.05 0
491.199 0
491.348 0
491.498 0
491.647 0
491.796 0
491.945 0
492.094 0
492.243 0
492.392 0
492.541 0
492.69 0
492.839 0
492.988 0
493.137 0
493.287 0
493.436 0
493.585 0
493.734 0
493.883 0
494.032 0
494.181 0
494.33 0
494.479 0
494.628 0
494.777 0
494.927 0
495.076 0
495.225 0
495.374 0
495.523 0
495.672 0
495.821 0
495.97 0
496.119 0
496.268 0
496.418 0
496.567 0
496.716 0
496.865 0
497.014 0
497.163 0
497.312 0
497.461 0
497.61 0
497.76 0
497.909 0
498.058 0
498.207 0
498.356 0
498.505 0
498.654 0
498.803 0
498.952 0
499.102 0
499.251 0
499.4 0
499.549 0
499.698 0
499.847 0
499.996 0
500.145 0
500.295 0
500.444 0
500.593 0
500.742 0
500.891 0
501.04 0
501.189 0
501.339 0
501.488 0
501.637 0
501.786 0
501.935 0
502.084 0
502.233 0
502.383 0
502.532 0
502.681 0
502.83 0
502.979 0
503.128 0
503.277 0
503.427 0
503.576 0
503.725 0
503.874 0
504.023 0
504.172 0
504.321 0
504.471 0
504.62 0
504.769 0
504.918 0
505.067 0
505.216 0
505.366 0
505.515 0
505.664 0
505.813 0
505.962 0
506.111 0
506.261 0
506.41 0
506.559 0
506.708 0
506.857 0
507.006 0
507.156 0
507.305 0
507.454 0
507.603 0
507.752 0
507.901 0
508.051 0
508.2 0
508.349 0
508.498 0
508.647 0
508.796 0
508.946 0
509.095 0
509.244 0
509.393 0
509.542 0
509.692 0
509.841 0
509.99 0
510.139 0
510.288 0
510.438 0
510.587 0
510.736 0
510.885 0
511.034 0
511.183 0
511.333 0
511.482 0
511.631 0
511.78 0
511.929 0
512.079 0
512.228 0
512.377 0
512.526 0
512.675 0
512.825 0
512.974 0
513.123 0
513.272 0
513.421 0
513.571 0
513.72 0
513.869 0
514.018 0
514.168 0
514.317 0
514.466 0
514.615 0
514.764 0
514.914 0
515.063 0
515.212 0
515.361 0
515.51 0
515.66 0
515.809 0
515.958 0
516.107 0
516.257 0
516.406 0
516.555 0
516.704 0
516.853 0
517.003 0
517.152 0
517.301 0
517.45 0
517.6 0
517.749 0
517.898 0
518.047 0
518.197 0
518.346 0
518.495 0
518.644 0
518.793 0
518.943 0
519.092 0
519.241 0
519.39 0
519.54 0
519.689 0
519.838 0
519.987 0
520.137 0
520.286 0
520.435 0
520.584 0
520.734 0
520.883 0
521.032 0
521.181 0
521.331 0
521.48 0
521.629 0
521.778 0
521.928 0
522.077 0
522.226 0
522.375 0
522.525 0
522.674 0
522.823 0
522.972 0
523.122 0
523.271 0
523.42 0
523.569 0
523.719 0
523.868 0
524.017 0
524.167 0
524.316 0
524.465 0
524.614 0
524.764 0
524.913 0
525.062 0
525.211 0
525.361 0
525.51 0
525.659 0
525.808 0
525.958 0
526.107 0
526.256 0
526.406 0
526.555 0
526.704 0
526.853 0
527.003 0
527.152 0
527.301 0
527.451 0
527.6 0
527.749 0
527.898 0
528.048 0
528.197 0
528.346 0
528.495 0
528.645 0
528.794 0
528.943 0
529.093 0
529.242 0
529.391 0
529.541 0
529.69 0
529.839 0
529.988 0
530.138 0
530.287 0
530.436 0
530.586 0
530.735 0
530.884 0
531.033 0
531.183 0
531.332 0
531.481 0
531.631 0
531.78 0
531.929 0
532.079 0
532.228 0
532.377 0
532.527 0
532.676 0
532.825 0
532.974 0
533.124 0
533.273 0
533.422 0
533.572 0
533.721 0
533.87 0
534.02 0
534.169 0
534.318 0
534.468 0
534.617 0
534.766 0
534.915 0
535.065 0
535.214 0
535.363 0
535.513 0
535.662 0
535.811 0
535.961 0
536.11 0
536.259 0
536.409 0
536.558 0
536.707 0
536.857 0
537.006 0
537.155 0
537.305 0
537.454 0
537.603 0
537.753 0
537.902 0
538.051 0
538.201 0
538.35 0
538.499 0
538.649 0
538.798 0
538.947 0
539.097 0
539.246 0
539.395 0
539.545 0
539.694 0
539.843 0
539.993 0
540.142 0
540.291 0
540.441 0
540.59 0
540.739 0
540.889 0
541.038 0
541.187 0
541.337 0
541.486 0
541.635 0
541.785 0
541.934 0
542.084 0
542.233 0
542.382 0
542.532 0
542.681 0
542.83 0
542.98 0
543.129 0
543.278 0
543.428 0
543.577 0
543.726 0
543.876 0
544.025 0
544.174 0
544.324 0
544.473 0
544.623 0
544.772 0
544.921 0
545.071 0
545.22 0
545.369 0
545.519 0
545.668 0
545.817 0
545.967 0
546.116 0
546.266 0
546.415 0
546.564 0
546.714 0
546.863 0
547.012 0
547.162 0
547.311 0
547.461 0
547.61 0
547.759 0
547.909 0
548.058 0
548.207 0
548.357 0
548.506 0
548.656 0
548.805 0
548.954 0
549.104 0
549.253 0
549.402 0
549.552 0
549.701 0
549.851 0
550 0
550.149 0
550.299 0
550.448 0
550.598 0
550.747 0
550.896 0
551.046 0
551.195 0
551.344 0
551.494 0
551.643 0
551.793 0
551.942 0
552.091 0
552.241 0
552.39 0
552.54 0
552.689 0
552.838 0
552.988 0
553.137 0
553.287 0
553.436 0
553.585 0
553.735 0
553.884 0
554.034 0
554.183 0
554.332 0
554.482 0
554.631 0
554.781 0
554.93 0
555.079 0
555.229 0
555.378 0
555.528 0
555.677 0
555.826 0
555.976 0
556.125 0
556.275 0
556.424 0
556.573 0
556.723 0
556.872 0
557.022 0
557.171 0
557.321 0
557.47 0
557.619 0
557.769 0
557.918 0
558.068 0
558.217 0
558.366 0
558.516 0
558.665 0
558.815 0
558.964 0
559.114 0
559.263 0
559.412 0
559.562 0
559.711 0
559.861 0
560.01 0
560.159 0
560.309 0
560.458 0
560.608 0
560.757 0
560.907 0
561.056 0
561.205 0
561.355 0
561.504 0
561.654 0
561.803 0
561.953 0
562.102 0
562.251 0
562.401 0
562.55 0
562.7 0
562.849 0
562.999 0
563.148 0
563.297 0
563.447 0
563.596 0
563.746 0
563.895 0
564.045 0
564.194 0
564.344 0
564.493 0
564.642 0
564.792 0
564.941 0
565.091 0
565.24 0
565.39 0
565.539 0
565.689 0
565.838 0
565.987 0
566.137 0
566.286 0
566.436 0
566.585 0
566.735 0
566.884 0
567.034 0
567.183 0
567.332 0
567.482 0
567.631 0
567.781 0
567.93 0
568.08 0
568.229 0
568.379 0
568.528 0
568.677 0
568.827 0
568.976 0
569.126 0
569.275 0
569.425 0
569.574 0
569.724 0
569.873 0
570.023 0
570.172 0
570.321 0
570.471 0
570.62 0
570.77 0
570.919 0
571.069 0
571.218 0
571.368 0
571.517 0
571.667 0
571.816 0
571.966 0
572.115 0
572.264 0
572.414 0
572.563 0
572.713 0
572.862 1.14735e-318
573.012 4.83308e-311
573.161 1.6455e-303
573.311 4.52812e-296
573.46 1.00711e-288
573.61 1.8104e-281
573.759 2.6303e-274
573.909 3.08863e-267
574.058 2.93127e-260
574.208 2.24838e-253
574.357 1.39382e-246
574.507 6.98332e-240
574.656 2.8277e-233
574.805 9.25372e-227
574.955 2.44742e-220
575.104 5.23129e-214
575.254 9.03674e-208
575.403 1.26158e-201
575.553 1.42336e-195
575.702 1.29781e-189
575.852 9.56306e-184
576.001 5.69471e-178
576.151 2.74051e-172
576.3 1.06579e-166
576.45 3.34961e-161
576.599 8.5073e-156
576.749 1.74607e-150
576.898 2.89603e-145
577.048 3.8816e-140
577.197 4.2042e-135
577.347 3.67973e-130
577.496 2.6026e-125
577.646 1.48749e-120
577.795 6.86995e-116
577.944 2.56391e-111
578.094 7.73209e-107
578.243 1.88423e-102
578.393 3.71033e-98
578.542 5.90376e-94
578.692 7.59066e-90
578.841 7.88608e-86
578.991 6.62021e-82
579.14 4.49064e-78
579.29 2.46131e-74
579.439 1.09005e-70
579.589 3.90069e-67
579.738 1.12785e-63
579.888 2.63495e-60
580.037 4.97395e-57
580.187 7.58639e-54
580.336 9.34915e-51
580.486 9.30911e-48
580.635 7.48929e-45
580.785 4.86819e-42
580.934 2.55673e-39
581.084 1.0849e-36
581.233 3.71946e-34
581.383 1.03027e-31
581.532 2.30571e-29
581.682 4.169e-27
581.831 6.09024e-25
581.981 7.18798e-23
582.13 6.85405e-21
582.28 5.28023e-19
582.429 3.2864e-17
582.579 1.65253e-15
582.728 6.71324e-14
582.878 2.20328e-12
583.027 5.84196e-11
583.177 1.2514e-09
583.326 2.16559e-08
583.476 3.02762e-07
583.625 3.41953e-06
583.775 3.12009e-05
583.924 0.000229987
584.074 0.00136952
584.223 0.00658817
584.373 0.0256027
584.522 0.0803766
584.672 0.203842
584.821 0.417615
584.971 0.69115
585.12 0.924019
585.27 0.997926
585.419 0.870608
585.569 0.61355
585.718 0.349284
585.868 0.160622
586.017 0.0596662
586.167 0.0179037
586.316 0.00433961
586.466 0.00084977
586.615 0.000135598
586.765 2.75649e-05
586.914 7.32361e-05
587.064 0.000396899
587.213 0.00177931
587.363 0.00644591
587.512 0.0188633
587.662 0.044591
587.811 0.0851472
587.961 0.131336
588.11 0.163639
588.26 0.164693
588.409 0.13389
588.559 0.0879225
588.708 0.0466369
588.858 0.0199818
589.007 0.0069153
589.157 0.00193312
589.306 0.000436487
589.456 7.96067e-05
589.605 1.17271e-05
589.755 1.39536e-06
589.904 1.34104e-07
590.054 1.041e-08
590.203 6.52696e-10
590.353 3.30536e-11
590.502 1.35199e-12
590.652 4.46653e-14
590.802 1.19181e-15
590.951 2.56852e-17
591.101 4.4709e-19
591.25 6.31974e-21
591.4 3.18847e-21
591.549 2.29101e-19
591.699 1.36016e-17
591.848 6.52287e-16
591.998 2.52681e-14
592.147 7.90658e-13
592.297 1.9984e-11
592.446 4.07994e-10
592.596 6.72818e-09
592.745 8.96215e-08
592.895 9.64262e-07
593.044 8.37998e-06
593.194 5.8824e-05
593.343 0.000333523
593.493 0.00152741
593.642 0.00564989
593.792 0.0168802
593.941 0.0407346
594.091 0.0793959
594.24 0.124991
594.39 0.158927
594.54 0.163215
594.689 0.135381
594.839 0.0906961
594.988 0.0490741
595.138 0.021446
595.287 0.00756948
595.437 0.00215779
595.586 0.000496794
595.736 9.23836e-05
595.885 1.39596e-05
596.035 2.52838e-06
596.184 6.81801e-06
596.334 4.22833e-05
596.483 0.00021691
596.633 0.000898991
596.782 0.00300929
596.932 0.00813584
597.082 0.0177651
597.231 0.0313298
597.381 0.044624
597.53 0.0513333
597.68 0.0476921
597.829 0.0357856
597.979 0.0216861
598.128 0.0106136
598.278 0.0041952
598.427 0.0013392
598.577 0.000345256
598.726 7.18845e-05
598.876 1.20872e-05
599.025 1.64139e-06
599.175 1.80006e-07
599.325 1.59424e-08
599.474 1.14027e-09
599.624 6.58636e-11
599.773 3.07231e-12
599.923 1.15735e-13
600.072 3.52092e-15
600.222 9.4483e-17
600.371 3.81818e-16
600.521 1.46078e-14
600.67 4.53404e-13
600.82 1.13659e-11
600.969 2.30113e-10
601.119 3.76261e-09
601.269 4.96875e-08
601.418 5.29924e-07
601.568 4.56441e-06
601.717 3.17511e-05
601.867 0.000178375
602.016 0.000809293
602.166 0.00296533
602.315 0.00877475
602.465 0.0209694
602.614 0.0404693
602.764 0.0630742
602.913 0.079389
603.063 0.0806956
603.213 0.0662397
603.362 0.0439099
603.512 0.0235061
603.661 0.0101618
603.811 0.00354755
603.96 0.00100012
604.11 0.000227689
604.259 4.18593e-05
604.409 6.21444e-06
604.558 7.45021e-07
604.708 7.21257e-08
604.858 5.63851e-09
605.007 3.56479e-10
605.157 3.34494e-11
605.306 3.57103e-10
605.456 6.70101e-09
605.605 1.01759e-07
605.755 1.24793e-06
605.904 1.2359e-05
606.054 9.88444e-05
606.204 0.0006384
606.353 0.00332969
606.503 0.0140244
606.652 0.0477011
606.802 0.13102
606.951 0.290607
607.101 0.520515
607.25 0.752865
607.4 0.879336
607.549 0.829362
607.699 0.631659
607.849 0.388479
607.998 0.19293
608.148 0.0773784
608.297 0.0251192
608.447 0.00693571
608.596 0.00322159
608.746 0.00733579
608.895 0.022176
609.045 0.0557719
609.195 0.113416
609.344 0.186254
609.494 0.246989
609.643 0.264478
609.793 0.228685
609.942 0.159669
610.092 0.0900197
610.241 0.0409811
610.391 0.0150646
610.541 0.00447155
610.69 0.00107172
610.84 0.000207408
610.989 3.24107e-05
611.139 4.08949e-06
611.288 4.16642e-07
611.438 3.42744e-08
611.587 2.2766e-09
611.737 1.22107e-10
611.887 5.57653e-12
612.036 8.45018e-12
612.186 1.9078e-10
612.335 3.55569e-09
612.485 5.35139e-08
612.634 6.50347e-07
612.784 6.38202e-06
612.934 5.05712e-05
613.083 0.000323578
613.233 0.00167179
613.382 0.00697443
613.532 0.0234941
613.681 0.0639045
613.831 0.140353
613.98 0.248902
614.13 0.35641
614.28 0.412082
614.429 0.384704
614.579 0.289986
614.728 0.176496
614.878 0.0867406
615.027 0.0344598
615.177 0.0112935
615.327 0.00415659
615.476 0.00573022
615.626 0.0164189
615.775 0.0418899
615.925 0.0867697
616.074 0.145164
616.224 0.196091
616.373 0.213873
616.523 0.188344
616.673 0.13392
616.822 0.0768827
616.972 0.0356372
617.121 0.0133373
617.271 0.00403013
617.42 0.00098323
617.57 0.000193675
617.72 3.08015e-05
617.869 3.95501e-06
618.019 4.10015e-07
618.168 3.43184e-08
618.318 2.31913e-09
618.467 1.2653e-10
618.617 5.5735e-12
618.767 1.98212e-13
618.916 5.6946e-15
619.066 3.09401e-16
619.215 7.19043e-15
619.365 2.35055e-13
619.514 6.2063e-12
619.664 1.32311e-10
619.814 2.27749e-09
619.963 3.16528e-08
620.113 3.55189e-07
620.262 3.21809e-06
620.412 2.3541e-05
620.561 0.00013904
620.711 0.000663035
620.861 0.0025528
621.01 0.00793554
621.16 0.0199166
621.309 0.0403579
621.459 0.0660263
621.608 0.0872121
621.758 0.093005
621.908 0.0800762
622.057 0.055663
622.207 0.0312387
622.356 0.0141541
622.506 0.0051776
622.655 0.00152909
622.805 0.000364581
622.955 7.0179e-05
623.104 1.09062e-05
623.254 1.36832e-06
623.403 1.38595e-07
623.553 1.13333e-08
623.702 7.48179e-10
623.852 3.98747e-11
624.002 1.71664e-12
624.151 9.91134e-14
624.301 1.26859e-12
624.45 3.27908e-11
624.6 6.85213e-10
624.749 1.15603e-08
624.899 1.57465e-07
625.049 1.73166e-06
625.198 1.53746e-05
625.348 0.000110207
625.497 0.000637786
625.647 0.00297987
625.796 0.0112403
625.946 0.0342302
626.096 0.0841579
626.245 0.167044
626.395 0.267678
626.544 0.346292
626.694 0.361673
626.844 0.304952
626.993 0.207581
627.143 0.114073
627.292 0.0506071
627.442 0.0181249
627.591 0.0052405
627.741 0.00122321
627.891 0.000230492
628.04 3.50621e-05
628.19 4.30572e-06
628.339 4.26868e-07
628.489 3.45217e-08
628.638 7.80391e-09
628.788 7.01514e-08
628.938 7.07527e-07
629.087 5.77034e-06
629.237 3.79931e-05
629.386 0.000201952
629.536 0.000866619
629.686 0.00300224
629.835 0.00839648
629.985 0.0189575
630.134 0.0345538
630.284 0.0508438
630.433 0.0603959
630.583 0.0579164
630.733 0.0448351
630.882 0.0280192
631.032 0.0141356
631.181 0.00575687
631.331 0.00189267
631.481 0.00050232
631.63 0.000107655
631.78 1.90357e-05
631.929 6.70354e-06
632.079 3.24746e-05
632.228 0.000203705
632.378 0.00104066
632.528 0.00429231
632.677 0.0142922
632.827 0.0384171
632.976 0.0833622
633.126 0.146026
633.275 0.206493
633.425 0.235717
633.575 0.217215
633.724 0.161583
633.874 0.0970309
634.023 0.0470358
634.173 0.0184056
634.323 0.00581399
634.472 0.00148251
634.622 0.000305153
634.771 5.07032e-05
634.921 6.80058e-06
635.071 7.36291e-07
635.22 6.43493e-08
635.37 4.5397e-09
635.519 2.58522e-10
635.669 1.18857e-11
635.818 5.17489e-13
635.968 2.40994e-12
636.118 6.0588e-11
636.267 1.23642e-09
636.417 2.03684e-08
636.566 2.70871e-07
636.716 2.90789e-06
636.866 2.52e-05
637.015 0.00017629
637.165 0.000995546
637.314 0.00453834
637.464 0.0167007
637.613 0.04961
637.763 0.11896
637.913 0.230266
638.062 0.359792
638.212 0.453801
638.361 0.462029
638.511 0.379719
638.661 0.251913
638.81 0.13495
638.96 0.0586667
639.109 0.0223003
639.259 0.0144018
639.408 0.0323612
639.558 0.090036
639.708 0.209607
639.857 0.394816
640.007 0.600391
640.156 0.736989
640.306 0.730248
640.456 0.584063
640.605 0.377075
640.755 0.196504
640.904 0.0826594
641.054 0.0280663
641.204 0.00769221
641.353 0.00170171
641.503 0.000303871
641.652 4.37986e-05
641.802 5.09561e-06
641.951 4.78514e-07
642.101 3.62706e-08
642.251 2.21909e-09
642.4 1.09586e-10
642.55 4.36808e-12
642.699 1.40534e-13
642.849 3.64944e-15
642.999 7.64931e-17
643.148 1.2941e-18
643.298 1.76711e-20
643.447 1.94763e-22
643.597 1.73258e-24
643.747 1.24401e-26
643.896 7.20937e-29
644.046 3.37218e-31
644.195 1.2731e-33
644.345 3.8793e-36
644.494 9.54068e-39
644.644 1.89382e-41
644.794 3.03411e-44
644.943 3.92333e-47
645.093 4.09457e-50
645.242 3.44896e-53
645.392 2.35757e-56
645.542 2.15457e-55
645.691 2.9209e-52
645.841 3.19664e-49
645.99 2.82399e-46
646.14 2.01384e-43
646.29 1.15925e-40
646.439 5.38664e-38
646.589 2.02044e-35
646.738 6.11728e-33
646.888 1.49505e-30
647.037 2.94939e-28
647.187 4.69668e-26
647.337 6.0371e-24
647.486 6.26386e-22
647.636 5.24604e-20
647.785 3.54646e-18
647.935 1.93522e-16
648.085 8.52388e-15
648.234 3.03049e-13
648.384 8.69672e-12
648.533 2.01449e-10
648.683 3.76649e-09
648.833 5.68424e-08
648.982 6.9242e-07
649.132 6.8081e-06
649.281 5.40306e-05
649.431 0.000346107
649.581 0.00178952
649.73 0.00746819
649.88 0.0251563
650.029 0.0683954
650.179 0.150092
650.328 0.265848
650.478 0.380064
650.628 0.438554
650.777 0.408444
650.927 0.307031
651.076 0.186283
651.226 0.0912222
651.376 0.036055
651.525 0.0115018
651.675 0.00296202
651.824 0.000620948
651.974 0.000143739
652.124 0.000253179
652.273 0.00114131
652.423 0.00438358
652.572 0.0136066
652.722 0.03409
652.871 0.0689354
653.021 0.112511
653.171 0.148213
653.32 0.157583
653.47 0.135228
653.619 0.0936607
653.769 0.0523574
653.919 0.0236226
654.068 0.00860209
654.218 0.00252817
654.367 0.0005997
654.517 0.000114811
654.667 1.77402e-05
654.816 2.21233e-06
654.966 2.2267e-07
655.115 1.80881e-08
655.265 1.18587e-09
655.414 6.27477e-11
655.564 2.67961e-12
655.714 9.23542e-14
655.863 2.56893e-15
656.013 5.76711e-17
656.162 1.04489e-18
656.312 1.52788e-20
656.462 1.8041e-22
656.611 1.4338e-23
656.761 1.25272e-21
656.91 1.00359e-19
657.06 6.48943e-18
657.21 3.38685e-16
657.359 1.42668e-14
657.509 4.85056e-13
657.658 1.33105e-11
657.808 2.94803e-10
657.957 5.2699e-09
658.107 7.60334e-08
658.257 8.85395e-07
658.406 8.32144e-06
658.556 6.3123e-05
658.705 0.000386459
658.855 0.0019096
659.005 0.00761565
659.154 0.0245128
659.304 0.0636795
659.453 0.133514
659.603 0.225928
659.753 0.308553
659.902 0.340099
660.052 0.302549
660.201 0.217219
660.351 0.125867
660.5 0.0588621
660.65 0.0222161
660.8 0.00676719
660.949 0.00166362
661.099 0.000330069
661.248 5.28517e-05
661.398 6.82991e-06
661.548 7.12314e-07
661.697 5.99554e-08
661.847 4.0727e-09
661.996 2.23272e-10
662.146 9.87828e-12
662.296 3.52714e-13
662.445 1.01638e-14
662.595 2.36365e-16
662.744 4.43609e-18
662.894 6.71904e-20
663.043 8.21299e-22
663.193 8.10182e-24
663.343 6.44985e-26
663.492 4.14382e-28
663.642 2.1485e-30
663.791 9.03375e-33
663.941 1.2858e-32
664.091 3.02255e-30
664.24 5.74815e-28
664.39 8.82279e-26
664.539 1.09297e-23
664.689 1.09277e-21
664.838 8.81806e-20
664.988 5.74295e-18
665.138 3.01866e-16
665.287 1.28059e-14
665.437 4.38453e-13
665.586 1.21157e-11
665.736 2.70201e-10
665.886 4.86336e-09
666.035 7.06474e-08
666.185 8.28256e-07
666.334 7.83684e-06
666.484 5.98445e-05
666.634 0.000368818
666.783 0.00183444
666.933 0.00736375
667.082 0.0238559
667.232 0.0623724
667.381 0.13161
667.531 0.224121
667.681 0.308015
667.83 0.341632
667.98 0.305801
668.129 0.220908
668.279 0.128789
668.429 0.0605945
668.578 0.023008
668.728 0.00705039
668.877 0.00174355
669.027 0.00034797
669.176 5.60447e-05
669.326 7.28468e-06
669.476 7.64148e-07
669.625 6.50083e-08
669.775 1.01197e-08
669.924 8.16052e-08
670.074 9.3717e-07
670.223 8.71176e-06
670.373 6.53576e-05
670.523 0.000395715
670.672 0.00193359
670.822 0.00762501
670.971 0.0242666
671.121 0.0623261
671.271 0.129188
671.42 0.216103
671.57 0.291736
671.719 0.317839
671.869 0.279453
672.018 0.198288
672.168 0.113545
672.318 0.0524714
672.467 0.0195685
672.617 0.00588945
672.766 0.00143044
672.916 0.000280379
673.066 4.43503e-05
673.215 5.66141e-06
673.365 5.83214e-07
673.514 4.84848e-08
673.664 3.25279e-09
673.813 1.76108e-10
673.963 7.69434e-12
674.113 2.7129e-13
674.262 7.71909e-15
674.412 1.77242e-16
674.561 3.28422e-18
674.711 4.91094e-20
674.86 5.926e-22
675.01 5.77061e-24
675.16 4.53467e-26
675.309 2.87561e-28
675.459 1.47155e-30
675.608 6.07688e-33
675.758 2.02509e-35
675.907 5.44585e-38
676.057 1.1818e-40
676.207 2.06955e-43
676.356 2.92459e-46
676.506 3.33508e-49
676.655 3.06903e-52
676.805 2.27901e-55
676.955 1.36566e-58
677.104 6.60375e-62
677.254 2.57683e-65
677.403 8.1139e-69
677.553 2.06167e-72
677.702 4.22723e-76
677.852 6.99419e-80
678.002 9.3382e-84
678.151 1.00608e-87
678.301 8.74667e-92
678.45 6.13613e-96
678.6 3.47366e-100
678.749 1.58679e-104
678.899 5.84912e-109
679.049 1.7398e-113
679.198 4.17584e-118
679.348 8.0877e-123
679.497 1.26398e-127
679.647 1.59401e-132
679.796 1.62209e-137
679.946 1.33196e-142
680.096 8.82548e-148
680.245 4.71864e-153
680.395 2.03575e-158
680.544 7.08698e-164
680.694 1.99079e-169
680.843 4.51251e-175
680.993 8.25347e-181
681.143 1.21809e-186
681.292 1.4506e-192
681.442 1.39393e-198
681.591 1.08083e-204
681.741 6.7623e-211
681.89 3.41392e-217
682.04 1.3907e-223
682.19 4.57123e-230
682.339 1.67619e-235
682.489 5.61108e-229
682.638 1.63417e-222
682.788 3.84123e-216
682.937 7.2872e-210
683.087 1.11576e-203
683.237 1.37878e-197
683.386 1.37511e-191
683.536 1.10686e-185
683.685 7.19057e-180
683.835 3.77004e-174
683.984 1.5953e-168
684.134 5.44814e-163
684.284 1.50163e-157
684.433 3.34033e-152
684.583 5.99684e-147
684.732 8.68886e-142
684.882 1.01604e-136
685.031 9.58872e-132
685.181 7.30325e-127
685.33 4.48926e-122
685.48 2.22708e-117
685.63 8.91658e-113
685.779 2.88112e-108
685.929 7.51317e-104
686.078 1.58119e-99
686.228 2.6856e-95
686.377 3.68126e-91
686.527 4.07237e-87
686.677 3.63574e-83
686.826 2.61958e-79
686.976 1.52323e-75
687.125 7.14807e-72
687.275 2.7071e-68
687.424 8.2739e-65
687.574 2.04082e-61
687.723 4.06246e-58
687.873 6.52621e-55
688.023 8.46095e-52
688.172 8.85245e-49
688.322 7.47469e-46
688.471 5.09339e-43
688.621 2.80094e-40
688.77 1.24303e-37
688.92 4.45189e-35
689.07 1.28673e-32
689.219 3.00129e-30
689.369 5.64949e-28
689.518 8.58201e-26
689.668 1.05207e-23
689.817 1.04083e-21
689.967 8.30977e-20
690.116 5.35394e-18
690.266 2.78376e-16
690.416 1.16806e-14
690.565 3.95521e-13
690.715 1.0808e-11
690.864 2.38339e-10
691.014 4.24144e-09
691.163 6.09117e-08
691.313 7.05923e-07
691.462 6.6021e-06
691.612 4.9828e-05
691.762 0.000303481
691.911 0.00149161
692.061 0.00591623
692.21 0.0189364
692.36 0.0489119
692.509 0.101952
692.659 0.171489
692.808 0.232776
692.958 0.254977
693.108 0.225385
693.257 0.160771
693.407 0.0925438
693.556 0.0429878
693.706 0.0161139
693.855 0.0048743
694.005 0.00118982
694.154 0.00023437
694.304 3.72545e-05
694.453 4.77869e-06
694.603 4.94642e-07
694.753 4.13168e-08
694.902 2.78492e-09
695.052 1.51479e-10
695.201 6.64873e-12
695.351 2.35492e-13
695.5 6.73074e-15
695.65 1.55238e-16
695.799 2.88922e-18
695.949 4.3392e-20
696.099 5.25879e-22
696.248 5.14289e-24
696.398 4.05858e-26
696.547 2.58456e-28
696.697 1.32813e-30
696.846 5.50732e-33
696.996 1.84281e-35
697.145 4.97583e-38
697.295 1.08415e-40
697.444 1.90615e-43
697.594 2.70435e-46
697.744 3.09606e-49
697.893 2.86019e-52
698.043 2.15157e-55
698.192 3.01462e-54
698.342 3.77785e-51
698.491 3.82077e-48
698.641 3.11843e-45
698.79 2.05398e-42
698.94 1.09177e-39
699.089 4.6832e-37
699.239 1.62117e-34
699.388 4.52883e-32
699.538 1.02098e-29
699.688 1.85747e-27
699.837 2.72708e-25
699.987 3.23106e-23
700.136 3.08932e-21
700.286 2.38369e-19
700.435 1.48425e-17
700.585 7.45817e-16
700.734 3.0243e-14
700.884 9.89661e-13
701.033 2.61345e-11
701.183 5.56939e-10
