546.266 2.69691
546.415 2.69689
546.564 2.69688
546.714 2.69687
546.863 2.69686
547.012 2.69685
547.162 2.69684
547.311 2.69683
547.461 2.69682
547.61 2.69681
547.759 2.69679
547.909 2.69678
548.058 2.69677
548.207 2.69676
548.357 2.69675
548.506 2.69674
548.656 2.69673
548.805 2.69672
548.954 2.69671
549.104 2.69669
549.253 2.69668
549.402 2.69667
549.552 2.69666
549.701 2.69665
549.851 2.69664
550 2.69663
550.149 2.69662
550.299 2.69661
550.448 2.69659
550.598 2.69658
550.747 2.69657
550.896 2.69656
551.046 2.69655
551.195 2.69654
551.344 2.69653
551.494 2.69652
551.643 2.69651
551.793 2.6965
551.942 2.69649
552.091 2.69647
552.241 2.69646
552.39 2.69645
552.54 2.69644
552.689 2.69643
552.838 2.69642
552.988 2.69641
553.137 2.6964
553.287 2.69639
553.436 2.69638
553.585 2.69636
