296.686 2.72358
296.931 2.72355
297.176 2.72352
297.421 2.72348
297.666 2.72345
297.911 2.72341
298.157 2.72338
298.402 2.72335
298.647 2.72331
298.892 2.72328
299.137 2.72324
299.382 2.72321
299.627 2.72317
299.872 2.72314
300.118 2.72311
300.363 2.72307
300.608 2.72304
300.853 2.723
301.098 2.72297
301.343 2.72294
301.589 2.7229
301.834 2.72287
302.079 2.72283
302.324 2.7228
302.569 2.72277
302.814 2.72273
303.06 2.7227
303.305 2.72266
303.55 2.72263
303.795 2.7226
304.041 2.72256
304.286 2.72253
304.531 2.7225
304.776 2.72246
305.022 2.72243
305.267 2.72239
305.512 2.72236
305.757 2.72233
306.003 2.72229
306.248 2.72226
306.493 2.72223
306.739 2.72219
306.984 2.72216
307.229 2.72212
307.475 2.72209
307.72 2.72206
307.965 2.72202
308.21 2.72199
308.456 2.72196
308.701 2.72192
308.947 2.72189
309.192 2.72186
309.437 2.72182
309.683 2.72179
309.928 2.72176
310.173 2.72172
310.419 2.72169
310.664 2.72166
310.91 2.72162
311.155 2.72159
311.4 2.72156
311.646 2.72152
311.891 2.72149
312.137 2.72146
312.382 2.72142
312.627 2.72139
312.873 2.72136
313.118 2.72132
313.364 2.72129
313.609 2.72126
313.855 2.72122
314.1 2.72119
314.346 2.72116
314.591 2.72112
314.837 2.72109
315.082 2.72106
315.328 2.72102
315.573 2.72099
315.819 2.72096
316.064 2.72092
316.31 2.72089
316.555 2.72086
316.801 2.72083
317.046 2.72079
317.292 2.72076
317.537 2.72073
317.783 2.72069
318.028 2.72066
318.274 2.72063
318.52 2.72059
318.765 2.72056
319.011 2.72053
319.256 2.7205
319.502 2.72046
319.748 2.72043
319.993 2.7204
320.239 2.72036
320.484 2.72033
320.73 2.7203
320.976 2.72027
321.221 2.72023
321.467 2.7202
321.712 2.72017
321.958 2.72014
322.204 2.7201
322.449 2.72007
322.695 2.72004
322.941 2.72
323.186 2.71997
323.432 2.71994
323.678 2.71991
323.924 2.71987
324.169 2.71984
324.415 2.71981
324.661 2.71978
324.906 2.71974
325.152 2.71971
325.398 2.71968
325.644 2.71965
325.889 2.71961
326.135 2.71958
326.381 2.71955
326.626 2.71952
326.872 2.71948
327.118 2.71945
327.364 2.71942
327.61 2.71939
327.855 2.71936
328.101 2.71932
328.347 2.71929
328.593 2.71926
328.838 2.71923
329.084 2.71919
329.33 2.71916
329.576 2.71913
329.822 2.7191
330.068 2.71906
330.313 2.71903
330.559 2.719
330.805 2.71897
331.051 2.71894
331.297 2.7189
331.543 2.71887
331.788 2.71884
332.034 2.71881
332.28 2.71878
332.526 2.71874
332.772 2.71871
333.018 2.71868
333.264 2.71865
333.51 2.71862
333.756 2.71858
334.001 2.71855
334.247 2.71852
334.493 2.71849
334.739 2.71846
334.985 2.71842
335.231 2.71839
335.477 2.71836
335.723 2.71833
335.969 2.7183
336.215 2.71827
336.461 2.71823
336.707 2.7182
336.953 2.71817
337.199 2.71814
337.445 2.71811
337.691 2.71808
337.937 2.71804
338.183 2.71801
338.429 2.71798
338.675 2.71795
338.921 2.71792
339.167 2.71789
339.413 2.71785
339.659 2.71782
339.905 2.71779
340.151 2.71776
340.397 2.71773
340.643 2.7177
340.889 2.71766
341.135 2.71763
341.381 2.7176
341.627 2.71757
341.873 2.71754
342.119 2.71751
342.366 2.71748
342.612 2.71744
342.858 2.71741
343.104 2.71738
343.35 2.71735
343.596 2.71732
343.842 2.71729
344.088 2.71726
344.334 2.71723
344.581 2.71719
344.827 2.71716
345.073 2.71713
345.319 2.7171
345.565 2.71707
345.811 2.71704
346.058 2.71701
346.304 2.71698
346.55 2.71694
346.796 2.71691
347.042 2.71688
347.288 2.71685
347.535 2.71682
347.781 2.71679
348.027 2.71676
348.273 2.71673
348.519 2.7167
348.766 2.71666
349.012 2.71663
349.258 2.7166
349.504 2.71657
349.751 2.71654
349.997 2.71651
350.243 2.71648
350.489 2.71645
350.736 2.71642
350.982 2.71639
351.228 2.71636
351.474 2.71632
351.721 2.71629
351.967 2.71626
352.213 2.71623
352.46 2.7162
352.706 2.71617
352.952 2.71614
353.199 2.71611
353.445 2.71608
353.691 2.71605
353.937 2.71602
354.184 2.71599
354.43 2.71596
354.676 2.71593
354.923 2.71589
355.169 2.71586
355.416 2.71583
355.662 2.7158
355.908 2.71577
356.155 2.71574
356.401 2.71571
356.647 2.71568
356.894 2.71565
357.14 2.71562
357.387 2.71559
357.633 2.71556
357.879 2.71553
358.126 2.7155
358.372 2.71547
358.619 2.71544
358.865 2.71541
359.111 2.71538
359.358 2.71535
359.604 2.71532
359.851 2.71529
360.097 2.71526
360.344 2.71523
360.59 2.7152
360.837 2.71517
361.083 2.71513
361.33 2.7151
361.576 2.71507
361.823 2.71504
362.069 2.71501
362.316 2.71498
362.562 2.71495
362.809 2.71492
363.055 2.71489
363.302 2.71486
363.548 2.71483
363.795 2.7148
364.041 2.71477
364.288 2.71474
364.534 2.71471
364.781 2.71468
365.027 2.71465
365.274 2.71462
365.52 2.71459
365.767 2.71456
366.013 2.71453
366.26 2.7145
366.507 2.71447
366.753 2.71444
367 2.71441
367.246 2.71438
367.493 2.71435
367.74 2.71432
367.986 2.7143
368.233 2.71427
368.479 2.71424
368.726 2.71421
368.973 2.71418
369.219 2.71415
369.466 2.71412
369.713 2.71409
369.959 2.71406
370.206 2.71403
370.452 2.714
370.699 2.71397
370.946 2.71394
371.192 2.71391
371.439 2.71388
371.686 2.71385
371.932 2.71382
372.179 2.71379
372.426 2.71376
372.673 2.71373
372.919 2.7137
373.166 2.71367
373.413 2.71364
373.659 2.71361
373.906 2.71359
374.153 2.71356
374.399 2.71353
374.646 2.7135
374.893 2.71347
375.14 2.71344
375.386 2.71341
375.633 2.71338
375.88 2.71335
376.127 2.71332
376.373 2.71329
376.62 2.71326
376.867 2.71323
377.114 2.7132
377.361 2.71317
377.607 2.71315
377.854 2.71312
378.101 2.71309
378.348 2.71306
378.595 2.71303
378.841 2.713
379.088 2.71297
379.335 2.71294
379.582 2.71291
379.829 2.71288
380.075 2.71285
380.322 2.71283
380.569 2.7128
380.816 2.71277
381.063 2.71274
381.31 2.71271
381.557 2.71268
381.803 2.71265
382.05 2.71262
382.297 2.71259
382.544 2.71257
382.791 2.71254
383.038 2.71251
383.285 2.71248
383.532 2.71245
383.778 2.71242
384.025 2.71239
384.272 2.71236
384.519 2.71234
384.766 2.71231
385.013 2.71228
385.26 2.71225
385.507 2.71222
385.754 2.71219
386.001 2.71216
386.248 2.71213
386.495 2.71211
386.742 2.71208
386.989 2.71205
387.235 2.71202
387.482 2.71199
387.729 2.71196
387.976 2.71193
388.223 2.71191
388.47 2.71188
388.717 2.71185
388.964 2.71182
389.211 2.71179
389.458 2.71176
389.705 2.71174
389.952 2.71171
390.199 2.71168
390.446 2.71165
390.693 2.71162
390.94 2.71159
391.187 2.71157
391.434 2.71154
391.682 2.71151
391.929 2.71148
392.176 2.71145
392.423 2.71142
392.67 2.7114
392.917 2.71137
393.164 2.71134
393.411 2.71131
393.658 2.71128
393.905 2.71125
394.152 2.71123
394.399 2.7112
394.646 2.71117
394.893 2.71114
395.141 2.71111
395.388 2.71109
395.635 2.71106
395.882 2.71103
396.129 2.711
396.376 2.71097
396.623 2.71095
396.87 2.71092
397.117 2.71089
397.365 2.71086
397.612 2.71083
397.859 2.71081
398.106 2.71078
398.353 2.71075
398.6 2.71072
398.848 2.7107
399.095 2.71067
399.342 2.71064
399.589 2.71061
399.836 2.71058
400.083 2.71056
400.331 2.71053
400.578 2.7105
400.825 2.71047
401.072 2.71045
401.319 2.71042
401.567 2.71039
401.814 2.71036
402.061 2.71033
402.308 2.71031
402.555 2.71028
402.803 2.71025
403.05 2.71022
403.297 2.7102
403.544 2.71017
403.792 2.71014
404.039 2.71011
404.286 2.71009
404.533 2.71006
404.781 2.71003
405.028 2.71
405.275 2.70998
405.523 2.70995
405.77 2.70992
406.017 2.70989
406.264 2.70987
406.512 2.70984
406.759 2.70981
407.006 2.70979
407.254 2.70976
407.501 2.70973
407.748 2.7097
407.995 2.70968
408.243 2.70965
408.49 2.70962
408.737 2.70959
408.985 2.70957
409.232 2.70954
409.479 2.70951
409.727 2.70949
409.974 2.70946
410.222 2.70943
410.469 2.7094
410.716 2.70938
410.964 2.70935
411.211 2.70932
411.458 2.7093
411.706 2.70927
411.953 2.70924
412.201 2.70922
412.448 2.70919
412.695 2.70916
412.943 2.70913
413.19 2.70911
413.437 2.70908
413.685 2.70905
413.932 2.70903
414.18 2.709
414.427 2.70897
414.675 2.70895
414.922 2.70892
415.169 2.70889
415.417 2.70887
415.664 2.70884
415.912 2.70881
416.159 2.70879
416.407 2.70876
416.654 2.70873
416.902 2.70871
417.149 2.70868
417.397 2.70865
417.644 2.70863
417.891 2.7086
418.139 2.70857
418.386 2.70855
418.634 2.70852
418.881 2.70849
419.129 2.70847
419.376 2.70844
419.624 2.70841
419.871 2.70839
420.119 2.70836
420.366 2.70833
420.614 2.70831
420.862 2.70828
421.109 2.70825
421.357 2.70823
421.604 2.7082
421.852 2.70817
422.099 2.70815
422.347 2.70812
422.594 2.7081
422.842 2.70807
423.089 2.70804
423.337 2.70802
423.585 2.70799
423.832 2.70796
424.08 2.70794
424.327 2.70791
424.575 2.70789
424.822 2.70786
425.07 2.70783
425.318 2.70781
425.565 2.70778
425.813 2.70775
426.06 2.70773
426.308 2.7077
426.556 2.70768
426.803 2.70765
427.051 2.70762
427.298 2.7076
427.546 2.70757
427.794 2.70755
428.041 2.70752
428.289 2.70749
428.537 2.70747
428.784 2.70744
429.032 2.70742
429.28 2.70739
429.527 2.70736
429.775 2.70734
430.023 2.70731
430.27 2.70729
430.518 2.70726
430.766 2.70724
431.013 2.70721
431.261 2.70718
431.509 2.70716
431.756 2.70713
432.004 2.70711
432.252 2.70708
432.499 2.70705
432.747 2.70703
432.995 2.707
433.243 2.70698
433.49 2.70695
433.738 2.70693
433.986 2.7069
434.233 2.70688
434.481 2.70685
434.729 2.70682
434.977 2.7068
435.224 2.70677
435.472 2.70675
435.72 2.70672
435.968 2.7067
436.215 2.70667
436.463 2.70665
436.711 2.70662
436.959 2.70659
437.206 2.70657
437.454 2.70654
437.702 2.70652
437.95 2.70649
438.198 2.70647
438.445 2.70644
438.693 2.70642
438.941 2.70639
439.189 2.70637
439.436 2.70634
439.684 2.70632
439.932 2.70629
440.18 2.70627
440.428 2.70624
440.676 2.70621
440.923 2.70619
441.171 2.70616
441.419 2.70614
441.667 2.70611
441.915 2.70609
442.163 2.70606
442.41 2.70604
442.658 2.70601
442.906 2.70599
443.154 2.70596
443.402 2.70594
443.65 2.70591
443.898 2.70589
444.145 2.70586
444.393 2.70584
444.641 2.70581
444.889 2.70579
445.137 2.70576
445.385 2.70574
445.633 2.70571
445.881 2.70569
446.128 2.70566
446.376 2.70564
446.624 2.70561
446.872 2.70559
447.12 2.70556
447.368 2.70554
447.616 2.70552
447.864 2.70549
448.112 2.70547
448.36 2.70544
448.608 2.70542
448.856 2.70539
449.104 2.70537
449.351 2.70534
449.599 2.70532
449.847 2.70529
450.095 2.70527
450.343 2.70524
450.591 2.70522
450.839 2.70519
451.087 2.70517
451.335 2.70515
451.583 2.70512
451.831 2.7051
452.079 2.70507
452.327 2.70505
452.575 2.70502
452.823 2.705
453.071 2.70497
453.319 2.70495
453.567 2.70493
453.815 2.7049
454.063 2.70488
454.311 2.70485
454.559 2.70483
454.807 2.7048
455.055 2.70478
455.303 2.70476
455.551 2.70473
455.799 2.70471
456.047 2.70468
456.295 2.70466
456.543 2.70463
456.791 2.70461
457.039 2.70459
457.287 2.70456
457.535 2.70454
457.783 2.70451
458.031 2.70449
458.28 2.70446
458.528 2.70444
458.776 2.70442
459.024 2.70439
459.272 2.70437
459.52 2.70434
459.768 2.70432
460.016 2.7043
460.264 2.70427
460.512 2.70425
460.76 2.70422
461.008 2.7042
461.257 2.70418
461.505 2.70415
461.753 2.70413
462.001 2.70411
462.249 2.70408
462.497 2.70406
462.745 2.70403
462.993 2.70401
463.241 2.70399
463.49 2.70396
463.738 2.70394
463.986 2.70391
464.234 2.70389
464.482 2.70387
464.73 2.70384
464.978 2.70382
465.227 2.7038
465.475 2.70377
465.723 2.70375
465.971 2.70373
466.219 2.7037
466.467 2.70368
466.715 2.70365
466.964 2.70363
467.212 2.70361
467.46 2.70358
467.708 2.70356
467.956 2.70354
468.205 2.70351
468.453 2.70349
468.701 2.70347
468.949 2.70344
469.197 2.70342
469.446 2.7034
469.694 2.70337
469.942 2.70335
470.19 2.70333
470.438 2.7033
470.687 2.70328
470.935 2.70326
471.183 2.70323
471.431 2.70321
471.679 2.70319
471.928 2.70316
472.176 2.70314
472.424 2.70312
472.672 2.70309
472.921 2.70307
473.169 2.70305
473.417 2.70302
473.665 2.703
473.914 2.70298
474.162 2.70295
474.41 2.70293
474.658 2.70291
474.907 2.70289
475.155 2.70286
475.403 2.70284
475.652 2.70282
475.9 2.70279
476.148 2.70277
476.396 2.70275
476.645 2.70272
476.893 2.7027
477.141 2.70268
477.39 2.70266
477.638 2.70263
477.886 2.70261
478.134 2.70259
478.383 2.70256
478.631 2.70254
478.879 2.70252
479.128 2.7025
479.376 2.70247
479.624 2.70245
479.873 2.70243
480.121 2.7024
480.369 2.70238
480.618 2.70236
480.866 2.70234
481.114 2.70231
481.363 2.70229
481.611 2.70227
481.859 2.70225
482.108 2.70222
482.356 2.7022
482.604 2.70218
482.853 2.70216
483.101 2.70213
483.35 2.70211
483.598 2.70209
483.846 2.70207
484.095 2.70204
484.343 2.70202
484.591 2.702
484.84 2.70198
485.088 2.70195
485.337 2.70193
485.585 2.70191
485.833 2.70189
486.082 2.70186
486.33 2.70184
486.579 2.70182
486.827 2.7018
487.075 2.70177
487.324 2.70175
487.572 2.70173
487.821 2.70171
488.069 2.70168
488.318 2.70166
488.566 2.70164
488.814 2.70162
489.063 2.7016
489.311 2.70157
489.56 2.70155
489.808 2.70153
490.057 2.70151
490.305 2.70149
490.553 2.70146
490.802 2.70144
491.05 2.70142
491.299 2.7014
491.547 2.70138
491.796 2.70135
492.044 2.70133
492.293 2.70131
492.541 2.70129
492.79 2.70127
493.038 2.70124
493.287 2.70122
493.535 2.7012
493.783 2.70118
494.032 2.70116
494.28 2.70113
494.529 2.70111
494.777 2.70109
495.026 2.70107
495.274 2.70105
495.523 2.70102
495.771 2.701
496.02 2.70098
496.268 2.70096
496.517 2.70094
496.765 2.70092
497.014 2.70089
497.262 2.70087
497.511 2.70085
497.76 2.70083
498.008 2.70081
498.257 2.70079
498.505 2.70076
498.754 2.70074
499.002 2.70072
499.251 2.7007
499.499 2.70068
499.748 2.70066
499.996 2.70064
500.245 2.70061
500.493 2.70059
500.742 2.70057
500.991 2.70055
501.239 2.70053
501.488 2.70051
501.736 2.70049
501.985 2.70046
502.233 2.70044
502.482 2.70042
502.731 2.7004
502.979 2.70038
503.228 2.70036
503.476 2.70034
503.725 2.70031
503.973 2.70029
504.222 2.70027
504.471 2.70025
504.719 2.70023
504.968 2.70021
505.216 2.70019
505.465 2.70017
505.714 2.70015
505.962 2.70012
506.211 2.7001
506.459 2.70008
506.708 2.70006
506.957 2.70004
507.205 2.70002
507.454 2.7
507.703 2.69998
507.951 2.69996
508.2 2.69993
508.448 2.69991
508.697 2.69989
508.946 2.69987
509.194 2.69985
509.443 2.69983
509.692 2.69981
509.94 2.69979
510.189 2.69977
510.438 2.69975
510.686 2.69973
510.935 2.6997
511.183 2.69968
511.432 2.69966
511.681 2.69964
511.929 2.69962
512.178 2.6996
512.427 2.69958
512.675 2.69956
512.924 2.69954
513.173 2.69952
513.421 2.6995
513.67 2.69948
513.919 2.69946
514.168 2.69944
514.416 2.69942
514.665 2.69939
514.914 2.69937
515.162 2.69935
515.411 2.69933
515.66 2.69931
515.908 2.69929
516.157 2.69927
516.406 2.69925
516.655 2.69923
516.903 2.69921
517.152 2.69919
517.401 2.69917
517.649 2.69915
517.898 2.69913
518.147 2.69911
518.396 2.69909
518.644 2.69907
518.893 2.69905
519.142 2.69903
519.39 2.69901
519.639 2.69899
519.888 2.69897
520.137 2.69895
520.385 2.69893
520.634 2.69891
520.883 2.69888
521.132 2.69886
521.38 2.69884
521.629 2.69882
521.878 2.6988
522.127 2.69878
522.375 2.69876
522.624 2.69874
522.873 2.69872
523.122 2.6987
523.37 2.69868
523.619 2.69866
523.868 2.69864
524.117 2.69862
524.366 2.6986
524.614 2.69858
524.863 2.69856
525.112 2.69854
525.361 2.69852
525.609 2.6985
525.858 2.69848
526.107 2.69846
526.356 2.69844
526.605 2.69842
526.853 2.6984
527.102 2.69838
527.351 2.69837
527.6 2.69835
527.849 2.69833
528.097 2.69831
528.346 2.69829
528.595 2.69827
528.844 2.69825
529.093 2.69823
529.341 2.69821
529.59 2.69819
529.839 2.69817
530.088 2.69815
530.337 2.69813
530.586 2.69811
530.834 2.69809
531.083 2.69807
531.332 2.69805
531.581 2.69803
531.83 2.69801
532.079 2.69799
532.327 2.69797
532.576 2.69795
532.825 2.69793
533.074 2.69791
533.323 2.69789
533.572 2.69788
533.821 2.69786
534.069 2.69784
534.318 2.69782
534.567 2.6978
534.816 2.69778
535.065 2.69776
535.314 2.69774
535.563 2.69772
535.811 2.6977
536.06 2.69768
536.309 2.69766
536.558 2.69764
536.807 2.69762
537.056 2.6976
537.305 2.69759
537.554 2.69757
537.802 2.69755
538.051 2.69753
538.3 2.69751
538.549 2.69749
538.798 2.69747
539.047 2.69745
539.296 2.69743
539.545 2.69741
539.794 2.69739
540.042 2.69738
540.291 2.69736
540.54 2.69734
540.789 2.69732
541.038 2.6973
541.287 2.69728
541.536 2.69726
541.785 2.69724
542.034 2.69722
542.283 2.69721
542.532 2.69719
542.781 2.69717
543.029 2.69715
543.278 2.69713
543.527 2.69711
543.776 2.69709
544.025 2.69707
544.274 2.69705
544.523 2.69704
544.772 2.69702
545.021 2.697
545.27 2.69698
545.519 2.69696
545.768 2.69694
546.017 2.69692
546.266 2.69691
546.515 2.69689
546.763 2.69687
547.012 2.69685
547.261 2.69683
547.51 2.69681
547.759 2.69679
548.008 2.69678
548.257 2.69676
548.506 2.69674
548.755 2.69672
549.004 2.6967
549.253 2.69668
549.502 2.69666
549.751 2.69665
550 2.69663
550.249 2.69661
550.498 2.69659
550.747 2.69657
550.996 2.69655
551.245 2.69654
551.494 2.69652
551.743 2.6965
551.992 2.69648
552.241 2.69646
552.49 2.69644
552.739 2.69643
552.988 2.69641
553.237 2.69639
553.486 2.69637
553.735 2.69635
553.984 2.69634
554.233 2.69632
554.482 2.6963
554.731 2.69628
554.98 2.69626
555.229 2.69625
555.478 2.69623
555.727 2.69621
555.976 2.69619
556.225 2.69617
556.474 2.69616
556.723 2.69614
556.972 2.69612
557.221 2.6961
557.47 2.69608
557.719 2.69607
557.968 2.69605
558.217 2.69603
558.466 2.69601
558.715 2.69599
558.964 2.69598
559.213 2.69596
559.462 2.69594
559.711 2.69592
559.96 2.6959
560.209 2.69589
560.458 2.69587
560.707 2.69585
560.956 2.69583
561.205 2.69582
561.454 2.6958
561.704 2.69578
561.953 2.69576
562.202 2.69575
562.451 2.69573
562.7 2.69571
562.949 2.69569
563.198 2.69568
563.447 2.69566
563.696 2.69564
563.945 2.69562
564.194 2.6956
564.443 2.69559
564.692 2.69557
564.941 2.69555
565.19 2.69554
565.439 2.69552
565.689 2.6955
565.938 2.69548
566.187 2.69547
566.436 2.69545
566.685 2.69543
566.934 2.69541
567.183 2.6954
567.432 2.69538
567.681 2.69536
567.93 2.69534
568.179 2.69533
568.428 2.69531
568.677 2.69529
568.927 2.69528
569.176 2.69526
569.425 2.69524
569.674 2.69522
569.923 2.69521
570.172 2.69519
570.421 2.69517
570.67 2.69515
570.919 2.69514
571.168 2.69512
571.418 2.6951
571.667 2.69509
571.916 2.69507
572.165 2.69505
572.414 2.69504
572.663 2.69502
572.912 2.695
573.161 2.69498
573.41 2.69497
573.66 2.69495
573.909 2.69493
574.158 2.69492
574.407 2.6949
574.656 2.69488
574.905 2.69487
575.154 2.69485
575.403 2.69483
575.652 2.69482
575.902 2.6948
576.151 2.69478
576.4 2.69477
576.649 2.69475
576.898 2.69473
577.147 2.69472
577.396 2.6947
577.646 2.69468
577.895 2.69467
578.144 2.69465
578.393 2.69463
578.642 2.69462
578.891 2.6946
579.14 2.69458
579.39 2.69457
579.639 2.69455
579.888 2.69453
580.137 2.69452
580.386 2.6945
580.635 2.69448
580.884 2.69447
581.134 2.69445
581.383 2.69443
581.632 2.69442
581.881 2.6944
582.13 2.69438
582.379 2.69437
582.628 2.69435
582.878 2.69434
583.127 2.69432
583.376 2.6943
583.625 2.69429
583.874 2.69427
584.123 2.69425
584.373 2.69424
584.622 2.69422
584.871 2.6942
585.12 2.69419
585.369 2.69417
585.618 2.69416
585.868 2.69414
586.117 2.69412
586.366 2.69411
586.615 2.69409
586.864 2.69408
587.114 2.69406
587.363 2.69404
587.612 2.69403
587.861 2.69401
588.11 2.694
588.359 2.69398
588.609 2.69396
588.858 2.69395
589.107 2.69393
589.356 2.69392
589.605 2.6939
589.855 2.69388
590.104 2.69387
590.353 2.69385
590.602 2.69384
590.851 2.69382
591.101 2.6938
591.35 2.69379
591.599 2.69377
591.848 2.69376
592.097 2.69374
592.347 2.69372
592.596 2.69371
592.845 2.69369
593.094 2.69368
593.343 2.69366
593.593 2.69365
593.842 2.69363
594.091 2.69361
594.34 2.6936
594.589 2.69358
594.839 2.69357
595.088 2.69355
595.337 2.69354
595.586 2.69352
595.835 2.69351
596.085 2.69349
596.334 2.69347
596.583 2.69346
596.832 2.69344
597.082 2.69343
597.331 2.69341
597.58 2.6934
597.829 2.69338
598.078 2.69337
598.328 2.69335
598.577 2.69334
598.826 2.69332
599.075 2.6933
599.325 2.69329
599.574 2.69327
599.823 2.69326
600.072 2.69324
600.321 2.69323
600.571 2.69321
600.82 2.6932
601.069 2.69318
601.318 2.69317
601.568 2.69315
601.817 2.69314
602.066 2.69312
602.315 2.69311
602.565 2.69309
602.814 2.69308
603.063 2.69306
603.312 2.69305
603.562 2.69303
603.811 2.69302
604.06 2.693
604.309 2.69299
604.558 2.69297
604.808 2.69296
605.057 2.69294
605.306 2.69293
605.555 2.69291
605.805 2.6929
606.054 2.69288
606.303 2.69287
606.552 2.69285
606.802 2.69284
607.051 2.69282
607.3 2.69281
607.549 2.69279
607.799 2.69278
608.048 2.69276
608.297 2.69275
608.546 2.69273
608.796 2.69272
609.045 2.6927
609.294 2.69269
609.544 2.69267
609.793 2.69266
610.042 2.69264
610.291 2.69263
610.541 2.69261
610.79 2.6926
611.039 2.69259
611.288 2.69257
611.538 2.69256
611.787 2.69254
612.036 2.69253
612.285 2.69251
612.535 2.6925
612.784 2.69248
613.033 2.69247
613.282 2.69245
613.532 2.69244
613.781 2.69243
614.03 2.69241
614.28 2.6924
614.529 2.69238
614.778 2.69237
615.027 2.69235
615.277 2.69234
615.526 2.69232
615.775 2.69231
616.024 2.6923
616.274 2.69228
616.523 2.69227
616.772 2.69225
617.022 2.69224
617.271 2.69222
617.52 2.69221
617.769 2.6922
618.019 2.69218
618.268 2.69217
618.517 2.69215
618.767 2.69214
619.016 2.69213
619.265 2.69211
619.514 2.6921
619.764 2.69208
620.013 2.69207
620.262 2.69205
620.512 2.69204
620.761 2.69203
621.01 2.69201
621.259 2.692
621.509 2.69198
621.758 2.69197
622.007 2.69196
622.257 2.69194
622.506 2.69193
622.755 2.69192
623.004 2.6919
623.254 2.69189
623.503 2.69187
623.752 2.69186
624.002 2.69185
624.251 2.69183
624.5 2.69182
624.749 2.6918
624.999 2.69179
625.248 2.69178
625.497 2.69176
625.747 2.69175
625.996 2.69174
626.245 2.69172
626.495 2.69171
626.744 2.69169
626.993 2.69168
627.242 2.69167
627.492 2.69165
627.741 2.69164
627.99 2.69163
628.24 2.69161
628.489 2.6916
628.738 2.69159
628.987 2.69157
629.237 2.69156
629.486 2.69155
629.735 2.69153
629.985 2.69152
630.234 2.69151
630.483 2.69149
630.733 2.69148
630.982 2.69146
631.231 2.69145
631.481 2.69144
631.73 2.69142
631.979 2.69141
632.228 2.6914
632.478 2.69138
632.727 2.69137
632.976 2.69136
633.226 2.69134
633.475 2.69133
633.724 2.69132
633.974 2.69131
634.223 2.69129
634.472 2.69128
634.721 2.69127
634.971 2.69125
635.22 2.69124
635.469 2.69123
635.719 2.69121
635.968 2.6912
636.217 2.69119
636.467 2.69117
636.716 2.69116
636.965 2.69115
637.215 2.69113
637.464 2.69112
637.713 2.69111
637.962 2.6911
638.212 2.69108
638.461 2.69107
638.71 2.69106
638.96 2.69104
639.209 2.69103
639.458 2.69102
639.708 2.69101
639.957 2.69099
640.206 2.69098
640.456 2.69097
640.705 2.69095
640.954 2.69094
641.204 2.69093
641.453 2.69092
641.702 2.6909
641.951 2.69089
642.201 2.69088
642.45 2.69086
642.699 2.69085
642.949 2.69084
643.198 2.69083
643.447 2.69081
643.697 2.6908
643.946 2.69079
644.195 2.69078
644.445 2.69076
644.694 2.69075
644.943 2.69074
645.193 2.69073
645.442 2.69071
645.691 2.6907
645.941 2.69069
646.19 2.69068
646.439 2.69066
646.688 2.69065
646.938 2.69064
647.187 2.69063
647.436 2.69061
647.686 2.6906
647.935 2.69059
648.184 2.69058
648.434 2.69056
648.683 2.69055
648.932 2.69054
649.182 2.69053
649.431 2.69052
649.68 2.6905
649.93 2.69049
650.179 2.69048
650.428 2.69047
650.677 2.69045
650.927 2.69044
651.176 2.69043
651.425 2.69042
651.675 2.69041
651.924 2.69039
652.173 2.69038
652.423 2.69037
652.672 2.69036
652.921 2.69035
653.171 2.69033
653.42 2.69032
653.669 2.69031
653.919 2.6903
654.168 2.69029
654.417 2.69027
654.667 2.69026
654.916 2.69025
655.165 2.69024
655.414 2.69023
655.664 2.69021
655.913 2.6902
656.162 2.69019
656.412 2.69018
656.661 2.69017
656.91 2.69015
657.16 2.69014
657.409 2.69013
657.658 2.69012
657.908 2.69011
658.157 2.6901
658.406 2.69008
658.656 2.69007
658.905 2.69006
659.154 2.69005
659.404 2.69004
659.653 2.69003
659.902 2.69001
660.151 2.69
660.401 2.68999
660.65 2.68998
660.899 2.68997
661.149 2.68996
661.398 2.68994
661.647 2.68993
661.897 2.68992
662.146 2.68991
662.395 2.6899
662.645 2.68989
662.894 2.68988
663.143 2.68986
663.392 2.68985
663.642 2.68984
663.891 2.68983
664.14 2.68982
664.39 2.68981
664.639 2.6898
664.888 2.68978
665.138 2.68977
665.387 2.68976
665.636 2.68975
665.886 2.68974
666.135 2.68973
666.384 2.68972
666.634 2.68971
666.883 2.68969
667.132 2.68968
667.381 2.68967
667.631 2.68966
667.88 2.68965
668.129 2.68964
668.379 2.68963
668.628 2.68962
668.877 2.68961
669.127 2.68959
669.376 2.68958
669.625 2.68957
669.874 2.68956
670.124 2.68955
670.373 2.68954
670.622 2.68953
670.872 2.68952
671.121 2.68951
671.37 2.6895
671.62 2.68948
671.869 2.68947
672.118 2.68946
672.367 2.68945
672.617 2.68944
672.866 2.68943
673.115 2.68942
673.365 2.68941
673.614 2.6894
673.863 2.68939
674.113 2.68938
674.362 2.68937
674.611 2.68935
674.86 2.68934
675.11 2.68933
675.359 2.68932
675.608 2.68931
675.858 2.6893
676.107 2.68929
676.356 2.68928
676.606 2.68927
676.855 2.68926
677.104 2.68925
677.353 2.68924
677.603 2.68923
677.852 2.68922
678.101 2.68921
678.351 2.6892
678.6 2.68919
678.849 2.68917
679.098 2.68916
679.348 2.68915
679.597 2.68914
679.846 2.68913
680.096 2.68912
680.345 2.68911
680.594 2.6891
680.843 2.68909
681.093 2.68908
681.342 2.68907
681.591 2.68906
681.841 2.68905
682.09 2.68904
682.339 2.68903
682.588 2.68902
682.838 2.68901
683.087 2.689
683.336 2.68899
683.586 2.68898
683.835 2.68897
684.084 2.68896
684.333 2.68895
684.583 2.68894
684.832 2.68893
685.081 2.68892
685.33 2.68891
685.58 2.6889
685.829 2.68889
686.078 2.68888
686.328 2.68887
686.577 2.68886
686.826 2.68885
687.075 2.68884
687.325 2.68883
687.574 2.68882
687.823 2.68881
688.072 2.6888
688.322 2.68879
688.571 2.68878
688.82 2.68877
689.07 2.68876
689.319 2.68875
689.568 2.68874
689.817 2.68873
690.067 2.68872
690.316 2.68871
690.565 2.6887
690.814 2.68869
691.064 2.68868
691.313 2.68867
691.562 2.68866
691.811 2.68865
692.061 2.68864
692.31 2.68863
692.559 2.68862
692.808 2.68861
693.058 2.6886
693.307 2.68859
693.556 2.68858
693.805 2.68857
694.055 2.68856
694.304 2.68856
694.553 2.68855
694.802 2.68854
695.052 2.68853
695.301 2.68852
695.55 2.68851
695.799 2.6885
696.049 2.68849
696.298 2.68848
696.547 2.68847
696.796 2.68846
697.046 2.68845
697.295 2.68844
697.544 2.68843
697.793 2.68842
698.043 2.68841
698.292 2.68841
698.541 2.6884
698.79 2.68839
699.04 2.68838
699.289 2.68837
699.538 2.68836
699.787 2.68835
700.037 2.68834
700.286 2.68833
700.535 2.68832
700.784 2.68831
701.033 2.6883
701.283 2.68829
701.532 2.68829
701.781 2.68828
702.03 2.68827
702.28 2.68826
702.529 2.68825
702.778 2.68824
703.027 2.68823
703.276 2.68822
703.526 2.68821
703.775 2.6882
704.024 2.6882
704.273 2.68819
704.523 2.68818
704.772 2.68817
705.021 2.68816
705.27 2.68815
705.519 2.68814
705.769 2.68813
706.018 2.68812
706.267 2.68812
706.516 2.68811
706.765 2.6881
707.015 2.68809
707.264 2.68808
707.513 2.68807
707.762 2.68806
708.011 2.68805
708.261 2.68805
708.51 2.68804
708.759 2.68803
709.008 2.68802
709.258 2.68801
709.507 2.688
709.756 2.68799
710.005 2.68799
710.254 2.68798
710.503 2.68797
710.753 2.68796
711.002 2.68795
711.251 2.68794
711.5 2.68793
711.749 2.68793
711.999 2.68792
712.248 2.68791
712.497 2.6879
712.746 2.68789
712.995 2.68788
713.245 2.68788
713.494 2.68787
713.743 2.68786
713.992 2.68785
714.241 2.68784
714.49 2.68783
714.74 2.68783
714.989 2.68782
715.238 2.68781
715.487 2.6878
715.736 2.68779
715.986 2.68778
716.235 2.68778
716.484 2.68777
716.733 2.68776
716.982 2.68775
717.231 2.68774
717.481 2.68774
717.73 2.68773
717.979 2.68772
718.228 2.68771
718.477 2.6877
718.726 2.6877
718.975 2.68769
719.225 2.68768
719.474 2.68767
719.723 2.68766
719.972 2.68766
720.221 2.68765
720.47 2.68764
720.72 2.68763
720.969 2.68762
721.218 2.68762
721.467 2.68761
721.716 2.6876
721.965 2.68759
722.214 2.68758
722.464 2.68758
722.713 2.68757
722.962 2.68756
723.211 2.68755
723.46 2.68755
723.709 2.68754
723.958 2.68753
724.208 2.68752
724.457 2.68751
724.706 2.68751
724.955 2.6875
725.204 2.68749
725.453 2.68748
725.702 2.68748
725.951 2.68747
726.201 2.68746
726.45 2.68745
726.699 2.68745
726.948 2.68744
727.197 2.68743
727.446 2.68742
727.695 2.68742
727.944 2.68741
728.193 2.6874
728.443 2.68739
728.692 2.68739
728.941 2.68738
729.19 2.68737
729.439 2.68736
729.688 2.68736
729.937 2.68735
730.186 2.68734
730.435 2.68733
730.685 2.68733
730.934 2.68732
731.183 2.68731
731.432 2.68731
731.681 2.6873
731.93 2.68729
732.179 2.68728
732.428 2.68728
732.677 2.68727
732.926 2.68726
733.175 2.68725
733.425 2.68725
733.674 2.68724
733.923 2.68723
734.172 2.68723
734.421 2.68722
734.67 2.68721
734.919 2.68721
735.168 2.6872
735.417 2.68719
735.666 2.68718
735.915 2.68718
736.164 2.68717
736.413 2.68716
736.662 2.68716
736.912 2.68715
737.161 2.68714
737.41 2.68714
737.659 2.68713
737.908 2.68712
738.157 2.68711
738.406 2.68711
738.655 2.6871
738.904 2.68709
739.153 2.68709
739.402 2.68708
739.651 2.68707
739.9 2.68707
740.149 2.68706
740.398 2.68705
740.647 2.68705
740.896 2.68704
741.145 2.68703
741.394 2.68703
741.643 2.68702
741.893 2.68701
742.142 2.68701
742.391 2.687
742.64 2.68699
742.889 2.68699
743.138 2.68698
743.387 2.68697
743.636 2.68697
743.885 2.68696
744.134 2.68695
744.383 2.68695
744.632 2.68694
744.881 2.68694
745.13 2.68693
745.379 2.68692
745.628 2.68692
745.877 2.68691
746.126 2.6869
746.375 2.6869
746.624 2.68689
746.873 2.68688
747.122 2.68688
747.371 2.68687
747.62 2.68687
747.869 2.68686
748.118 2.68685
748.367 2.68685
748.616 2.68684
748.865 2.68683
749.114 2.68683
749.363 2.68682
749.612 2.68682
749.861 2.68681
750.11 2.6868
750.359 2.6868
750.608 2.68679
750.857 2.68679
751.106 2.68678
751.355 2.68677
751.604 2.68677
751.853 2.68676
752.102 2.68675
752.351 2.68675
752.599 2.68674
752.848 2.68674
753.097 2.68673
753.346 2.68672
753.595 2.68672
753.844 2.68671
754.093 2.68671
754.342 2.6867
754.591 2.6867
754.84 2.68669
755.089 2.68668
755.338 2.68668
755.587 2.68667
755.836 2.68667
756.085 2.68666
756.334 2.68665
756.583 2.68665
756.832 2.68664
757.081 2.68664
757.329 2.68663
757.578 2.68663
757.827 2.68662
758.076 2.68661
758.325 2.68661
758.574 2.6866
758.823 2.6866
759.072 2.68659
759.321 2.68659
759.57 2.68658
759.819 2.68658
760.068 2.68657
760.317 2.68656
760.565 2.68656
760.814 2.68655
761.063 2.68655
761.312 2.68654
761.561 2.68654
761.81 2.68653
762.059 2.68653
762.308 2.68652
762.557 2.68652
762.806 2.68651
763.054 2.68651
763.303 2.6865
763.552 2.68649
763.801 2.68649
764.05 2.68648
764.299 2.68648
764.548 2.68647
764.797 2.68647
765.045 2.68646
765.294 2.68646
765.543 2.68645
765.792 2.68645
766.041 2.68644
766.29 2.68644
766.539 2.68643
766.787 2.68643
767.036 2.68642
767.285 2.68642
767.534 2.68641
767.783 2.68641
768.032 2.6864
768.281 2.6864
768.529 2.68639
768.778 2.68639
769.027 2.68638
769.276 2.68638
769.525 2.68637
769.774 2.68637
770.022 2.68636
770.271 2.68636
770.52 2.68635
770.769 2.68635
771.018 2.68634
771.267 2.68634
771.515 2.68633
771.764 2.68633
772.013 2.68632
772.262 2.68632
772.511 2.68631
772.76 2.68631
773.008 2.6863
773.257 2.6863
773.506 2.68629
773.755 2.68629
774.004 2.68628
774.252 2.68628
774.501 2.68628
774.75 2.68627
774.999 2.68627
775.248 2.68626
775.496 2.68626
775.745 2.68625
775.994 2.68625
776.243 2.68624
776.491 2.68624
776.74 2.68623
776.989 2.68623
777.238 2.68622
777.487 2.68622
777.735 2.68622
777.984 2.68621
778.233 2.68621
778.482 2.6862
778.73 2.6862
778.979 2.68619
779.228 2.68619
779.477 2.68619
779.725 2.68618
779.974 2.68618
780.223 2.68617
780.472 2.68617
780.72 2.68616
780.969 2.68616
781.218 2.68616
781.467 2.68615
781.715 2.68615
781.964 2.68614
782.213 2.68614
782.462 2.68613
782.71 2.68613
782.959 2.68613
783.208 2.68612
783.456 2.68612
783.705 2.68611
783.954 2.68611
784.203 2.68611
784.451 2.6861
784.7 2.6861
784.949 2.68609
785.197 2.68609
785.446 2.68609
785.695 2.68608
785.944 2.68608
786.192 2.68607
786.441 2.68607
786.69 2.68607
786.938 2.68606
787.187 2.68606
787.436 2.68605
787.684 2.68605
787.933 2.68605
788.182 2.68604
788.43 2.68604
788.679 2.68603
788.928 2.68603
789.176 2.68603
789.425 2.68602
789.674 2.68602
789.922 2.68602
790.171 2.68601
790.42 2.68601
790.668 2.686
790.917 2.686
791.166 2.686
791.414 2.68599
791.663 2.68599
791.912 2.68599
792.16 2.68598
792.409 2.68598
792.658 2.68598
792.906 2.68597
793.155 2.68597
793.403 2.68597
793.652 2.68596
793.901 2.68596
794.149 2.68595
794.398 2.68595
794.647 2.68595
794.895 2.68594
795.144 2.68594
795.392 2.68594
795.641 2.68593
795.89 2.68593
796.138 2.68593
796.387 2.68592
796.635 2.68592
796.884 2.68592
797.133 2.68591
797.381 2.68591
797.63 2.68591
797.878 2.6859
798.127 2.6859
798.375 2.6859
798.624 2.68589
798.873 2.68589
799.121 2.68589
799.37 2.68589
799.618 2.68588
799.867 2.68588
800.115 2.68588
800.364 2.68587
800.613 2.68587
800.861 2.68587
801.11 2.68586
801.358 2.68586
801.607 2.68586
801.855 2.68585
802.104 2.68585
802.352 2.68585
802.601 2.68585
802.849 2.68584
803.098 2.68584
803.347 2.68584
803.595 2.68583
803.844 2.68583
804.092 2.68583
804.341 2.68583
804.589 2.68582
804.838 2.68582
