296.686 -0.00873346
296.931 -0.00866803
297.176 -0.00860098
297.421 -0.00853231
297.666 -0.00846202
297.911 -0.0083901
298.157 -0.00831654
298.402 -0.00824134
298.647 -0.0081645
298.892 -0.008086
299.137 -0.00800585
299.382 -0.00792403
299.627 -0.00784055
299.872 -0.0077554
300.118 -0.00766857
300.363 -0.00758006
300.608 -0.00748987
300.853 -0.00739799
301.098 -0.00730441
301.343 -0.00720913
301.589 -0.00711216
301.834 -0.00701347
302.079 -0.00691308
302.324 -0.00681097
302.569 -0.00670714
302.814 -0.00660159
303.06 -0.00649431
303.305 -0.00638531
303.55 -0.00627457
303.795 -0.0061621
304.041 -0.00604789
304.286 -0.00593194
304.531 -0.00581424
304.776 -0.00569479
305.022 -0.0055736
305.267 -0.00545065
305.512 -0.00532594
305.757 -0.00519948
306.003 -0.00507125
306.248 -0.00494127
306.493 -0.00480951
306.739 -0.00467599
306.984 -0.0045407
307.229 -0.00440364
307.475 -0.0042648
307.72 -0.00412419
307.965 -0.0039818
308.21 -0.00383763
308.456 -0.00369169
308.701 -0.00354396
308.947 -0.00339445
309.192 -0.00324315
309.437 -0.00309007
309.683 -0.0029352
309.928 -0.00277855
310.173 -0.00262011
310.419 -0.00245988
310.664 -0.00229786
310.91 -0.00213405
311.155 -0.00196845
311.4 -0.00180105
311.646 -0.00163187
311.891 -0.0014609
312.137 -0.00128813
312.382 -0.00111357
312.627 -0.000937226
312.873 -0.000759086
313.118 -0.000579155
313.364 -0.000397433
313.609 -0.00021392
313.855 -2.8618e-05
314.1 0.000158474
314.346 0.000347354
314.591 0.000538023
314.837 0.000730479
315.082 0.000924721
315.328 0.00112075
315.573 0.00131856
315.819 0.00151815
316.064 0.00171953
316.31 0.00192269
316.555 0.00212762
316.801 0.00233434
317.046 0.00254283
317.292 0.00275309
317.537 0.00296513
317.783 0.00317893
318.028 0.00339451
318.274 0.00361185
318.52 0.00383096
318.765 0.00405183
319.011 0.00427446
319.256 0.00449885
319.502 0.004725
319.748 0.0049529
319.993 0.00518255
320.239 0.00541395
320.484 0.00564709
320.73 0.00588198
320.976 0.00611861
321.221 0.00635697
321.467 0.00659707
321.712 0.0068389
321.958 0.00708246
322.204 0.00732774
322.449 0.00757474
322.695 0.00782347
322.941 0.00807391
323.186 0.00832606
323.432 0.00857991
323.678 0.00883548
323.924 0.00909274
324.169 0.0093517
324.415 0.00961235
324.661 0.0098747
324.906 0.0101387
325.152 0.0104044
325.398 0.0106718
325.644 0.0109409
325.889 0.0112116
326.135 0.011484
326.381 0.0117581
326.626 0.0120338
326.872 0.0123111
327.118 0.0125901
327.364 0.0128708
327.61 0.0131531
327.855 0.013437
328.101 0.0137226
328.347 0.0140097
328.593 0.0142985
328.838 0.0145889
329.084 0.0148809
329.33 0.0151746
329.576 0.0154698
329.822 0.0157666
330.068 0.016065
330.313 0.016365
330.559 0.0166665
330.805 0.0169697
331.051 0.0172744
331.297 0.0175806
331.543 0.0178885
331.788 0.0181978
332.034 0.0185087
332.28 0.0188212
332.526 0.0191352
332.772 0.0194507
333.018 0.0197677
333.264 0.0200863
333.51 0.0204063
333.756 0.0207279
334.001 0.0210509
334.247 0.0213755
334.493 0.0217015
334.739 0.022029
334.985 0.022358
335.231 0.0226885
335.477 0.0230204
335.723 0.0233538
335.969 0.0236886
336.215 0.0240249
336.461 0.0243626
336.707 0.0247017
336.953 0.0250422
337.199 0.0253842
337.445 0.0257275
337.691 0.0260723
337.937 0.0264185
338.183 0.026766
338.429 0.027115
338.675 0.0274653
338.921 0.027817
339.167 0.02817
339.413 0.0285244
339.659 0.0288801
339.905 0.0292372
340.151 0.0295956
340.397 0.0299554
340.643 0.0303164
340.889 0.0306788
341.135 0.0310425
341.381 0.0314074
341.627 0.0317737
341.873 0.0321412
342.119 0.0325101
342.366 0.0328801
342.612 0.0332515
342.858 0.0336241
343.104 0.0339979
343.35 0.034373
343.596 0.0347493
343.842 0.0351269
344.088 0.0355056
344.334 0.0358856
344.581 0.0362668
344.827 0.0366491
345.073 0.0370327
345.319 0.0374174
345.565 0.0378033
345.811 0.0381903
346.058 0.0385785
346.304 0.0389679
346.55 0.0393584
346.796 0.03975
347.042 0.0401428
347.288 0.0405366
347.535 0.0409316
347.781 0.0413277
348.027 0.0417248
348.273 0.0421231
348.519 0.0425224
348.766 0.0429228
349.012 0.0433243
349.258 0.0437268
349.504 0.0441303
349.751 0.0445349
349.997 0.0449405
350.243 0.0453472
350.489 0.0457548
350.736 0.0461635
350.982 0.0465731
351.228 0.0469838
351.474 0.0473954
351.721 0.047808
351.967 0.0482215
352.213 0.048636
352.46 0.0490515
352.706 0.0494679
352.952 0.0498852
353.199 0.0503034
353.445 0.0507226
353.691 0.0511427
353.937 0.0515636
354.184 0.0519855
354.43 0.0524082
354.676 0.0528319
354.923 0.0532563
355.169 0.0536817
355.416 0.0541079
355.662 0.0545349
355.908 0.0549627
356.155 0.0553914
356.401 0.0558209
356.647 0.0562512
356.894 0.0566823
357.14 0.0571142
357.387 0.0575469
357.633 0.0579803
357.879 0.0584146
358.126 0.0588495
358.372 0.0592852
358.619 0.0597217
358.865 0.0601589
359.111 0.0605968
359.358 0.0610355
359.604 0.0614748
359.851 0.0619149
360.097 0.0623556
360.344 0.062797
360.59 0.0632391
360.837 0.0636819
361.083 0.0641253
361.33 0.0645693
361.576 0.065014
361.823 0.0654594
362.069 0.0659053
362.316 0.0663519
362.562 0.0667991
362.809 0.0672469
363.055 0.0676953
363.302 0.0681442
363.548 0.0685938
363.795 0.0690439
364.041 0.0694945
364.288 0.0699458
364.534 0.0703975
364.781 0.0708498
365.027 0.0713026
365.274 0.0717559
365.52 0.0722098
365.767 0.0726641
366.013 0.0731189
366.26 0.0735743
366.507 0.0740301
366.753 0.0744863
367 0.074943
367.246 0.0754002
367.493 0.0758578
367.74 0.0763159
367.986 0.0767744
368.233 0.0772333
368.479 0.0776926
368.726 0.0781523
368.973 0.0786124
369.219 0.0790729
369.466 0.0795338
369.713 0.079995
369.959 0.0804566
370.206 0.0809186
370.452 0.0813809
370.699 0.0818435
370.946 0.0823065
371.192 0.0827698
371.439 0.0832334
371.686 0.0836973
371.932 0.0841615
372.179 0.0846261
372.426 0.0850908
372.673 0.0855559
372.919 0.0860212
373.166 0.0864868
373.413 0.0869527
373.659 0.0874188
373.906 0.0878851
374.153 0.0883517
374.399 0.0888184
374.646 0.0892854
374.893 0.0897526
375.14 0.09022
375.386 0.0906876
375.633 0.0911553
375.88 0.0916233
376.127 0.0920914
376.373 0.0925596
376.62 0.093028
376.867 0.0934966
377.114 0.0939653
377.361 0.0944341
377.607 0.0949031
377.854 0.0953721
378.101 0.0958413
378.348 0.0963105
378.595 0.0967799
378.841 0.0972493
379.088 0.0977188
379.335 0.0981884
379.582 0.098658
379.829 0.0991277
380.075 0.0995975
380.322 0.100067
380.569 0.100537
380.816 0.101007
381.063 0.101477
381.31 0.101947
381.557 0.102416
381.803 0.102886
382.05 0.103356
382.297 0.103826
382.544 0.104296
382.791 0.104766
383.038 0.105235
383.285 0.105705
383.532 0.106175
383.778 0.106644
384.025 0.107114
384.272 0.107583
384.519 0.108052
384.766 0.108522
385.013 0.108991
385.26 0.10946
385.507 0.109929
385.754 0.110398
386.001 0.110866
386.248 0.111335
386.495 0.111803
386.742 0.112272
386.989 0.11274
387.235 0.113208
387.482 0.113676
387.729 0.114143
387.976 0.114611
388.223 0.115078
388.47 0.115545
388.717 0.116012
388.964 0.116479
389.211 0.116945
389.458 0.117412
389.705 0.117878
389.952 0.118344
390.199 0.118809
390.446 0.119275
390.693 0.11974
390.94 0.120205
391.187 0.120669
391.434 0.121133
391.682 0.121598
391.929 0.122061
392.176 0.122525
392.423 0.122988
392.67 0.123451
392.917 0.123914
393.164 0.124376
393.411 0.124838
393.658 0.125299
393.905 0.125761
394.152 0.126222
394.399 0.126682
394.646 0.127143
394.893 0.127603
395.141 0.128062
395.388 0.128522
395.635 0.12898
395.882 0.129439
396.129 0.129897
396.376 0.130355
396.623 0.130812
396.87 0.131269
397.117 0.131726
397.365 0.132182
397.612 0.132637
397.859 0.133093
398.106 0.133548
398.353 0.134002
398.6 0.134456
398.848 0.134909
399.095 0.135363
399.342 0.135815
399.589 0.136267
399.836 0.136719
400.083 0.13717
400.331 0.137621
400.578 0.138072
400.825 0.138521
401.072 0.138971
401.319 0.13942
401.567 0.139868
401.814 0.140316
402.061 0.140763
402.308 0.14121
402.555 0.141656
402.803 0.142102
403.05 0.142547
403.297 0.142992
403.544 0.143436
403.792 0.14388
404.039 0.144323
404.286 0.144765
404.533 0.145207
404.781 0.145648
405.028 0.146089
405.275 0.14653
405.523 0.146969
405.77 0.147408
406.017 0.147847
406.264 0.148285
406.512 0.148722
406.759 0.149159
407.006 0.149595
407.254 0.15003
407.501 0.150465
407.748 0.150899
407.995 0.151333
408.243 0.151766
408.49 0.152198
408.737 0.15263
408.985 0.153061
409.232 0.153491
409.479 0.153921
409.727 0.15435
409.974 0.154779
410.222 0.155207
410.469 0.155634
410.716 0.15606
410.964 0.156486
411.211 0.156911
411.458 0.157335
411.706 0.157759
411.953 0.158182
412.201 0.158605
412.448 0.159026
412.695 0.159447
412.943 0.159867
413.19 0.160287
413.437 0.160706
413.685 0.161124
413.932 0.161541
414.18 0.161958
414.427 0.162374
414.675 0.162789
414.922 0.163203
415.169 0.163617
415.417 0.16403
415.664 0.164442
415.912 0.164854
416.159 0.165264
416.407 0.165674
416.654 0.166083
416.902 0.166492
417.149 0.166899
417.397 0.167306
417.644 0.167712
417.891 0.168118
418.139 0.168522
418.386 0.168926
418.634 0.169329
418.881 0.169731
419.129 0.170132
419.376 0.170533
419.624 0.170933
419.871 0.171332
420.119 0.17173
420.366 0.172127
420.614 0.172524
420.862 0.172919
421.109 0.173314
421.357 0.173708
421.604 0.174102
421.852 0.174494
422.099 0.174885
422.347 0.175276
422.594 0.175666
422.842 0.176055
423.089 0.176443
423.337 0.176831
423.585 0.177217
423.832 0.177603
424.08 0.177988
424.327 0.178372
424.575 0.178755
424.822 0.179137
425.07 0.179518
425.318 0.179899
425.565 0.180278
425.813 0.180657
426.06 0.181035
426.308 0.181412
426.556 0.181788
426.803 0.182163
427.051 0.182537
427.298 0.182911
427.546 0.183283
427.794 0.183655
428.041 0.184026
428.289 0.184396
428.537 0.184765
428.784 0.185133
429.032 0.1855
429.28 0.185866
429.527 0.186231
429.775 0.186596
430.023 0.186959
430.27 0.187322
430.518 0.187684
430.766 0.188044
431.013 0.188404
431.261 0.188763
431.509 0.189121
431.756 0.189478
432.004 0.189834
432.252 0.19019
432.499 0.190544
432.747 0.190897
432.995 0.19125
433.243 0.191601
433.49 0.191951
433.738 0.192301
433.986 0.19265
434.233 0.192997
434.481 0.193344
434.729 0.19369
434.977 0.194035
435.224 0.194379
435.472 0.194722
435.72 0.195063
435.968 0.195405
436.215 0.195745
436.463 0.196084
436.711 0.196422
436.959 0.196759
437.206 0.197095
437.454 0.19743
437.702 0.197765
437.95 0.198098
438.198 0.19843
438.445 0.198762
438.693 0.199092
438.941 0.199421
439.189 0.19975
439.436 0.200077
439.684 0.200404
439.932 0.200729
440.18 0.201054
440.428 0.201377
440.676 0.2017
440.923 0.202021
441.171 0.202342
441.419 0.202661
441.667 0.20298
441.915 0.203298
442.163 0.203614
442.41 0.20393
442.658 0.204245
442.906 0.204558
443.154 0.204871
443.402 0.205182
443.65 0.205493
443.898 0.205803
444.145 0.206111
444.393 0.206419
444.641 0.206726
444.889 0.207031
445.137 0.207336
445.385 0.20764
445.633 0.207942
445.881 0.208244
446.128 0.208544
446.376 0.208844
446.624 0.209143
446.872 0.20944
447.12 0.209737
447.368 0.210033
447.616 0.210327
447.864 0.210621
448.112 0.210913
448.36 0.211205
448.608 0.211495
448.856 0.211785
449.104 0.212073
449.351 0.212361
449.599 0.212647
449.847 0.212933
450.095 0.213217
450.343 0.213501
450.591 0.213783
450.839 0.214064
451.087 0.214345
451.335 0.214624
451.583 0.214903
451.831 0.21518
452.079 0.215456
452.327 0.215731
452.575 0.216006
452.823 0.216279
453.071 0.216551
453.319 0.216822
453.567 0.217093
453.815 0.217362
454.063 0.21763
454.311 0.217897
454.559 0.218163
454.807 0.218428
455.055 0.218692
455.303 0.218955
455.551 0.219217
455.799 0.219478
456.047 0.219738
456.295 0.219997
456.543 0.220255
456.791 0.220512
457.039 0.220768
457.287 0.221023
457.535 0.221277
457.783 0.22153
458.031 0.221781
458.28 0.222032
458.528 0.222282
458.776 0.222531
459.024 0.222778
459.272 0.223025
459.52 0.223271
459.768 0.223515
460.016 0.223759
460.264 0.224002
460.512 0.224243
460.76 0.224484
461.008 0.224723
461.257 0.224962
461.505 0.225199
461.753 0.225436
462.001 0.225671
462.249 0.225906
462.497 0.226139
462.745 0.226371
462.993 0.226603
463.241 0.226833
463.49 0.227062
463.738 0.227291
463.986 0.227518
464.234 0.227744
464.482 0.22797
464.73 0.228194
464.978 0.228417
465.227 0.228639
465.475 0.228861
465.723 0.229081
465.971 0.2293
466.219 0.229518
466.467 0.229735
466.715 0.229951
466.964 0.230167
467.212 0.230381
467.46 0.230594
467.708 0.230806
467.956 0.231017
468.205 0.231227
468.453 0.231436
468.701 0.231644
468.949 0.231851
469.197 0.232057
469.446 0.232262
469.694 0.232466
469.942 0.232669
470.19 0.232871
470.438 0.233072
470.687 0.233272
470.935 0.233471
471.183 0.233669
471.431 0.233866
471.679 0.234062
471.928 0.234257
472.176 0.234451
472.424 0.234644
472.672 0.234836
472.921 0.235027
473.169 0.235217
473.417 0.235407
473.665 0.235595
473.914 0.235782
474.162 0.235968
474.41 0.236153
474.658 0.236337
474.907 0.23652
475.155 0.236702
475.403 0.236883
475.652 0.237063
475.9 0.237242
476.148 0.23742
476.396 0.237597
476.645 0.237774
476.893 0.237949
477.141 0.238123
477.39 0.238296
477.638 0.238468
477.886 0.23864
478.134 0.23881
478.383 0.238979
478.631 0.239148
478.879 0.239315
479.128 0.239481
479.376 0.239647
479.624 0.239811
479.873 0.239975
480.121 0.240137
480.369 0.240299
480.618 0.240459
480.866 0.240619
481.114 0.240777
481.363 0.240935
481.611 0.241092
481.859 0.241247
482.108 0.241402
482.356 0.241556
482.604 0.241709
482.853 0.241861
483.101 0.242012
483.35 0.242162
483.598 0.242311
483.846 0.242459
484.095 0.242606
484.343 0.242752
484.591 0.242897
484.84 0.243042
485.088 0.243185
485.337 0.243327
485.585 0.243469
485.833 0.243609
486.082 0.243749
486.33 0.243887
486.579 0.244025
486.827 0.244162
487.075 0.244297
487.324 0.244432
487.572 0.244566
487.821 0.244699
488.069 0.244831
488.318 0.244962
488.566 0.245092
488.814 0.245222
489.063 0.24535
489.311 0.245477
489.56 0.245604
489.808 0.245729
490.057 0.245854
490.305 0.245978
490.553 0.246101
490.802 0.246222
491.05 0.246343
491.299 0.246463
491.547 0.246583
491.796 0.246701
492.044 0.246818
492.293 0.246934
492.541 0.24705
492.79 0.247164
493.038 0.247278
493.287 0.247391
493.535 0.247503
493.783 0.247614
494.032 0.247724
494.28 0.247833
494.529 0.247941
494.777 0.248049
495.026 0.248155
495.274 0.248261
495.523 0.248365
495.771 0.248469
496.02 0.248572
496.268 0.248674
496.517 0.248775
496.765 0.248875
497.014 0.248975
497.262 0.249073
497.511 0.249171
497.76 0.249268
498.008 0.249363
498.257 0.249458
498.505 0.249553
498.754 0.249646
499.002 0.249738
499.251 0.24983
499.499 0.24992
499.748 0.25001
499.996 0.250099
500.245 0.250187
500.493 0.250274
500.742 0.25036
500.991 0.250446
501.239 0.25053
501.488 0.250614
501.736 0.250697
501.985 0.250779
502.233 0.25086
502.482 0.250941
502.731 0.25102
502.979 0.251099
503.228 0.251177
503.476 0.251253
503.725 0.25133
503.973 0.251405
504.222 0.251479
504.471 0.251553
504.719 0.251626
504.968 0.251698
505.216 0.251769
505.465 0.251839
505.714 0.251908
505.962 0.251977
506.211 0.252045
506.459 0.252112
506.708 0.252178
506.957 0.252243
507.205 0.252308
507.454 0.252371
507.703 0.252434
507.951 0.252496
508.2 0.252558
508.448 0.252618
508.697 0.252678
508.946 0.252736
509.194 0.252794
509.443 0.252852
509.692 0.252908
509.94 0.252964
510.189 0.253018
510.438 0.253072
510.686 0.253126
510.935 0.253178
511.183 0.25323
511.432 0.253281
511.681 0.253331
511.929 0.25338
512.178 0.253428
512.427 0.253476
512.675 0.253523
512.924 0.253569
513.173 0.253614
513.421 0.253659
513.67 0.253703
513.919 0.253746
514.168 0.253788
514.416 0.25383
514.665 0.25387
514.914 0.25391
515.162 0.253949
515.411 0.253988
515.66 0.254026
515.908 0.254062
516.157 0.254099
516.406 0.254134
516.655 0.254169
516.903 0.254203
517.152 0.254236
517.401 0.254268
517.649 0.2543
517.898 0.254331
518.147 0.254361
518.396 0.25439
518.644 0.254419
518.893 0.254447
519.142 0.254474
519.39 0.2545
519.639 0.254526
519.888 0.254551
520.137 0.254575
520.385 0.254599
520.634 0.254621
520.883 0.254644
521.132 0.254665
521.38 0.254685
521.629 0.254705
521.878 0.254725
522.127 0.254743
522.375 0.254761
522.624 0.254778
522.873 0.254794
523.122 0.25481
523.37 0.254825
523.619 0.254839
523.868 0.254852
524.117 0.254865
524.366 0.254877
524.614 0.254889
524.863 0.254899
525.112 0.254909
525.361 0.254918
525.609 0.254927
525.858 0.254935
526.107 0.254942
526.356 0.254949
526.605 0.254955
526.853 0.25496
527.102 0.254964
527.351 0.254968
527.6 0.254971
527.849 0.254974
528.097 0.254975
528.346 0.254976
528.595 0.254977
528.844 0.254977
529.093 0.254976
529.341 0.254974
529.59 0.254972
529.839 0.254969
530.088 0.254965
530.337 0.254961
530.586 0.254956
530.834 0.254951
531.083 0.254945
531.332 0.254938
531.581 0.25493
531.83 0.254922
532.079 0.254913
532.327 0.254904
532.576 0.254894
532.825 0.254883
533.074 0.254872
533.323 0.25486
533.572 0.254847
533.821 0.254834
534.069 0.25482
534.318 0.254805
534.567 0.25479
534.816 0.254774
535.065 0.254758
535.314 0.254741
535.563 0.254723
535.811 0.254705
536.06 0.254686
536.309 0.254666
536.558 0.254646
536.807 0.254625
537.056 0.254604
537.305 0.254582
537.554 0.25456
537.802 0.254536
538.051 0.254512
538.3 0.254488
538.549 0.254463
538.798 0.254437
539.047 0.254411
539.296 0.254384
539.545 0.254357
539.794 0.254329
540.042 0.2543
540.291 0.254271
540.54 0.254241
540.789 0.254211
541.038 0.25418
541.287 0.254149
541.536 0.254116
541.785 0.254084
542.034 0.25405
542.283 0.254017
542.532 0.253982
542.781 0.253947
543.029 0.253912
543.278 0.253875
543.527 0.253839
543.776 0.253802
544.025 0.253764
544.274 0.253725
544.523 0.253686
544.772 0.253647
545.021 0.253607
545.27 0.253566
545.519 0.253525
545.768 0.253483
546.017 0.253441
546.266 0.253398
546.515 0.253355
546.763 0.253311
547.012 0.253266
547.261 0.253221
547.51 0.253176
547.759 0.253129
548.008 0.253083
548.257 0.253036
548.506 0.252988
548.755 0.25294
549.004 0.252891
549.253 0.252842
549.502 0.252792
549.751 0.252741
550 0.25269
550.249 0.252639
550.498 0.252587
550.747 0.252535
550.996 0.252482
551.245 0.252428
551.494 0.252374
551.743 0.25232
551.992 0.252265
552.241 0.252209
552.49 0.252153
552.739 0.252097
552.988 0.252039
553.237 0.251982
553.486 0.251924
553.735 0.251865
553.984 0.251806
554.233 0.251747
554.482 0.251687
554.731 0.251626
554.98 0.251565
555.229 0.251504
555.478 0.251442
555.727 0.251379
555.976 0.251316
556.225 0.251253
556.474 0.251189
556.723 0.251124
556.972 0.251059
557.221 0.250994
557.47 0.250928
557.719 0.250862
557.968 0.250795
558.217 0.250728
558.466 0.25066
558.715 0.250592
558.964 0.250523
559.213 0.250454
559.462 0.250384
559.711 0.250314
559.96 0.250244
560.209 0.250173
560.458 0.250101
560.707 0.250029
560.956 0.249957
561.205 0.249884
561.454 0.249811
561.704 0.249737
561.953 0.249663
562.202 0.249588
562.451 0.249513
562.7 0.249438
562.949 0.249362
563.198 0.249286
563.447 0.249209
563.696 0.249132
563.945 0.249054
564.194 0.248976
564.443 0.248897
564.692 0.248818
564.941 0.248739
565.19 0.248659
565.439 0.248579
565.689 0.248498
565.938 0.248417
566.187 0.248336
566.436 0.248254
566.685 0.248171
566.934 0.248089
567.183 0.248006
567.432 0.247922
567.681 0.247838
567.93 0.247754
568.179 0.247669
568.428 0.247584
568.677 0.247498
568.927 0.247412
569.176 0.247325
569.425 0.247239
569.674 0.247151
569.923 0.247064
570.172 0.246976
570.421 0.246887
570.67 0.246798
570.919 0.246709
571.168 0.24662
571.418 0.24653
571.667 0.246439
571.916 0.246349
572.165 0.246257
572.414 0.246166
572.663 0.246074
572.912 0.245982
573.161 0.245889
573.41 0.245796
573.66 0.245703
573.909 0.245609
574.158 0.245515
574.407 0.24542
574.656 0.245325
574.905 0.24523
575.154 0.245134
575.403 0.245038
575.652 0.244942
575.902 0.244845
576.151 0.244748
576.4 0.244651
576.649 0.244553
576.898 0.244455
577.147 0.244356
577.396 0.244257
577.646 0.244158
577.895 0.244058
578.144 0.243958
578.393 0.243858
578.642 0.243758
578.891 0.243657
579.14 0.243555
579.39 0.243454
579.639 0.243352
579.888 0.243249
580.137 0.243147
580.386 0.243043
580.635 0.24294
580.884 0.242836
581.134 0.242732
581.383 0.242628
581.632 0.242523
581.881 0.242418
582.13 0.242313
582.379 0.242207
582.628 0.242101
582.878 0.241995
583.127 0.241888
583.376 0.241781
583.625 0.241674
583.874 0.241567
584.123 0.241459
584.373 0.24135
584.622 0.241242
584.871 0.241133
585.12 0.241024
585.369 0.240914
585.618 0.240805
585.868 0.240695
586.117 0.240584
586.366 0.240473
586.615 0.240362
586.864 0.240251
587.114 0.240139
587.363 0.240028
587.612 0.239915
587.861 0.239803
588.11 0.23969
588.359 0.239577
588.609 0.239464
588.858 0.23935
589.107 0.239236
589.356 0.239122
589.605 0.239007
589.855 0.238892
590.104 0.238777
590.353 0.238662
590.602 0.238546
590.851 0.23843
591.101 0.238314
591.35 0.238197
591.599 0.238081
591.848 0.237963
592.097 0.237846
592.347 0.237728
592.596 0.237611
592.845 0.237492
593.094 0.237374
593.343 0.237255
593.593 0.237136
593.842 0.237017
594.091 0.236898
594.34 0.236778
594.589 0.236658
594.839 0.236537
595.088 0.236417
595.337 0.236296
595.586 0.236175
595.835 0.236054
596.085 0.235932
596.334 0.23581
596.583 0.235688
596.832 0.235566
597.082 0.235443
597.331 0.23532
597.58 0.235197
597.829 0.235074
598.078 0.23495
598.328 0.234827
598.577 0.234703
598.826 0.234578
599.075 0.234454
599.325 0.234329
599.574 0.234204
599.823 0.234079
600.072 0.233953
600.321 0.233827
600.571 0.233701
600.82 0.233575
601.069 0.233449
601.318 0.233322
601.568 0.233195
601.817 0.233068
602.066 0.232941
602.315 0.232813
602.565 0.232685
602.814 0.232557
603.063 0.232429
603.312 0.232301
603.562 0.232172
603.811 0.232043
604.06 0.231914
604.309 0.231785
604.558 0.231655
604.808 0.231525
605.057 0.231395
605.306 0.231265
605.555 0.231135
605.805 0.231004
606.054 0.230873
606.303 0.230742
606.552 0.230611
606.802 0.23048
607.051 0.230348
607.3 0.230216
607.549 0.230084
607.799 0.229952
608.048 0.229819
608.297 0.229687
608.546 0.229554
608.796 0.229421
609.045 0.229288
609.294 0.229154
609.544 0.229021
609.793 0.228887
610.042 0.228753
610.291 0.228619
610.541 0.228484
610.79 0.22835
611.039 0.228215
611.288 0.22808
611.538 0.227945
611.787 0.22781
612.036 0.227674
612.285 0.227538
612.535 0.227403
612.784 0.227267
613.033 0.22713
613.282 0.226994
613.532 0.226857
613.781 0.226721
614.03 0.226584
614.28 0.226447
614.529 0.226309
614.778 0.226172
615.027 0.226034
615.277 0.225897
615.526 0.225759
615.775 0.225621
616.024 0.225482
616.274 0.225344
616.523 0.225205
616.772 0.225066
617.022 0.224928
617.271 0.224788
617.52 0.224649
617.769 0.22451
618.019 0.22437
618.268 0.224231
618.517 0.224091
618.767 0.223951
619.016 0.22381
619.265 0.22367
619.514 0.22353
619.764 0.223389
620.013 0.223248
620.262 0.223107
620.512 0.222966
620.761 0.222825
621.01 0.222684
621.259 0.222542
621.509 0.2224
621.758 0.222259
622.007 0.222117
622.257 0.221974
622.506 0.221832
622.755 0.22169
623.004 0.221547
623.254 0.221405
623.503 0.221262
623.752 0.221119
624.002 0.220976
624.251 0.220833
624.5 0.220689
624.749 0.220546
624.999 0.220402
625.248 0.220258
625.497 0.220115
625.747 0.219971
625.996 0.219826
626.245 0.219682
626.495 0.219538
626.744 0.219393
626.993 0.219249
627.242 0.219104
627.492 0.218959
627.741 0.218814
627.99 0.218669
628.24 0.218524
628.489 0.218378
628.738 0.218233
628.987 0.218087
629.237 0.217942
629.486 0.217796
629.735 0.21765
629.985 0.217504
630.234 0.217358
630.483 0.217211
630.733 0.217065
630.982 0.216919
631.231 0.216772
631.481 0.216625
631.73 0.216478
631.979 0.216332
632.228 0.216185
632.478 0.216037
632.727 0.21589
632.976 0.215743
633.226 0.215595
633.475 0.215448
633.724 0.2153
633.974 0.215152
634.223 0.215005
634.472 0.214857
634.721 0.214709
634.971 0.21456
635.22 0.214412
635.469 0.214264
635.719 0.214115
635.968 0.213967
636.217 0.213818
636.467 0.21367
636.716 0.213521
636.965 0.213372
637.215 0.213223
637.464 0.213074
637.713 0.212925
637.962 0.212775
638.212 0.212626
638.461 0.212477
638.71 0.212327
638.96 0.212178
639.209 0.212028
639.458 0.211878
639.708 0.211728
639.957 0.211578
640.206 0.211428
640.456 0.211278
640.705 0.211128
640.954 0.210978
641.204 0.210828
641.453 0.210677
641.702 0.210527
641.951 0.210376
642.201 0.210226
642.45 0.210075
642.699 0.209924
642.949 0.209773
643.198 0.209622
643.447 0.209471
643.697 0.20932
643.946 0.209169
644.195 0.209018
644.445 0.208867
644.694 0.208715
644.943 0.208564
645.193 0.208413
645.442 0.208261
645.691 0.20811
645.941 0.207958
646.19 0.207806
646.439 0.207654
646.688 0.207503
646.938 0.207351
647.187 0.207199
647.436 0.207047
647.686 0.206895
647.935 0.206743
648.184 0.20659
648.434 0.206438
648.683 0.206286
648.932 0.206133
649.182 0.205981
649.431 0.205829
649.68 0.205676
649.93 0.205524
650.179 0.205371
650.428 0.205218
650.677 0.205066
650.927 0.204913
651.176 0.20476
651.425 0.204607
651.675 0.204454
651.924 0.204301
652.173 0.204148
652.423 0.203995
652.672 0.203842
652.921 0.203689
653.171 0.203536
653.42 0.203383
653.669 0.203229
653.919 0.203076
654.168 0.202923
654.417 0.202769
654.667 0.202616
654.916 0.202462
655.165 0.202309
655.414 0.202155
655.664 0.202002
655.913 0.201848
656.162 0.201694
656.412 0.201541
656.661 0.201387
656.91 0.201233
657.16 0.201079
657.409 0.200926
657.658 0.200772
657.908 0.200618
658.157 0.200464
658.406 0.20031
658.656 0.200156
658.905 0.200002
659.154 0.199848
659.404 0.199694
659.653 0.19954
659.902 0.199386
660.151 0.199231
660.401 0.199077
660.65 0.198923
660.899 0.198769
661.149 0.198615
661.398 0.19846
661.647 0.198306
661.897 0.198152
662.146 0.197997
662.395 0.197843
662.645 0.197689
662.894 0.197534
663.143 0.19738
663.392 0.197225
663.642 0.197071
663.891 0.196916
664.14 0.196762
664.39 0.196607
664.639 0.196453
664.888 0.196298
665.138 0.196144
665.387 0.195989
665.636 0.195835
665.886 0.19568
666.135 0.195525
666.384 0.195371
666.634 0.195216
666.883 0.195062
667.132 0.194907
667.381 0.194752
667.631 0.194598
667.88 0.194443
668.129 0.194288
668.379 0.194133
668.628 0.193979
668.877 0.193824
669.127 0.193669
669.376 0.193515
669.625 0.19336
669.874 0.193205
670.124 0.19305
670.373 0.192896
670.622 0.192741
670.872 0.192586
671.121 0.192431
671.37 0.192277
671.62 0.192122
671.869 0.191967
672.118 0.191812
672.367 0.191658
672.617 0.191503
672.866 0.191348
673.115 0.191193
673.365 0.191039
673.614 0.190884
673.863 0.190729
674.113 0.190575
674.362 0.19042
674.611 0.190265
674.86 0.19011
675.11 0.189956
675.359 0.189801
675.608 0.189646
675.858 0.189492
676.107 0.189337
676.356 0.189182
676.606 0.189027
676.855 0.188873
677.104 0.188718
677.353 0.188564
677.603 0.188409
677.852 0.188254
678.101 0.1881
678.351 0.187945
678.6 0.187791
678.849 0.187636
679.098 0.187481
679.348 0.187327
679.597 0.187172
679.846 0.187018
680.096 0.186863
680.345 0.186709
680.594 0.186554
680.843 0.1864
681.093 0.186245
681.342 0.186091
681.591 0.185937
681.841 0.185782
682.09 0.185628
682.339 0.185474
682.588 0.185319
682.838 0.185165
683.087 0.185011
683.336 0.184856
683.586 0.184702
683.835 0.184548
684.084 0.184394
684.333 0.18424
684.583 0.184085
684.832 0.183931
685.081 0.183777
685.33 0.183623
685.58 0.183469
685.829 0.183315
686.078 0.183161
686.328 0.183007
686.577 0.182853
686.826 0.182699
687.075 0.182545
687.325 0.182391
687.574 0.182238
687.823 0.182084
688.072 0.18193
688.322 0.181776
688.571 0.181623
688.82 0.181469
689.07 0.181315
689.319 0.181162
689.568 0.181008
689.817 0.180854
690.067 0.180701
690.316 0.180547
690.565 0.180394
690.814 0.18024
691.064 0.180087
691.313 0.179934
691.562 0.17978
691.811 0.179627
692.061 0.179474
692.31 0.17932
692.559 0.179167
692.808 0.179014
693.058 0.178861
693.307 0.178708
693.556 0.178555
693.805 0.178402
694.055 0.178249
694.304 0.178096
694.553 0.177943
694.802 0.17779
695.052 0.177637
695.301 0.177484
695.55 0.177332
695.799 0.177179
696.049 0.177026
696.298 0.176874
696.547 0.176721
696.796 0.176568
697.046 0.176416
697.295 0.176264
697.544 0.176111
697.793 0.175959
698.043 0.175806
698.292 0.175654
698.541 0.175502
698.79 0.17535
699.04 0.175197
699.289 0.175045
699.538 0.174893
699.787 0.174741
700.037 0.174589
700.286 0.174437
700.535 0.174286
700.784 0.174134
701.033 0.173982
701.283 0.17383
701.532 0.173678
701.781 0.173527
702.03 0.173375
702.28 0.173224
702.529 0.173072
702.778 0.172921
703.027 0.172769
703.276 0.172618
703.526 0.172467
703.775 0.172315
704.024 0.172164
704.273 0.172013
704.523 0.171862
704.772 0.171711
705.021 0.17156
705.27 0.171409
705.519 0.171258
705.769 0.171107
706.018 0.170956
706.267 0.170806
706.516 0.170655
706.765 0.170504
707.015 0.170354
707.264 0.170203
707.513 0.170053
707.762 0.169903
708.011 0.169752
708.261 0.169602
708.51 0.169452
708.759 0.169301
709.008 0.169151
709.258 0.169001
709.507 0.168851
709.756 0.168701
710.005 0.168551
710.254 0.168402
710.503 0.168252
710.753 0.168102
711.002 0.167952
711.251 0.167803
711.5 0.167653
711.749 0.167504
711.999 0.167354
712.248 0.167205
712.497 0.167056
712.746 0.166907
712.995 0.166757
713.245 0.166608
713.494 0.166459
713.743 0.16631
713.992 0.166161
714.241 0.166012
714.49 0.165864
714.74 0.165715
714.989 0.165566
715.238 0.165418
715.487 0.165269
715.736 0.165121
715.986 0.164972
716.235 0.164824
716.484 0.164675
716.733 0.164527
716.982 0.164379
717.231 0.164231
717.481 0.164083
717.73 0.163935
717.979 0.163787
718.228 0.163639
718.477 0.163491
718.726 0.163344
718.975 0.163196
719.225 0.163049
719.474 0.162901
719.723 0.162754
719.972 0.162606
720.221 0.162459
720.47 0.162312
720.72 0.162165
720.969 0.162017
721.218 0.16187
721.467 0.161724
721.716 0.161577
721.965 0.16143
722.214 0.161283
722.464 0.161136
722.713 0.16099
722.962 0.160843
723.211 0.160697
723.46 0.16055
723.709 0.160404
723.958 0.160258
724.208 0.160112
724.457 0.159966
724.706 0.159819
724.955 0.159674
725.204 0.159528
725.453 0.159382
725.702 0.159236
725.951 0.15909
726.201 0.158945
726.45 0.158799
726.699 0.158654
726.948 0.158508
727.197 0.158363
727.446 0.158218
727.695 0.158073
727.944 0.157928
728.193 0.157783
728.443 0.157638
728.692 0.157493
728.941 0.157348
729.19 0.157203
729.439 0.157059
729.688 0.156914
729.937 0.15677
730.186 0.156625
730.435 0.156481
730.685 0.156337
730.934 0.156193
731.183 0.156048
731.432 0.155904
731.681 0.15576
731.93 0.155617
732.179 0.155473
732.428 0.155329
732.677 0.155185
732.926 0.155042
733.175 0.154898
733.425 0.154755
733.674 0.154612
733.923 0.154468
734.172 0.154325
734.421 0.154182
734.67 0.154039
734.919 0.153896
735.168 0.153753
735.417 0.153611
735.666 0.153468
735.915 0.153325
736.164 0.153183
736.413 0.15304
736.662 0.152898
736.912 0.152756
737.161 0.152614
737.41 0.152472
737.659 0.152329
737.908 0.152188
738.157 0.152046
738.406 0.151904
738.655 0.151762
738.904 0.151621
739.153 0.151479
739.402 0.151338
739.651 0.151196
739.9 0.151055
740.149 0.150914
740.398 0.150772
740.647 0.150631
740.896 0.15049
741.145 0.15035
741.394 0.150209
741.643 0.150068
741.893 0.149927
742.142 0.149787
742.391 0.149646
742.64 0.149506
742.889 0.149366
743.138 0.149226
743.387 0.149085
743.636 0.148945
743.885 0.148805
744.134 0.148666
744.383 0.148526
744.632 0.148386
744.881 0.148246
745.13 0.148107
745.379 0.147968
745.628 0.147828
745.877 0.147689
746.126 0.14755
746.375 0.147411
746.624 0.147272
746.873 0.147133
747.122 0.146994
747.371 0.146855
747.62 0.146716
747.869 0.146578
748.118 0.146439
748.367 0.146301
748.616 0.146163
748.865 0.146024
749.114 0.145886
749.363 0.145748
749.612 0.14561
749.861 0.145472
750.11 0.145335
750.359 0.145197
750.608 0.145059
750.857 0.144922
751.106 0.144784
751.355 0.144647
751.604 0.14451
751.853 0.144373
752.102 0.144235
752.351 0.144098
752.599 0.143962
752.848 0.143825
753.097 0.143688
753.346 0.143551
753.595 0.143415
753.844 0.143278
754.093 0.143142
754.342 0.143006
754.591 0.14287
754.84 0.142733
755.089 0.142597
755.338 0.142462
755.587 0.142326
755.836 0.14219
756.085 0.142054
756.334 0.141919
756.583 0.141783
756.832 0.141648
757.081 0.141513
757.329 0.141377
757.578 0.141242
757.827 0.141107
758.076 0.140972
758.325 0.140838
758.574 0.140703
758.823 0.140568
759.072 0.140434
759.321 0.140299
759.57 0.140165
759.819 0.140031
760.068 0.139896
760.317 0.139762
760.565 0.139628
760.814 0.139494
761.063 0.139361
761.312 0.139227
761.561 0.139093
761.81 0.13896
762.059 0.138826
762.308 0.138693
762.557 0.13856
762.806 0.138427
763.054 0.138293
763.303 0.138161
763.552 0.138028
763.801 0.137895
764.05 0.137762
764.299 0.13763
764.548 0.137497
764.797 0.137365
765.045 0.137232
765.294 0.1371
765.543 0.136968
765.792 0.136836
766.041 0.136704
766.29 0.136572
766.539 0.13644
766.787 0.136309
767.036 0.136177
767.285 0.136046
767.534 0.135914
767.783 0.135783
768.032 0.135652
768.281 0.135521
768.529 0.13539
768.778 0.135259
769.027 0.135128
769.276 0.134997
769.525 0.134867
769.774 0.134736
770.022 0.134606
770.271 0.134475
770.52 0.134345
770.769 0.134215
771.018 0.134085
771.267 0.133955
771.515 0.133825
771.764 0.133695
772.013 0.133566
772.262 0.133436
772.511 0.133307
772.76 0.133177
773.008 0.133048
773.257 0.132919
773.506 0.13279
773.755 0.132661
774.004 0.132532
774.252 0.132403
774.501 0.132274
774.75 0.132146
774.999 0.132017
775.248 0.131889
775.496 0.13176
775.745 0.131632
775.994 0.131504
776.243 0.131376
776.491 0.131248
776.74 0.13112
776.989 0.130992
777.238 0.130865
777.487 0.130737
777.735 0.13061
777.984 0.130482
778.233 0.130355
778.482 0.130228
778.73 0.130101
778.979 0.129974
779.228 0.129847
779.477 0.12972
779.725 0.129594
779.974 0.129467
780.223 0.129341
780.472 0.129214
780.72 0.129088
780.969 0.128962
781.218 0.128836
781.467 0.12871
781.715 0.128584
781.964 0.128458
782.213 0.128332
782.462 0.128206
782.71 0.128081
782.959 0.127956
783.208 0.12783
783.456 0.127705
783.705 0.12758
783.954 0.127455
784.203 0.12733
784.451 0.127205
784.7 0.12708
784.949 0.126956
785.197 0.126831
785.446 0.126707
785.695 0.126582
785.944 0.126458
786.192 0.126334
786.441 0.12621
786.69 0.126086
786.938 0.125962
787.187 0.125838
787.436 0.125715
787.684 0.125591
787.933 0.125468
788.182 0.125344
788.43 0.125221
788.679 0.125098
788.928 0.124975
789.176 0.124852
789.425 0.124729
789.674 0.124606
789.922 0.124484
790.171 0.124361
790.42 0.124239
790.668 0.124116
790.917 0.123994
791.166 0.123872
791.414 0.12375
791.663 0.123628
791.912 0.123506
792.16 0.123384
792.409 0.123262
792.658 0.123141
792.906 0.123019
793.155 0.122898
793.403 0.122777
793.652 0.122655
793.901 0.122534
794.149 0.122413
794.398 0.122292
794.647 0.122172
794.895 0.122051
795.144 0.12193
795.392 0.12181
795.641 0.121689
795.89 0.121569
796.138 0.121449
796.387 0.121329
796.635 0.121209
796.884 0.121089
797.133 0.120969
797.381 0.120849
797.63 0.12073
797.878 0.12061
798.127 0.120491
798.375 0.120371
798.624 0.120252
798.873 0.120133
799.121 0.120014
799.37 0.119895
799.618 0.119776
799.867 0.119657
800.115 0.119539
800.364 0.11942
800.613 0.119302
800.861 0.119184
801.11 0.119065
801.358 0.118947
801.607 0.118829
801.855 0.118711
802.104 0.118593
802.352 0.118476
802.601 0.118358
802.849 0.11824
803.098 0.118123
803.347 0.118006
803.595 0.117888
803.844 0.117771
804.092 0.117654
804.341 0.117537
804.589 0.11742
804.838 0.117304
