399.292 0.0778869
399.441 0.0781395
399.589 0.0783924
399.737 0.0786456
399.886 0.0788989
400.034 0.0791525
400.182 0.0794063
400.331 0.0796604
400.479 0.0799146
400.627 0.0801691
400.776 0.0804238
400.924 0.0806788
401.072 0.0809339
401.22 0.0811893
401.369 0.0814449
401.517 0.0817007
401.665 0.0819568
401.814 0.082213
401.962 0.0824694
402.11 0.0827261
402.259 0.082983
402.407 0.0832401
402.555 0.0834973
402.704 0.0837548
402.852 0.0840125
403 0.0842704
403.149 0.0845285
403.297 0.0847868
403.446 0.0850453
403.594 0.085304
403.742 0.0855629
403.891 0.0858219
404.039 0.0860812
404.187 0.0863407
404.336 0.0866003
404.484 0.0868602
404.632 0.0871202
404.781 0.0873804
404.929 0.0876408
405.077 0.0879014
405.226 0.0881621
405.374 0.0884231
405.523 0.0886842
405.671 0.0889455
405.819 0.0892069
405.968 0.0894686
406.116 0.0897304
406.264 0.0899924
406.413 0.0902545
406.561 0.0905169
406.709 0.0907794
406.858 0.091042
407.006 0.0913048
407.155 0.0915678
407.303 0.091831
407.451 0.0920943
407.6 0.0923577
407.748 0.0926214
407.897 0.0928851
408.045 0.0931491
408.193 0.0934132
408.342 0.0936774
408.49 0.0939418
408.639 0.0942063
408.787 0.094471
408.935 0.0947358
409.084 0.0950008
409.232 0.0952659
409.381 0.0955312
409.529 0.0957966
409.677 0.0960621
409.826 0.0963278
409.974 0.0965936
410.123 0.0968596
410.271 0.0971257
410.419 0.0973919
410.568 0.0976582
410.716 0.0979247
410.865 0.0981913
411.013 0.098458
411.162 0.0987249
411.31 0.0989919
411.458 0.099259
411.607 0.0995262
411.755 0.0997935
411.904 0.100061
412.052 0.100329
412.201 0.100596
412.349 0.100864
412.497 0.101132
412.646 0.1014
412.794 0.101668
412.943 0.101936
413.091 0.102205
413.24 0.102473
413.388 0.102742
413.536 0.10301
413.685 0.103279
413.833 0.103548
413.982 0.103817
414.13 0.104086
414.279 0.104355
414.427 0.104625
414.576 0.104894
414.724 0.105163
414.873 0.105433
415.021 0.105703
415.169 0.105972
415.318 0.106242
415.466 0.106512
415.615 0.106782
415.763 0.107052
415.912 0.107322
416.06 0.107592
416.209 0.107863
416.357 0.108133
416.506 0.108403
416.654 0.108674
416.803 0.108945
416.951 0.109215
417.1 0.109486
417.248 0.109757
417.397 0.110028
417.545 0.110299
417.693 0.11057
417.842 0.110841
417.99 0.111112
418.139 0.111383
418.287 0.111654
418.436 0.111926
418.584 0.112197
418.733 0.112468
418.881 0.11274
419.03 0.113011
419.178 0.113283
419.327 0.113555
419.475 0.113826
419.624 0.114098
419.772 0.11437
419.921 0.114642
420.069 0.114914
420.218 0.115185
420.366 0.115457
420.515 0.115729
420.663 0.116001
420.812 0.116274
420.961 0.116546
421.109 0.116818
421.258 0.11709
421.406 0.117362
421.555 0.117634
421.703 0.117907
421.852 0.118179
422 0.118451
422.149 0.118724
422.297 0.118996
422.446 0.119268
422.594 0.119541
422.743 0.119813
422.891 0.120086
423.04 0.120358
423.188 0.120631
423.337 0.120903
423.485 0.121176
423.634 0.121448
423.783 0.121721
423.931 0.121993
424.08 0.122266
424.228 0.122538
424.377 0.122811
424.525 0.123084
424.674 0.123356
424.822 0.123629
424.971 0.123901
425.12 0.124174
425.268 0.124447
425.417 0.124719
425.565 0.124992
425.714 0.125264
425.862 0.125537
426.011 0.125809
426.159 0.126082
426.308 0.126355
426.457 0.126627
426.605 0.1269
426.754 0.127172
426.902 0.127445
427.051 0.127717
427.199 0.12799
427.348 0.128262
427.497 0.128534
427.645 0.128807
427.794 0.129079
427.942 0.129352
428.091 0.129624
428.239 0.129896
428.388 0.130168
428.537 0.130441
428.685 0.130713
428.834 0.130985
428.982 0.131257
429.131 0.131529
429.28 0.131801
429.428 0.132074
429.577 0.132346
429.725 0.132618
429.874 0.132889
430.023 0.133161
430.171 0.133433
430.32 0.133705
430.468 0.133977
430.617 0.134248
430.766 0.13452
430.914 0.134792
431.063 0.135063
431.211 0.135335
431.36 0.135606
431.509 0.135878
431.657 0.136149
431.806 0.13642
431.954 0.136692
432.103 0.136963
432.252 0.137234
432.4 0.137505
432.549 0.137776
432.698 0.138047
432.846 0.138318
432.995 0.138589
433.143 0.13886
433.292 0.13913
433.441 0.139401
433.589 0.139672
433.738 0.139942
433.887 0.140213
434.035 0.140483
434.184 0.140753
434.333 0.141023
434.481 0.141294
434.63 0.141564
434.778 0.141834
434.927 0.142103
435.076 0.142373
435.224 0.142643
435.373 0.142913
435.522 0.143182
435.67 0.143452
435.819 0.143721
435.968 0.14399
436.116 0.14426
436.265 0.144529
436.414 0.144798
436.562 0.145067
436.711 0.145336
436.86 0.145604
437.008 0.145873
437.157 0.146142
437.306 0.14641
437.454 0.146679
437.603 0.146947
437.752 0.147215
437.9 0.147483
438.049 0.147751
438.198 0.148019
438.346 0.148287
438.495 0.148555
438.644 0.148822
438.792 0.14909
438.941 0.149357
439.09 0.149624
439.238 0.149891
439.387 0.150158
439.536 0.150425
439.684 0.150692
439.833 0.150959
439.982 0.151225
440.13 0.151492
440.279 0.151758
440.428 0.152024
440.576 0.15229
440.725 0.152556
440.874 0.152822
441.023 0.153088
441.171 0.153354
441.32 0.153619
441.469 0.153884
441.617 0.15415
441.766 0.154415
441.915 0.15468
442.063 0.154945
442.212 0.155209
442.361 0.155474
442.51 0.155738
442.658 0.156003
442.807 0.156267
442.956 0.156531
443.104 0.156795
443.253 0.157058
443.402 0.157322
443.551 0.157586
443.699 0.157849
443.848 0.158112
443.997 0.158375
444.145 0.158638
444.294 0.158901
444.443 0.159164
444.592 0.159426
444.74 0.159688
444.889 0.159951
445.038 0.160213
445.186 0.160474
445.335 0.160736
445.484 0.160998
445.633 0.161259
445.781 0.16152
445.93 0.161782
446.079 0.162043
446.228 0.162303
446.376 0.162564
446.525 0.162824
446.674 0.163085
446.823 0.163345
446.971 0.163605
447.12 0.163865
447.269 0.164124
447.418 0.164384
447.566 0.164643
447.715 0.164902
447.864 0.165162
448.013 0.16542
448.161 0.165679
448.31 0.165938
448.459 0.166196
448.608 0.166454
448.756 0.166712
448.905 0.16697
449.054 0.167227
449.203 0.167485
449.351 0.167742
449.5 0.167999
449.649 0.168256
449.798 0.168513
449.947 0.16877
450.095 0.169026
450.244 0.169282
450.393 0.169538
450.542 0.169794
450.69 0.17005
450.839 0.170305
450.988 0.170561
451.137 0.170816
451.285 0.171071
451.434 0.171325
451.583 0.17158
451.732 0.171834
451.881 0.172088
452.029 0.172342
452.178 0.172596
452.327 0.17285
452.476 0.173103
452.625 0.173356
452.773 0.173609
452.922 0.173862
453.071 0.174115
453.22 0.174367
453.369 0.174619
453.517 0.174871
453.666 0.175123
453.815 0.175375
453.964 0.175626
454.113 0.175877
454.261 0.176128
454.41 0.176379
454.559 0.17663
454.708 0.17688
454.857 0.17713
455.005 0.17738
455.154 0.17763
455.303 0.17788
455.452 0.178129
455.601 0.178378
455.749 0.178627
455.898 0.178876
456.047 0.179124
456.196 0.179372
456.345 0.17962
456.494 0.179868
456.642 0.180116
456.791 0.180363
456.94 0.180611
457.089 0.180857
457.238 0.181104
457.387 0.181351
457.535 0.181597
457.684 0.181843
457.833 0.182089
457.982 0.182335
458.131 0.18258
458.28 0.182825
458.428 0.18307
458.577 0.183315
458.726 0.18356
458.875 0.183804
459.024 0.184048
459.173 0.184292
459.321 0.184535
459.47 0.184779
459.619 0.185022
459.768 0.185265
459.917 0.185508
460.066 0.18575
460.215 0.185992
460.363 0.186234
460.512 0.186476
460.661 0.186717
460.81 0.186959
460.959 0.1872
461.108 0.187441
461.257 0.187681
461.405 0.187921
461.554 0.188162
461.703 0.188401
461.852 0.188641
462.001 0.18888
462.15 0.18912
462.299 0.189358
462.447 0.189597
462.596 0.189835
462.745 0.190074
462.894 0.190311
463.043 0.190549
463.192 0.190787
463.341 0.191024
463.49 0.191261
463.638 0.191497
463.787 0.191734
463.936 0.19197
464.085 0.192206
464.234 0.192441
464.383 0.192677
464.532 0.192912
464.681 0.193147
464.829 0.193382
464.978 0.193616
465.127 0.19385
465.276 0.194084
465.425 0.194318
465.574 0.194551
465.723 0.194784
465.872 0.195017
466.021 0.19525
466.17 0.195482
466.318 0.195714
466.467 0.195946
466.616 0.196177
466.765 0.196409
466.914 0.19664
467.063 0.19687
467.212 0.197101
467.361 0.197331
467.51 0.197561
467.659 0.197791
467.807 0.19802
467.956 0.19825
468.105 0.198479
468.254 0.198707
468.403 0.198936
468.552 0.199164
468.701 0.199392
468.85 0.199619
468.999 0.199846
469.148 0.200073
469.297 0.2003
469.446 0.200527
469.594 0.200753
469.743 0.200979
469.892 0.201205
470.041 0.20143
470.19 0.201655
470.339 0.20188
470.488 0.202105
470.637 0.202329
470.786 0.202553
470.935 0.202777
471.084 0.203
471.233 0.203223
471.382 0.203446
471.531 0.203669
471.679 0.203891
471.828 0.204113
471.977 0.204335
472.126 0.204557
472.275 0.204778
472.424 0.204999
472.573 0.20522
472.722 0.20544
472.871 0.20566
473.02 0.20588
473.169 0.2061
473.318 0.206319
473.467 0.206538
473.616 0.206757
473.765 0.206975
473.914 0.207193
474.063 0.207411
474.212 0.207628
474.361 0.207846
474.51 0.208063
474.658 0.208279
474.807 0.208496
474.956 0.208712
475.105 0.208928
475.254 0.209143
475.403 0.209359
475.552 0.209573
475.701 0.209788
475.85 0.210002
475.999 0.210217
476.148 0.21043
476.297 0.210644
476.446 0.210857
476.595 0.21107
476.744 0.211283
476.893 0.211495
477.042 0.211707
477.191 0.211919
477.34 0.21213
477.489 0.212341
477.638 0.212552
477.787 0.212763
477.936 0.212973
478.085 0.213183
478.234 0.213392
478.383 0.213602
478.532 0.213811
478.681 0.214019
478.83 0.214228
478.979 0.214436
479.128 0.214644
479.277 0.214851
479.426 0.215059
479.575 0.215266
479.724 0.215472
479.873 0.215679
480.022 0.215885
480.171 0.21609
480.32 0.216296
480.469 0.216501
480.618 0.216706
480.767 0.21691
480.916 0.217114
481.065 0.217318
481.214 0.217522
481.363 0.217725
481.512 0.217928
481.661 0.218131
481.81 0.218333
481.959 0.218535
482.108 0.218737
482.257 0.218938
482.406 0.21914
482.555 0.21934
482.704 0.219541
482.853 0.219741
483.002 0.219941
483.151 0.220141
483.3 0.22034
483.449 0.220539
483.598 0.220738
483.747 0.220936
483.896 0.221134
484.045 0.221332
484.194 0.221529
484.343 0.221726
484.492 0.221923
484.641 0.222119
484.79 0.222316
484.939 0.222511
485.088 0.222707
485.237 0.222902
485.386 0.223097
485.535 0.223292
485.684 0.223486
485.833 0.22368
485.982 0.223874
486.131 0.224067
486.281 0.22426
486.43 0.224453
486.579 0.224645
486.728 0.224837
486.877 0.225029
487.026 0.22522
487.175 0.225411
487.324 0.225602
487.473 0.225793
487.622 0.225983
487.771 0.226173
487.92 0.226362
488.069 0.226551
488.218 0.22674
488.367 0.226929
488.516 0.227117
488.665 0.227305
488.814 0.227493
488.963 0.22768
489.112 0.227867
489.262 0.228053
489.411 0.22824
489.56 0.228426
489.709 0.228611
489.858 0.228797
490.007 0.228982
490.156 0.229167
490.305 0.229351
490.454 0.229535
490.603 0.229719
490.752 0.229902
490.901 0.230085
491.05 0.230268
491.199 0.23045
491.348 0.230633
491.498 0.230814
491.647 0.230996
491.796 0.231177
491.945 0.231358
492.094 0.231538
492.243 0.231718
492.392 0.231898
492.541 0.232078
492.69 0.232257
492.839 0.232436
492.988 0.232614
493.137 0.232793
493.287 0.232971
493.436 0.233148
493.585 0.233325
493.734 0.233502
493.883 0.233679
494.032 0.233855
494.181 0.234031
494.33 0.234207
494.479 0.234382
494.628 0.234557
494.777 0.234731
494.927 0.234906
495.076 0.23508
495.225 0.235253
495.374 0.235427
495.523 0.2356
495.672 0.235772
495.821 0.235945
495.97 0.236117
496.119 0.236288
496.268 0.23646
496.418 0.236631
496.567 0.236801
496.716 0.236972
496.865 0.237142
497.014 0.237311
497.163 0.237481
497.312 0.23765
497.461 0.237818
497.61 0.237987
497.76 0.238155
497.909 0.238322
498.058 0.23849
498.207 0.238657
498.356 0.238823
498.505 0.23899
498.654 0.239156
498.803 0.239322
498.952 0.239487
499.102 0.239652
499.251 0.239817
499.4 0.239981
499.549 0.240145
499.698 0.240309
499.847 0.240472
499.996 0.240635
500.145 0.240798
500.295 0.24096
500.444 0.241122
500.593 0.241284
500.742 0.241446
500.891 0.241607
501.04 0.241767
501.189 0.241928
501.339 0.242088
501.488 0.242247
501.637 0.242407
501.786 0.242566
501.935 0.242725
502.084 0.242883
502.233 0.243041
502.383 0.243199
502.532 0.243356
502.681 0.243513
502.83 0.24367
502.979 0.243826
503.128 0.243982
503.277 0.244138
503.427 0.244293
503.576 0.244449
503.725 0.244603
503.874 0.244758
504.023 0.244912
504.172 0.245065
504.321 0.245219
504.471 0.245372
504.62 0.245524
504.769 0.245677
504.918 0.245829
505.067 0.245981
505.216 0.246132
505.366 0.246283
505.515 0.246434
505.664 0.246584
505.813 0.246734
505.962 0.246884
506.111 0.247033
506.261 0.247182
506.41 0.247331
506.559 0.247479
506.708 0.247627
506.857 0.247775
507.006 0.247922
507.156 0.248069
507.305 0.248216
507.454 0.248362
507.603 0.248508
507.752 0.248654
507.901 0.248799
508.051 0.248944
508.2 0.249089
508.349 0.249233
508.498 0.249377
508.647 0.249521
508.796 0.249664
508.946 0.249807
509.095 0.24995
509.244 0.250092
509.393 0.250234
509.542 0.250376
509.692 0.250517
509.841 0.250658
509.99 0.250799
510.139 0.250939
510.288 0.251079
510.438 0.251219
510.587 0.251358
510.736 0.251497
510.885 0.251636
511.034 0.251774
511.183 0.251912
511.333 0.25205
511.482 0.252187
511.631 0.252324
511.78 0.252461
511.929 0.252597
512.079 0.252733
512.228 0.252869
512.377 0.253004
512.526 0.253139
512.675 0.253273
512.825 0.253408
512.974 0.253542
513.123 0.253675
513.272 0.253809
513.421 0.253942
513.571 0.254074
513.72 0.254206
513.869 0.254338
514.018 0.25447
514.168 0.254601
514.317 0.254732
514.466 0.254863
514.615 0.254993
514.764 0.255123
514.914 0.255253
515.063 0.255382
515.212 0.255511
515.361 0.25564
515.51 0.255768
515.66 0.255896
515.809 0.256023
515.958 0.256151
516.107 0.256278
516.257 0.256404
516.406 0.256531
516.555 0.256656
516.704 0.256782
516.853 0.256907
517.003 0.257032
517.152 0.257157
517.301 0.257281
517.45 0.257405
517.6 0.257529
517.749 0.257652
517.898 0.257775
518.047 0.257898
518.197 0.25802
518.346 0.258142
518.495 0.258264
518.644 0.258385
518.793 0.258506
518.943 0.258626
519.092 0.258747
519.241 0.258867
519.39 0.258986
519.54 0.259106
519.689 0.259225
519.838 0.259343
519.987 0.259462
520.137 0.25958
520.286 0.259697
520.435 0.259815
520.584 0.259932
520.734 0.260048
520.883 0.260165
521.032 0.260281
521.181 0.260396
521.331 0.260512
521.48 0.260627
521.629 0.260741
521.778 0.260856
521.928 0.26097
522.077 0.261083
522.226 0.261197
522.375 0.26131
522.525 0.261422
522.674 0.261535
522.823 0.261647
522.972 0.261759
523.122 0.26187
523.271 0.261981
523.42 0.262092
523.569 0.262202
523.719 0.262312
523.868 0.262422
524.017 0.262531
524.167 0.26264
524.316 0.262749
524.465 0.262858
524.614 0.262966
524.764 0.263074
524.913 0.263181
525.062 0.263288
525.211 0.263395
525.361 0.263501
525.51 0.263608
525.659 0.263713
525.808 0.263819
525.958 0.263924
526.107 0.264029
526.256 0.264134
526.406 0.264238
526.555 0.264342
526.704 0.264445
526.853 0.264548
527.003 0.264651
527.152 0.264754
527.301 0.264856
527.451 0.264958
527.6 0.26506
527.749 0.265161
527.898 0.265262
528.048 0.265362
528.197 0.265463
528.346 0.265563
528.495 0.265662
528.645 0.265762
528.794 0.265861
528.943 0.265959
529.093 0.266058
529.242 0.266156
529.391 0.266254
529.541 0.266351
529.69 0.266448
529.839 0.266545
529.988 0.266641
530.138 0.266737
530.287 0.266833
530.436 0.266929
530.586 0.267024
530.735 0.267119
530.884 0.267213
531.033 0.267307
531.183 0.267401
531.332 0.267495
531.481 0.267588
531.631 0.267681
531.78 0.267773
531.929 0.267866
532.079 0.267958
532.228 0.268049
532.377 0.268141
532.527 0.268232
532.676 0.268322
532.825 0.268413
532.974 0.268503
533.124 0.268592
533.273 0.268682
533.422 0.268771
533.572 0.26886
533.721 0.268948
533.87 0.269036
534.02 0.269124
534.169 0.269212
534.318 0.269299
534.468 0.269386
534.617 0.269472
534.766 0.269558
534.915 0.269644
535.065 0.26973
535.214 0.269815
535.363 0.2699
535.513 0.269985
535.662 0.270069
535.811 0.270153
535.961 0.270237
536.11 0.27032
536.259 0.270403
536.409 0.270486
536.558 0.270569
536.707 0.270651
536.857 0.270733
537.006 0.270814
537.155 0.270895
537.305 0.270976
537.454 0.271057
537.603 0.271137
537.753 0.271217
537.902 0.271297
538.051 0.271376
538.201 0.271455
538.35 0.271534
538.499 0.271612
538.649 0.27169
538.798 0.271768
538.947 0.271846
539.097 0.271923
539.246 0.272
539.395 0.272076
539.545 0.272153
539.694 0.272229
539.843 0.272304
539.993 0.27238
540.142 0.272455
540.291 0.272529
540.441 0.272604
540.59 0.272678
540.739 0.272752
540.889 0.272825
541.038 0.272898
541.187 0.272971
541.337 0.273044
541.486 0.273116
541.635 0.273188
541.785 0.273259
541.934 0.273331
542.084 0.273402
542.233 0.273473
542.382 0.273543
542.532 0.273613
542.681 0.273683
542.83 0.273752
542.98 0.273822
543.129 0.273891
543.278 0.273959
543.428 0.274027
543.577 0.274095
543.726 0.274163
543.876 0.274231
544.025 0.274298
544.174 0.274364
544.324 0.274431
544.473 0.274497
544.623 0.274563
544.772 0.274629
544.921 0.274694
545.071 0.274759
545.22 0.274824
545.369 0.274888
545.519 0.274952
545.668 0.275016
545.817 0.275079
545.967 0.275143
546.116 0.275205
546.266 0.275268
546.415 0.27533
546.564 0.275392
546.714 0.275454
546.863 0.275515
547.012 0.275577
547.162 0.275637
547.311 0.275698
547.461 0.275758
547.61 0.275818
547.759 0.275878
547.909 0.275937
548.058 0.275996
548.207 0.276055
548.357 0.276113
548.506 0.276171
548.656 0.276229
548.805 0.276287
548.954 0.276344
549.104 0.276401
549.253 0.276458
549.402 0.276514
549.552 0.27657
549.701 0.276626
549.851 0.276682
550 0.276737
550.149 0.276792
550.299 0.276846
550.448 0.276901
550.598 0.276955
550.747 0.277009
550.896 0.277062
551.046 0.277115
551.195 0.277168
551.344 0.277221
551.494 0.277273
551.643 0.277325
551.793 0.277377
551.942 0.277428
552.091 0.27748
552.241 0.277531
552.39 0.277581
552.54 0.277631
552.689 0.277681
552.838 0.277731
552.988 0.277781
553.137 0.27783
553.287 0.277879
553.436 0.277927
553.585 0.277976
553.735 0.278024
553.884 0.278071
554.034 0.278119
554.183 0.278166
554.332 0.278213
554.482 0.27826
554.631 0.278306
554.781 0.278352
554.93 0.278398
555.079 0.278443
555.229 0.278488
555.378 0.278533
555.528 0.278578
555.677 0.278622
555.826 0.278666
555.976 0.27871
556.125 0.278754
556.275 0.278797
556.424 0.27884
556.573 0.278883
556.723 0.278925
556.872 0.278967
557.022 0.279009
557.171 0.27905
557.321 0.279092
557.47 0.279133
557.619 0.279174
557.769 0.279214
557.918 0.279254
558.068 0.279294
558.217 0.279334
558.366 0.279373
558.516 0.279412
558.665 0.279451
558.815 0.279489
558.964 0.279528
559.114 0.279566
559.263 0.279603
559.412 0.279641
559.562 0.279678
559.711 0.279715
559.861 0.279751
560.01 0.279788
560.159 0.279824
560.309 0.27986
560.458 0.279895
560.608 0.27993
560.757 0.279965
560.907 0.28
561.056 0.280034
561.205 0.280069
561.355 0.280102
561.504 0.280136
561.654 0.280169
561.803 0.280203
561.953 0.280235
562.102 0.280268
562.251 0.2803
562.401 0.280332
562.55 0.280364
562.7 0.280395
562.849 0.280427
562.999 0.280458
563.148 0.280488
563.297 0.280519
563.447 0.280549
563.596 0.280579
563.746 0.280608
563.895 0.280638
564.045 0.280667
564.194 0.280695
564.344 0.280724
564.493 0.280752
564.642 0.28078
564.792 0.280808
564.941 0.280836
565.091 0.280863
565.24 0.28089
565.39 0.280917
565.539 0.280943
565.689 0.280969
565.838 0.280995
565.987 0.281021
566.137 0.281046
566.286 0.281071
566.436 0.281096
566.585 0.281121
566.735 0.281145
566.884 0.281169
567.034 0.281193
567.183 0.281217
567.332 0.28124
567.482 0.281263
567.631 0.281286
567.781 0.281309
567.93 0.281331
568.08 0.281353
568.229 0.281375
568.379 0.281396
568.528 0.281418
568.677 0.281439
568.827 0.281459
568.976 0.28148
569.126 0.2815
569.275 0.28152
569.425 0.28154
569.574 0.281559
569.724 0.281579
569.873 0.281598
570.023 0.281616
570.172 0.281635
570.321 0.281653
570.471 0.281671
570.62 0.281689
570.77 0.281706
570.919 0.281724
571.069 0.281741
571.218 0.281757
571.368 0.281774
571.517 0.28179
571.667 0.281806
571.816 0.281822
571.966 0.281837
572.115 0.281853
572.264 0.281868
572.414 0.281882
572.563 0.281897
572.713 0.281911
572.862 0.281925
573.012 0.281939
573.161 0.281952
573.311 0.281966
573.46 0.281979
573.61 0.281991
573.759 0.282004
573.909 0.282016
574.058 0.282028
574.208 0.28204
574.357 0.282052
574.507 0.282063
574.656 0.282074
574.805 0.282085
574.955 0.282096
575.104 0.282106
575.254 0.282116
575.403 0.282126
575.553 0.282136
575.702 0.282145
575.852 0.282154
576.001 0.282163
576.151 0.282172
576.3 0.28218
576.45 0.282188
576.599 0.282196
576.749 0.282204
576.898 0.282211
577.048 0.282219
577.197 0.282226
577.347 0.282232
577.496 0.282239
577.646 0.282245
577.795 0.282251
577.944 0.282257
578.094 0.282263
578.243 0.282268
578.393 0.282273
578.542 0.282278
578.692 0.282283
578.841 0.282287
578.991 0.282291
579.14 0.282295
579.29 0.282299
579.439 0.282302
579.589 0.282306
579.738 0.282309
579.888 0.282312
580.037 0.282314
580.187 0.282316
580.336 0.282318
580.486 0.28232
580.635 0.282322
580.785 0.282323
580.934 0.282325
581.084 0.282326
581.233 0.282326
581.383 0.282327
581.532 0.282327
581.682 0.282327
581.831 0.282327
581.981 0.282326
582.13 0.282326
582.28 0.282325
582.429 0.282324
582.579 0.282322
582.728 0.282321
582.878 0.282319
583.027 0.282317
583.177 0.282315
583.326 0.282312
583.476 0.28231
583.625 0.282307
583.775 0.282304
583.924 0.2823
584.074 0.282297
584.223 0.282293
584.373 0.282289
584.522 0.282285
584.672 0.28228
584.821 0.282276
584.971 0.282271
585.12 0.282266
585.27 0.28226
585.419 0.282255
585.569 0.282249
585.718 0.282243
585.868 0.282237
586.017 0.28223
586.167 0.282224
586.316 0.282217
586.466 0.28221
586.615 0.282202
586.765 0.282195
586.914 0.282187
587.064 0.282179
587.213 0.282171
587.363 0.282163
587.512 0.282154
587.662 0.282145
587.811 0.282136
587.961 0.282127
588.11 0.282118
588.26 0.282108
588.409 0.282098
588.559 0.282088
588.708 0.282078
588.858 0.282067
589.007 0.282056
589.157 0.282045
589.306 0.282034
589.456 0.282023
589.605 0.282011
589.755 0.281999
589.904 0.281987
590.054 0.281975
590.203 0.281963
590.353 0.28195
590.502 0.281937
590.652 0.281924
590.802 0.281911
590.951 0.281898
591.101 0.281884
591.25 0.28187
591.4 0.281856
591.549 0.281842
591.699 0.281827
591.848 0.281813
591.998 0.281798
592.147 0.281783
592.297 0.281767
592.446 0.281752
592.596 0.281736
592.745 0.28172
592.895 0.281704
593.044 0.281688
593.194 0.281671
593.343 0.281654
593.493 0.281637
593.642 0.28162
593.792 0.281603
593.941 0.281585
594.091 0.281567
594.24 0.28155
594.39 0.281531
594.54 0.281513
594.689 0.281494
594.839 0.281476
594.988 0.281457
595.138 0.281438
595.287 0.281418
595.437 0.281399
595.586 0.281379
595.736 0.281359
595.885 0.281339
596.035 0.281318
596.184 0.281298
596.334 0.281277
596.483 0.281256
596.633 0.281235
596.782 0.281214
596.932 0.281192
597.082 0.281171
597.231 0.281149
597.381 0.281127
597.53 0.281104
597.68 0.281082
597.829 0.281059
597.979 0.281036
598.128 0.281013
598.278 0.28099
598.427 0.280966
598.577 0.280943
598.726 0.280919
598.876 0.280895
599.025 0.280871
599.175 0.280846
599.325 0.280822
599.474 0.280797
599.624 0.280772
599.773 0.280747
599.923 0.280721
600.072 0.280696
600.222 0.28067
600.371 0.280644
600.521 0.280618
600.67 0.280592
600.82 0.280565
600.969 0.280539
601.119 0.280512
601.269 0.280485
601.418 0.280458
601.568 0.28043
601.717 0.280403
601.867 0.280375
602.016 0.280347
602.166 0.280319
602.315 0.28029
602.465 0.280262
602.614 0.280233
602.764 0.280204
602.913 0.280175
603.063 0.280146
603.213 0.280116
603.362 0.280087
603.512 0.280057
603.661 0.280027
603.811 0.279997
603.96 0.279967
604.11 0.279936
604.259 0.279905
604.409 0.279874
604.558 0.279843
604.708 0.279812
604.858 0.279781
605.007 0.279749
605.157 0.279717
605.306 0.279685
605.456 0.279653
605.605 0.279621
605.755 0.279588
605.904 0.279556
606.054 0.279523
606.204 0.27949
606.353 0.279457
606.503 0.279423
606.652 0.27939
606.802 0.279356
606.951 0.279322
607.101 0.279288
607.25 0.279254
607.4 0.27922
607.549 0.279185
607.699 0.27915
607.849 0.279115
607.998 0.27908
608.148 0.279045
608.297 0.279009
608.447 0.278974
608.596 0.278938
608.746 0.278902
608.895 0.278866
609.045 0.27883
609.195 0.278793
609.344 0.278757
609.494 0.27872
609.643 0.278683
609.793 0.278646
609.942 0.278608
610.092 0.278571
610.241 0.278533
610.391 0.278495
610.541 0.278457
610.69 0.278419
610.84 0.278381
610.989 0.278343
611.139 0.278304
611.288 0.278265
611.438 0.278226
611.587 0.278187
611.737 0.278148
611.887 0.278108
612.036 0.278069
612.186 0.278029
612.335 0.277989
612.485 0.277949
612.634 0.277908
612.784 0.277868
612.934 0.277827
613.083 0.277787
613.233 0.277746
613.382 0.277705
613.532 0.277663
613.681 0.277622
613.831 0.27758
613.98 0.277539
614.13 0.277497
614.28 0.277455
614.429 0.277412
614.579 0.27737
614.728 0.277327
614.878 0.277285
615.027 0.277242
615.177 0.277199
615.327 0.277156
615.476 0.277112
615.626 0.277069
615.775 0.277025
615.925 0.276982
616.074 0.276938
616.224 0.276893
616.373 0.276849
616.523 0.276805
616.673 0.27676
616.822 0.276716
616.972 0.276671
617.121 0.276626
617.271 0.27658
617.42 0.276535
617.57 0.27649
617.72 0.276444
617.869 0.276398
618.019 0.276352
618.168 0.276306
618.318 0.27626
618.467 0.276213
618.617 0.276167
618.767 0.27612
618.916 0.276073
619.066 0.276026
619.215 0.275979
619.365 0.275932
619.514 0.275884
619.664 0.275837
619.814 0.275789
619.963 0.275741
620.113 0.275693
620.262 0.275645
620.412 0.275597
620.561 0.275548
620.711 0.275499
620.861 0.275451
621.01 0.275402
621.16 0.275353
621.309 0.275303
621.459 0.275254
621.608 0.275205
621.758 0.275155
621.908 0.275105
622.057 0.275055
622.207 0.275005
622.356 0.274955
622.506 0.274904
622.655 0.274854
622.805 0.274803
622.955 0.274752
623.104 0.274702
623.254 0.27465
623.403 0.274599
623.553 0.274548
623.702 0.274496
623.852 0.274445
624.002 0.274393
624.151 0.274341
624.301 0.274289
624.45 0.274237
624.6 0.274184
624.749 0.274132
624.899 0.274079
625.049 0.274026
625.198 0.273974
625.348 0.27392
625.497 0.273867
625.647 0.273814
625.796 0.273761
625.946 0.273707
626.096 0.273653
626.245 0.273599
626.395 0.273545
626.544 0.273491
626.694 0.273437
626.844 0.273382
626.993 0.273328
627.143 0.273273
627.292 0.273218
627.442 0.273164
627.591 0.273108
627.741 0.273053
627.891 0.272998
628.04 0.272942
628.19 0.272887
628.339 0.272831
628.489 0.272775
628.638 0.272719
628.788 0.272663
628.938 0.272607
629.087 0.27255
629.237 0.272494
629.386 0.272437
629.536 0.27238
629.686 0.272323
629.835 0.272266
629.985 0.272209
630.134 0.272152
630.284 0.272094
630.433 0.272037
630.583 0.271979
630.733 0.271921
630.882 0.271863
631.032 0.271805
631.181 0.271747
631.331 0.271689
631.481 0.27163
631.63 0.271572
631.78 0.271513
631.929 0.271454
632.079 0.271395
632.228 0.271336
632.378 0.271277
632.528 0.271217
632.677 0.271158
632.827 0.271098
632.976 0.271039
633.126 0.270979
633.275 0.270919
633.425 0.270859
633.575 0.270799
633.724 0.270738
633.874 0.270678
634.023 0.270617
634.173 0.270557
634.323 0.270496
634.472 0.270435
634.622 0.270374
634.771 0.270313
634.921 0.270251
635.071 0.27019
635.22 0.270128
635.37 0.270067
635.519 0.270005
635.669 0.269943
635.818 0.269881
635.968 0.269819
636.118 0.269757
636.267 0.269694
636.417 0.269632
636.566 0.269569
636.716 0.269506
636.866 0.269444
637.015 0.269381
637.165 0.269317
637.314 0.269254
637.464 0.269191
637.613 0.269128
637.763 0.269064
637.913 0.269
638.062 0.268937
638.212 0.268873
638.361 0.268809
638.511 0.268745
638.661 0.26868
638.81 0.268616
638.96 0.268552
639.109 0.268487
639.259 0.268422
639.408 0.268358
639.558 0.268293
639.708 0.268228
639.857 0.268163
640.007 0.268097
640.156 0.268032
640.306 0.267966
640.456 0.267901
640.605 0.267835
640.755 0.267769
640.904 0.267704
641.054 0.267638
641.204 0.267571
641.353 0.267505
641.503 0.267439
641.652 0.267372
641.802 0.267306
641.951 0.267239
642.101 0.267172
642.251 0.267106
642.4 0.267039
642.55 0.266971
642.699 0.266904
642.849 0.266837
642.999 0.26677
643.148 0.266702
643.298 0.266634
643.447 0.266567
643.597 0.266499
643.747 0.266431
643.896 0.266363
644.046 0.266295
644.195 0.266226
644.345 0.266158
644.494 0.26609
644.644 0.266021
644.794 0.265952
644.943 0.265884
645.093 0.265815
645.242 0.265746
645.392 0.265677
645.542 0.265607
645.691 0.265538
645.841 0.265469
645.99 0.265399
646.14 0.26533
646.29 0.26526
646.439 0.26519
646.589 0.26512
646.738 0.26505
646.888 0.26498
647.037 0.26491
647.187 0.26484
647.337 0.264769
647.486 0.264699
647.636 0.264628
647.785 0.264558
647.935 0.264487
648.085 0.264416
648.234 0.264345
648.384 0.264274
648.533 0.264203
648.683 0.264131
648.833 0.26406
648.982 0.263989
649.132 0.263917
649.281 0.263845
649.431 0.263774
649.581 0.263702
649.73 0.26363
649.88 0.263558
650.029 0.263486
650.179 0.263413
650.328 0.263341
650.478 0.263269
650.628 0.263196
650.777 0.263124
650.927 0.263051
651.076 0.262978
651.226 0.262905
651.376 0.262832
651.525 0.262759
651.675 0.262686
651.824 0.262613
651.974 0.262539
652.124 0.262466
652.273 0.262392
652.423 0.262319
652.572 0.262245
652.722 0.262171
652.871 0.262097
653.021 0.262023
653.171 0.261949
653.32 0.261875
653.47 0.261801
653.619 0.261727
653.769 0.261652
653.919 0.261578
654.068 0.261503
654.218 0.261428
654.367 0.261354
654.517 0.261279
654.667 0.261204
654.816 0.261129
654.966 0.261054
655.115 0.260978
655.265 0.260903
655.414 0.260828
655.564 0.260752
655.714 0.260677
655.863 0.260601
656.013 0.260525
656.162 0.260449
656.312 0.260374
656.462 0.260298
656.611 0.260222
656.761 0.260145
656.91 0.260069
657.06 0.259993
657.21 0.259916
657.359 0.25984
657.509 0.259763
657.658 0.259687
657.808 0.25961
657.957 0.259533
658.107 0.259456
658.257 0.259379
658.406 0.259302
658.556 0.259225
658.705 0.259148
658.855 0.25907
659.005 0.258993
659.154 0.258916
659.304 0.258838
659.453 0.25876
659.603 0.258683
659.753 0.258605
659.902 0.258527
660.052 0.258449
660.201 0.258371
660.351 0.258293
660.5 0.258215
660.65 0.258136
660.8 0.258058
660.949 0.25798
661.099 0.257901
661.248 0.257823
661.398 0.257744
661.548 0.257665
661.697 0.257586
661.847 0.257508
661.996 0.257429
662.146 0.25735
662.296 0.25727
662.445 0.257191
662.595 0.257112
662.744 0.257033
662.894 0.256953
663.043 0.256874
663.193 0.256794
663.343 0.256714
663.492 0.256635
663.642 0.256555
663.791 0.256475
663.941 0.256395
664.091 0.256315
664.24 0.256235
664.39 0.256155
664.539 0.256075
664.689 0.255994
664.838 0.255914
664.988 0.255833
665.138 0.255753
665.287 0.255672
665.437 0.255592
665.586 0.255511
665.736 0.25543
665.886 0.255349
666.035 0.255268
666.185 0.255187
666.334 0.255106
666.484 0.255025
666.634 0.254944
666.783 0.254863
666.933 0.254781
667.082 0.2547
667.232 0.254618
667.381 0.254537
667.531 0.254455
667.681 0.254373
667.83 0.254291
667.98 0.25421
668.129 0.254128
668.279 0.254046
668.429 0.253964
668.578 0.253882
668.728 0.253799
668.877 0.253717
669.027 0.253635
669.176 0.253552
669.326 0.25347
669.476 0.253387
669.625 0.253305
669.775 0.253222
669.924 0.253139
670.074 0.253057
670.223 0.252974
670.373 0.252891
670.523 0.252808
670.672 0.252725
670.822 0.252642
670.971 0.252559
671.121 0.252475
671.271 0.252392
671.42 0.252309
671.57 0.252225
671.719 0.252142
671.869 0.252058
672.018 0.251975
672.168 0.251891
672.318 0.251807
672.467 0.251723
672.617 0.25164
672.766 0.251556
672.916 0.251472
673.066 0.251388
673.215 0.251304
673.365 0.251219
673.514 0.251135
673.664 0.251051
673.813 0.250967
673.963 0.250882
674.113 0.250798
674.262 0.250713
674.412 0.250629
674.561 0.250544
674.711 0.250459
674.86 0.250374
675.01 0.25029
675.16 0.250205
675.309 0.25012
675.459 0.250035
675.608 0.24995
675.758 0.249865
675.907 0.24978
676.057 0.249694
676.207 0.249609
676.356 0.249524
676.506 0.249438
676.655 0.249353
676.805 0.249267
676.955 0.249182
677.104 0.249096
677.254 0.24901
677.403 0.248925
677.553 0.248839
677.702 0.248753
677.852 0.248667
678.002 0.248581
678.151 0.248495
678.301 0.248409
678.45 0.248323
678.6 0.248237
678.749 0.248151
678.899 0.248064
679.049 0.247978
679.198 0.247892
679.348 0.247805
679.497 0.247719
679.647 0.247632
679.796 0.247546
679.946 0.247459
680.096 0.247372
680.245 0.247285
680.395 0.247199
680.544 0.247112
680.694 0.247025
680.843 0.246938
680.993 0.246851
681.143 0.246764
681.292 0.246677
681.442 0.24659
681.591 0.246502
681.741 0.246415
681.89 0.246328
682.04 0.24624
682.19 0.246153
682.339 0.246066
682.489 0.245978
682.638 0.245891
682.788 0.245803
682.937 0.245715
683.087 0.245628
683.237 0.24554
683.386 0.245452
683.536 0.245364
683.685 0.245276
683.835 0.245188
683.984 0.2451
684.134 0.245012
684.284 0.244924
684.433 0.244836
684.583 0.244748
684.732 0.24466
684.882 0.244571
685.031 0.244483
685.181 0.244395
685.33 0.244306
685.48 0.244218
685.63 0.244129
685.779 0.244041
685.929 0.243952
686.078 0.243863
686.228 0.243775
686.377 0.243686
686.527 0.243597
686.677 0.243508
686.826 0.24342
686.976 0.243331
687.125 0.243242
687.275 0.243153
687.424 0.243064
687.574 0.242975
687.723 0.242885
687.873 0.242796
688.023 0.242707
688.172 0.242618
688.322 0.242529
688.471 0.242439
688.621 0.24235
688.77 0.24226
688.92 0.242171
689.07 0.242081
689.219 0.241992
689.369 0.241902
689.518 0.241813
689.668 0.241723
689.817 0.241633
689.967 0.241544
690.116 0.241454
690.266 0.241364
690.416 0.241274
690.565 0.241184
690.715 0.241094
690.864 0.241004
691.014 0.240914
691.163 0.240824
691.313 0.240734
691.462 0.240644
691.612 0.240554
691.762 0.240463
691.911 0.240373
692.061 0.240283
692.21 0.240193
692.36 0.240102
692.509 0.240012
692.659 0.239921
692.808 0.239831
692.958 0.23974
693.108 0.23965
693.257 0.239559
693.407 0.239468
693.556 0.239378
693.706 0.239287
693.855 0.239196
694.005 0.239105
694.154 0.239015
694.304 0.238924
694.453 0.238833
694.603 0.238742
694.753 0.238651
694.902 0.23856
695.052 0.238469
695.201 0.238378
695.351 0.238287
695.5 0.238196
695.65 0.238104
695.799 0.238013
695.949 0.237922
696.099 0.237831
696.248 0.237739
696.398 0.237648
696.547 0.237557
696.697 0.237465
696.846 0.237374
696.996 0.237282
697.145 0.237191
697.295 0.237099
697.444 0.237008
697.594 0.236916
697.744 0.236825
697.893 0.236733
698.043 0.236641
698.192 0.236549
698.342 0.236458
698.491 0.236366
698.641 0.236274
698.79 0.236182
698.94 0.23609
699.089 0.235998
699.239 0.235906
699.388 0.235814
699.538 0.235722
699.688 0.23563
699.837 0.235538
699.987 0.235446
700.136 0.235354
700.286 0.235262
700.435 0.23517
700.585 0.235077
700.734 0.234985
700.884 0.234893
701.033 0.234801
701.183 0.234708
