296.686 -1.00281
296.931 -1.00199
297.176 -1.00091
297.421 -0.99957
297.666 -0.997962
297.911 -0.996081
298.157 -0.993922
298.402 -0.991479
298.647 -0.988747
298.892 -0.985721
299.137 -0.982395
299.382 -0.978764
299.627 -0.974822
299.872 -0.970564
300.118 -0.965984
300.363 -0.961077
300.608 -0.955837
300.853 -0.950258
301.098 -0.944334
301.343 -0.938061
301.589 -0.931431
301.834 -0.924439
302.079 -0.917079
302.324 -0.909345
302.569 -0.901231
302.814 -0.892732
303.06 -0.88384
303.305 -0.87455
303.55 -0.864856
303.795 -0.854751
304.041 -0.844229
304.286 -0.833285
304.531 -0.821911
304.776 -0.810101
305.022 -0.797849
305.267 -0.785148
305.512 -0.771993
305.757 -0.758375
306.003 -0.74429
306.248 -0.729729
306.493 -0.714687
306.739 -0.699157
306.984 -0.683132
307.229 -0.666606
307.475 -0.649571
307.72 -0.63202
307.965 -0.613948
308.21 -0.595347
308.456 -0.576209
308.701 -0.556529
308.947 -0.536299
309.192 -0.515511
309.437 -0.49416
309.683 -0.472237
309.928 -0.449736
310.173 -0.42665
310.419 -0.402971
310.664 -0.378691
310.91 -0.353804
311.155 -0.328303
311.4 -0.30218
311.646 -0.275427
311.891 -0.248037
312.137 -0.220003
312.382 -0.191318
312.627 -0.161973
312.873 -0.131961
313.118 -0.101274
313.364 -0.0699062
313.609 -0.0378482
313.855 -0.00509294
314.1 0.0283674
314.346 0.0625405
314.591 0.0974341
314.837 0.133056
315.082 0.169414
315.328 0.206516
315.573 0.24437
315.819 0.282983
316.064 0.322364
316.31 0.362521
316.555 0.403461
316.801 0.445193
317.046 0.487725
317.292 0.531064
317.537 0.575218
317.783 0.620197
318.028 0.666007
318.274 0.712657
318.52 0.760156
318.765 0.808511
319.011 0.85773
319.256 0.907823
319.502 0.958796
319.748 1.01066
319.993 1.06342
320.239 1.11709
320.484 1.17167
320.73 1.22717
320.976 1.2836
321.221 1.34098
321.467 1.3993
321.712 1.45858
321.958 1.51882
322.204 1.58003
322.449 1.64223
322.695 1.70541
322.941 1.7696
323.186 1.83479
323.432 1.901
323.678 1.96823
323.924 2.03649
324.169 2.1058
324.415 2.17615
324.661 2.24757
324.906 2.32005
325.152 2.3936
325.398 2.46824
325.644 2.54398
325.889 2.62081
326.135 2.69875
326.381 2.77782
326.626 2.85801
326.872 2.93933
327.118 3.02181
327.364 3.10543
327.61 3.19022
327.855 3.27617
328.101 3.36331
328.347 3.45164
328.593 3.54116
328.838 3.63188
329.084 3.72383
329.33 3.81699
329.576 3.91139
329.822 4.00703
330.068 4.10391
330.313 4.20206
330.559 4.30147
330.805 4.40215
331.051 4.50412
331.297 4.60739
331.543 4.71195
331.788 4.81783
332.034 4.92502
332.28 5.03354
332.526 5.1434
332.772 5.25461
333.018 5.36716
333.264 5.48108
333.51 5.59638
333.756 5.71305
334.001 5.83111
334.247 5.95057
334.493 6.07143
334.739 6.19371
334.985 6.31741
335.231 6.44254
335.477 6.56912
335.723 6.69714
335.969 6.82662
336.215 6.95757
336.461 7.08999
336.707 7.22389
336.953 7.35929
337.199 7.49619
337.445 7.6346
337.691 7.77453
337.937 7.91598
338.183 8.05896
338.429 8.20349
338.675 8.34958
338.921 8.49722
339.167 8.64643
339.413 8.79722
339.659 8.94959
339.905 9.10356
340.151 9.25913
340.397 9.41631
340.643 9.57511
340.889 9.73553
341.135 9.8976
341.381 10.0613
341.627 10.2267
341.873 10.3937
342.119 10.5624
342.366 10.7327
342.612 10.9048
342.858 11.0785
343.104 11.254
343.35 11.4311
343.596 11.61
343.842 11.7906
344.088 11.9729
344.334 12.157
344.581 12.3428
344.827 12.5304
345.073 12.7197
345.319 12.9108
345.565 13.1037
345.811 13.2984
346.058 13.4949
346.304 13.6932
346.55 13.8933
346.796 14.0952
347.042 14.2989
347.288 14.5045
347.535 14.7119
347.781 14.9212
348.027 15.1323
348.273 15.3453
348.519 15.5602
348.766 15.7769
349.012 15.9956
349.258 16.2161
349.504 16.4385
349.751 16.6629
349.997 16.8891
350.243 17.1173
350.489 17.3474
350.736 17.5795
350.982 17.8135
351.228 18.0494
351.474 18.2873
351.721 18.5272
351.967 18.7691
352.213 19.0129
352.46 19.2587
352.706 19.5065
352.952 19.7564
353.199 20.0082
353.445 20.262
353.691 20.5179
353.937 20.7758
354.184 21.0357
354.43 21.2977
354.676 21.5617
354.923 21.8278
355.169 22.0959
355.416 22.3661
355.662 22.6384
355.908 22.9127
356.155 23.1891
356.401 23.4677
356.647 23.7483
356.894 24.031
357.14 24.3159
357.387 24.6028
357.633 24.8919
357.879 25.1831
358.126 25.4765
358.372 25.772
358.619 26.0696
358.865 26.3694
359.111 26.6714
359.358 26.9755
359.604 27.2817
359.851 27.5902
360.097 27.9008
360.344 28.2137
360.59 28.5287
360.837 28.8459
361.083 29.1653
361.33 29.4869
361.576 29.8107
361.823 30.1368
362.069 30.465
362.316 30.7955
362.562 31.1283
362.809 31.4632
363.055 31.8004
363.302 32.1399
363.548 32.4816
363.795 32.8256
364.041 33.1718
364.288 33.5203
364.534 33.8711
364.781 34.2241
365.027 34.5794
365.274 34.937
365.52 35.2969
365.767 35.6591
366.013 36.0236
366.26 36.3903
366.507 36.7594
366.753 37.1308
367 37.5045
367.246 37.8806
367.493 38.2589
367.74 38.6396
367.986 39.0226
368.233 39.4079
368.479 39.7956
368.726 40.1856
368.973 40.578
369.219 40.9727
369.466 41.3697
369.713 41.7691
369.959 42.1709
370.206 42.575
370.452 42.9815
370.699 43.3904
370.946 43.8016
371.192 44.2152
371.439 44.6311
371.686 45.0495
371.932 45.4702
372.179 45.8934
372.426 46.3189
372.673 46.7468
372.919 47.177
373.166 47.6097
373.413 48.0448
373.659 48.4823
373.906 48.9222
374.153 49.3645
374.399 49.8091
374.646 50.2563
374.893 50.7058
375.14 51.1577
375.386 51.612
375.633 52.0688
375.88 52.528
376.127 52.9896
376.373 53.4536
376.62 53.9201
376.867 54.3889
377.114 54.8602
377.361 55.334
377.607 55.8101
377.854 56.2887
378.101 56.7697
378.348 57.2532
378.595 57.7391
378.841 58.2274
379.088 58.7182
379.335 59.2114
379.582 59.7071
379.829 60.2052
380.075 60.7057
380.322 61.2087
380.569 61.7141
380.816 62.222
381.063 62.7323
381.31 63.245
381.557 63.7602
381.803 64.2779
382.05 64.798
382.297 65.3205
382.544 65.8455
382.791 66.3729
383.038 66.9028
383.285 67.4351
383.532 67.9699
383.778 68.5071
384.025 69.0468
384.272 69.5889
384.519 70.1335
384.766 70.6805
385.013 71.2299
385.26 71.7818
385.507 72.3361
385.754 72.8929
386.001 73.4522
386.248 74.0138
386.495 74.5779
386.742 75.1445
386.989 75.7135
387.235 76.2849
387.482 76.8588
387.729 77.4351
387.976 78.0138
388.223 78.595
388.47 79.1786
388.717 79.7646
388.964 80.3531
389.211 80.944
389.458 81.5373
389.705 82.1331
389.952 82.7313
390.199 83.3319
390.446 83.9349
390.693 84.5403
390.94 85.1482
391.187 85.7585
391.434 86.3711
391.682 86.9862
391.929 87.6037
392.176 88.2236
392.423 88.846
392.67 89.4707
392.917 90.0978
393.164 90.7273
393.411 91.3592
393.658 91.9935
393.905 92.6302
394.152 93.2693
394.399 93.9107
394.646 94.5546
394.893 95.2008
395.141 95.8494
395.388 96.5004
395.635 97.1537
395.882 97.8094
396.129 98.4675
396.376 99.1279
396.623 99.7907
396.87 100.456
397.117 101.123
397.365 101.793
397.612 102.465
397.859 103.14
398.106 103.817
398.353 104.496
398.6 105.177
398.848 105.861
399.095 106.547
399.342 107.236
399.589 107.927
399.836 108.62
400.083 109.315
400.331 110.013
400.578 110.713
400.825 111.415
401.072 112.12
401.319 112.827
401.567 113.536
401.814 114.247
402.061 114.961
402.308 115.677
402.555 116.395
402.803 117.116
403.05 117.839
403.297 118.564
403.544 119.291
403.792 120.02
404.039 120.752
404.286 121.486
404.533 122.222
404.781 122.96
405.028 123.701
405.275 124.444
405.523 125.189
405.77 125.936
406.017 126.685
406.264 127.437
406.512 128.191
406.759 128.947
407.006 129.705
407.254 130.465
407.501 131.227
407.748 131.992
407.995 132.759
408.243 133.528
408.49 134.299
408.737 135.072
408.985 135.847
409.232 136.624
409.479 137.404
409.727 138.186
409.974 138.969
410.222 139.755
410.469 140.543
410.716 141.333
410.964 142.125
411.211 142.919
411.458 143.715
411.706 144.514
411.953 145.314
412.201 146.116
412.448 146.92
412.695 147.727
412.943 148.535
413.19 149.346
413.437 150.158
413.685 150.973
413.932 151.789
414.18 152.608
414.427 153.428
414.675 154.25
414.922 155.075
415.169 155.901
415.417 156.729
415.664 157.56
415.912 158.392
416.159 159.226
416.407 160.062
416.654 160.9
416.902 161.74
417.149 162.581
417.397 163.425
417.644 164.271
417.891 165.118
418.139 165.967
418.386 166.819
418.634 167.672
418.881 168.526
419.129 169.383
419.376 170.242
419.624 171.102
419.871 171.964
420.119 172.828
420.366 173.694
420.614 174.562
420.862 175.431
421.109 176.302
421.357 177.175
421.604 178.05
421.852 178.927
422.099 179.805
422.347 180.685
422.594 181.567
422.842 182.45
423.089 183.335
423.337 184.222
423.585 185.111
423.832 186.001
424.08 186.893
424.327 187.786
424.575 188.682
424.822 189.579
425.07 190.477
425.318 191.377
425.565 192.279
425.813 193.183
426.06 194.088
426.308 194.995
426.556 195.903
426.803 196.813
427.051 197.724
427.298 198.637
427.546 199.552
427.794 200.468
428.041 201.386
428.289 202.305
428.537 203.226
428.784 204.148
429.032 205.072
429.28 205.997
429.527 206.924
429.775 207.852
430.023 208.782
430.27 209.713
430.518 210.646
430.766 211.58
431.013 212.515
431.261 213.452
431.509 214.391
431.756 215.331
432.004 216.272
432.252 217.214
432.499 218.158
432.747 219.104
432.995 220.05
433.243 220.999
433.49 221.948
433.738 222.899
433.986 223.851
434.233 224.804
434.481 225.759
434.729 226.715
434.977 227.672
435.224 228.631
435.472 229.591
435.72 230.552
435.968 231.514
436.215 232.478
436.463 233.442
436.711 234.408
436.959 235.376
437.206 236.344
437.454 237.314
437.702 238.285
437.95 239.256
438.198 240.23
438.445 241.204
438.693 242.179
438.941 243.156
439.189 244.134
439.436 245.113
439.684 246.092
439.932 247.073
440.18 248.056
440.428 249.039
440.676 250.023
440.923 251.008
441.171 251.995
441.419 252.982
441.667 253.97
441.915 254.96
442.163 255.95
442.41 256.942
442.658 257.934
442.906 258.927
443.154 259.922
443.402 260.917
443.65 261.913
443.898 262.911
444.145 263.909
444.393 264.908
444.641 265.908
444.889 266.908
445.137 267.91
445.385 268.913
445.633 269.916
445.881 270.92
446.128 271.926
446.376 272.932
446.624 273.938
446.872 274.946
447.12 275.954
447.368 276.964
447.616 277.974
447.864 278.985
448.112 279.996
448.36 281.008
448.608 282.021
448.856 283.035
449.104 284.05
449.351 285.065
449.599 286.081
449.847 287.097
450.095 288.115
450.343 289.133
450.591 290.151
450.839 291.171
451.087 292.191
451.335 293.211
451.583 294.232
451.831 295.254
452.079 296.277
452.327 297.3
452.575 298.323
452.823 299.347
453.071 300.372
453.319 301.397
453.567 302.423
453.815 303.449
454.063 304.476
454.311 305.504
454.559 306.531
454.807 307.56
455.055 308.589
455.303 309.618
455.551 310.648
455.799 311.678
456.047 312.708
456.295 313.74
456.543 314.771
456.791 315.803
457.039 316.835
457.287 317.868
457.535 318.901
457.783 319.934
458.031 320.968
458.28 322.002
458.528 323.037
458.776 324.072
459.024 325.107
459.272 326.142
459.52 327.178
459.768 328.214
460.016 329.25
460.264 330.287
460.512 331.324
460.76 332.361
461.008 333.398
461.257 334.435
461.505 335.473
461.753 336.511
462.001 337.549
462.249 338.588
462.497 339.626
462.745 340.665
462.993 341.704
463.241 342.743
463.49 343.782
463.738 344.821
463.986 345.86
464.234 346.9
464.482 347.939
464.73 348.979
464.978 350.019
465.227 351.058
465.475 352.098
465.723 353.138
465.971 354.178
466.219 355.218
466.467 356.258
466.715 357.298
466.964 358.338
467.212 359.378
467.46 360.418
467.708 361.458
467.956 362.498
468.205 363.538
468.453 364.577
468.701 365.617
468.949 366.657
469.197 367.696
469.446 368.736
469.694 369.775
469.942 370.814
470.19 371.853
470.438 372.892
470.687 373.931
470.935 374.969
471.183 376.008
471.431 377.046
471.679 378.084
471.928 379.122
472.176 380.16
472.424 381.197
472.672 382.234
472.921 383.271
473.169 384.308
473.417 385.345
473.665 386.381
473.914 387.417
474.162 388.453
474.41 389.488
474.658 390.523
474.907 391.558
475.155 392.592
475.403 393.627
475.652 394.66
475.9 395.694
476.148 396.727
476.396 397.76
476.645 398.792
476.893 399.824
477.141 400.856
477.39 401.887
477.638 402.918
477.886 403.948
478.134 404.978
478.383 406.007
478.631 407.036
478.879 408.065
479.128 409.093
479.376 410.121
479.624 411.148
479.873 412.174
480.121 413.201
480.369 414.226
480.618 415.251
480.866 416.276
481.114 417.3
481.363 418.323
481.611 419.346
481.859 420.369
482.108 421.391
482.356 422.412
482.604 423.432
482.853 424.453
483.101 425.472
483.35 426.491
483.598 427.509
483.846 428.526
484.095 429.543
484.343 430.56
484.591 431.575
484.84 432.59
485.088 433.604
485.337 434.618
485.585 435.631
485.833 436.643
486.082 437.654
486.33 438.665
486.579 439.675
486.827 440.684
487.075 441.693
487.324 442.701
487.572 443.708
487.821 444.714
488.069 445.719
488.318 446.724
488.566 447.728
488.814 448.731
489.063 449.733
489.311 450.735
489.56 451.735
489.808 452.735
490.057 453.734
490.305 454.732
490.553 455.729
490.802 456.726
491.05 457.721
491.299 458.716
491.547 459.709
491.796 460.702
492.044 461.694
492.293 462.685
492.541 463.675
492.79 464.664
493.038 465.652
493.287 466.64
493.535 467.626
493.783 468.611
494.032 469.596
494.28 470.579
494.529 471.561
494.777 472.543
495.026 473.523
495.274 474.503
495.523 475.481
495.771 476.458
496.02 477.435
496.268 478.41
496.517 479.384
496.765 480.357
497.014 481.329
497.262 482.3
497.511 483.27
497.76 484.239
498.008 485.207
498.257 486.174
498.505 487.139
498.754 488.104
499.002 489.067
499.251 490.03
499.499 490.991
499.748 491.951
499.996 492.91
500.245 493.867
500.493 494.824
500.742 495.779
500.991 496.733
501.239 497.686
501.488 498.638
501.736 499.589
501.985 500.538
502.233 501.486
502.482 502.433
502.731 503.379
502.979 504.324
503.228 505.267
503.476 506.209
503.725 507.15
503.973 508.089
504.222 509.028
504.471 509.965
504.719 510.9
504.968 511.835
505.216 512.768
505.465 513.7
505.714 514.631
505.962 515.56
506.211 516.488
506.459 517.414
506.708 518.34
506.957 519.264
507.205 520.186
507.454 521.108
507.703 522.028
507.951 522.946
508.2 523.863
508.448 524.779
508.697 525.694
508.946 526.607
509.194 527.519
509.443 528.429
509.692 529.338
509.94 530.245
510.189 531.151
510.438 532.056
510.686 532.959
510.935 533.861
511.183 534.762
511.432 535.661
511.681 536.558
511.929 537.454
512.178 538.349
512.427 539.242
512.675 540.134
512.924 541.024
513.173 541.912
513.421 542.8
513.67 543.685
513.919 544.57
514.168 545.452
514.416 546.334
514.665 547.213
514.914 548.092
515.162 548.968
515.411 549.843
515.66 550.717
515.908 551.589
516.157 552.46
516.406 553.329
516.655 554.196
516.903 555.062
517.152 555.926
517.401 556.789
517.649 557.65
517.898 558.51
518.147 559.368
518.396 560.224
518.644 561.079
518.893 561.932
519.142 562.784
519.39 563.634
519.639 564.482
519.888 565.329
520.137 566.174
520.385 567.017
520.634 567.859
520.883 568.699
521.132 569.538
521.38 570.375
521.629 571.21
521.878 572.044
522.127 572.876
522.375 573.706
522.624 574.535
522.873 575.362
523.122 576.187
523.37 577.011
523.619 577.832
523.868 578.653
524.117 579.471
524.366 580.288
524.614 581.103
524.863 581.917
525.112 582.728
525.361 583.538
525.609 584.346
525.858 585.153
526.107 585.958
526.356 586.761
526.605 587.562
526.853 588.362
527.102 589.16
527.351 589.956
527.6 590.75
527.849 591.543
528.097 592.333
528.346 593.122
528.595 593.91
528.844 594.695
529.093 595.479
529.341 596.261
529.59 597.041
529.839 597.82
530.088 598.596
530.337 599.371
530.586 600.144
530.834 600.915
531.083 601.684
531.332 602.452
531.581 603.218
531.83 603.982
532.079 604.744
532.327 605.504
532.576 606.263
532.825 607.019
533.074 607.774
533.323 608.527
533.572 609.278
533.821 610.028
534.069 610.775
534.318 611.521
534.567 612.264
534.816 613.006
535.065 613.746
535.314 614.485
535.563 615.221
535.811 615.955
536.06 616.688
536.309 617.419
536.558 618.148
536.807 618.875
537.056 619.6
537.305 620.323
537.554 621.044
537.802 621.764
538.051 622.481
538.3 623.197
538.549 623.91
538.798 624.622
539.047 625.332
539.296 626.04
539.545 626.746
539.794 627.451
540.042 628.153
540.291 628.853
540.54 629.552
540.789 630.248
541.038 630.943
541.287 631.636
541.536 632.326
541.785 633.015
542.034 633.702
542.283 634.387
542.532 635.07
542.781 635.751
543.029 636.43
543.278 637.107
543.527 637.783
543.776 638.456
544.025 639.127
544.274 639.797
544.523 640.464
544.772 641.13
545.021 641.793
545.27 642.455
545.519 643.114
545.768 643.772
546.017 644.428
546.266 645.081
546.515 645.733
546.763 646.383
547.012 647.031
547.261 647.677
547.51 648.32
547.759 648.962
548.008 649.602
548.257 650.24
548.506 650.876
548.755 651.51
549.004 652.142
549.253 652.772
549.502 653.4
549.751 654.026
550 654.65
550.249 655.272
550.498 655.891
550.747 656.509
550.996 657.125
551.245 657.739
551.494 658.351
551.743 658.961
551.992 659.569
552.241 660.175
552.49 660.779
552.739 661.381
552.988 661.981
553.237 662.579
553.486 663.175
553.735 663.769
553.984 664.361
554.233 664.951
554.482 665.538
554.731 666.124
554.98 666.708
555.229 667.29
555.478 667.87
555.727 668.447
555.976 669.023
556.225 669.597
556.474 670.168
556.723 670.738
556.972 671.306
557.221 671.871
557.47 672.435
557.719 672.996
557.968 673.556
558.217 674.113
558.466 674.669
558.715 675.222
558.964 675.773
559.213 676.323
559.462 676.87
559.711 677.415
559.96 677.958
560.209 678.5
560.458 679.039
560.707 679.576
560.956 680.111
561.205 680.644
561.454 681.175
561.704 681.704
561.953 682.231
562.202 682.756
562.451 683.278
562.7 683.799
562.949 684.318
563.198 684.835
563.447 685.349
563.696 685.862
563.945 686.373
564.194 686.881
564.443 687.388
564.692 687.892
564.941 688.394
565.19 688.895
565.439 689.393
565.689 689.889
565.938 690.384
566.187 690.876
566.436 691.366
566.685 691.854
566.934 692.34
567.183 692.824
567.432 693.306
567.681 693.786
567.93 694.264
568.179 694.74
568.428 695.213
568.677 695.685
568.927 696.155
569.176 696.622
569.425 697.088
569.674 697.552
569.923 698.013
570.172 698.473
570.421 698.93
570.67 699.385
570.919 699.839
571.168 700.29
571.418 700.739
571.667 701.186
571.916 701.632
572.165 702.075
572.414 702.516
572.663 702.955
572.912 703.392
573.161 703.827
573.41 704.26
573.66 704.691
573.909 705.12
574.158 705.546
574.407 705.971
574.656 706.394
574.905 706.815
575.154 707.233
575.403 707.65
575.652 708.065
575.902 708.477
576.151 708.888
576.4 709.296
576.649 709.703
576.898 710.107
577.147 710.51
577.396 710.91
577.646 711.308
577.895 711.705
578.144 712.099
578.393 712.491
578.642 712.881
578.891 713.27
579.14 713.656
579.39 714.04
579.639 714.422
579.888 714.802
580.137 715.18
580.386 715.557
580.635 715.931
580.884 716.303
581.134 716.673
581.383 717.041
581.632 717.407
581.881 717.771
582.13 718.133
582.379 718.493
582.628 718.851
582.878 719.207
583.127 719.561
583.376 719.913
583.625 720.263
583.874 720.611
584.123 720.957
584.373 721.3
584.622 721.642
584.871 721.982
585.12 722.32
585.369 722.656
585.618 722.99
585.868 723.322
586.117 723.652
586.366 723.98
586.615 724.306
586.864 724.63
587.114 724.952
587.363 725.272
587.612 725.59
587.861 725.906
588.11 726.22
588.359 726.532
588.609 726.842
588.858 727.15
589.107 727.457
589.356 727.761
589.605 728.063
589.855 728.363
590.104 728.662
590.353 728.958
590.602 729.252
590.851 729.544
591.101 729.835
591.35 730.123
591.599 730.41
591.848 730.694
592.097 730.977
592.347 731.257
592.596 731.536
592.845 731.813
593.094 732.088
593.343 732.36
593.593 732.631
593.842 732.9
594.091 733.167
594.34 733.432
594.589 733.695
594.839 733.956
595.088 734.215
595.337 734.473
595.586 734.728
595.835 734.981
596.085 735.233
596.334 735.482
596.583 735.73
596.832 735.976
597.082 736.219
597.331 736.461
597.58 736.701
597.829 736.939
598.078 737.175
598.328 737.409
598.577 737.642
598.826 737.872
599.075 738.1
599.325 738.327
599.574 738.552
599.823 738.774
600.072 738.995
600.321 739.214
600.571 739.431
600.82 739.646
601.069 739.859
601.318 740.071
601.568 740.28
601.817 740.488
602.066 740.694
602.315 740.897
602.565 741.099
602.814 741.299
603.063 741.498
603.312 741.694
603.562 741.888
603.811 742.081
604.06 742.272
604.309 742.46
604.558 742.647
604.808 742.833
605.057 743.016
605.306 743.197
605.555 743.377
605.805 743.555
606.054 743.73
606.303 743.904
606.552 744.077
606.802 744.247
607.051 744.415
607.3 744.582
607.549 744.747
607.799 744.91
608.048 745.071
608.297 745.23
608.546 745.388
608.796 745.544
609.045 745.697
609.294 745.849
609.544 746
609.793 746.148
610.042 746.295
610.291 746.44
610.541 746.582
610.79 746.724
611.039 746.863
611.288 747.001
611.538 747.136
611.787 747.27
612.036 747.403
612.285 747.533
612.535 747.662
612.784 747.788
613.033 747.913
613.282 748.037
613.532 748.158
613.781 748.278
614.03 748.396
614.28 748.512
614.529 748.627
614.778 748.739
615.027 748.85
615.277 748.959
615.526 749.067
615.775 749.172
616.024 749.276
616.274 749.378
616.523 749.478
616.772 749.577
617.022 749.674
617.271 749.769
617.52 749.863
617.769 749.954
618.019 750.044
618.268 750.132
618.517 750.219
618.767 750.304
619.016 750.387
619.265 750.468
619.514 750.548
619.764 750.625
620.013 750.702
620.262 750.776
620.512 750.849
620.761 750.92
621.01 750.989
621.259 751.057
621.509 751.123
621.758 751.187
622.007 751.25
622.257 751.311
622.506 751.37
622.755 751.428
623.004 751.484
623.254 751.538
623.503 751.59
623.752 751.641
624.002 751.69
624.251 751.738
624.5 751.784
624.749 751.828
624.999 751.871
625.248 751.911
625.497 751.951
625.747 751.988
625.996 752.024
626.245 752.059
626.495 752.091
626.744 752.122
626.993 752.152
627.242 752.18
627.492 752.206
627.741 752.23
627.99 752.253
628.24 752.275
628.489 752.294
628.738 752.312
628.987 752.329
629.237 752.344
629.486 752.357
629.735 752.369
629.985 752.379
630.234 752.387
630.483 752.394
630.733 752.399
630.982 752.403
631.231 752.405
631.481 752.406
631.73 752.405
631.979 752.402
632.228 752.398
632.478 752.392
632.727 752.385
632.976 752.376
633.226 752.365
633.475 752.353
633.724 752.34
633.974 752.325
634.223 752.308
634.472 752.29
634.721 752.27
634.971 752.249
635.22 752.226
635.469 752.201
635.719 752.176
635.968 752.148
636.217 752.119
636.467 752.089
636.716 752.057
636.965 752.023
637.215 751.988
637.464 751.952
637.713 751.914
637.962 751.874
638.212 751.833
638.461 751.791
638.71 751.746
638.96 751.701
639.209 751.654
639.458 751.605
639.708 751.555
639.957 751.504
640.206 751.451
640.456 751.397
640.705 751.341
640.954 751.283
641.204 751.225
641.453 751.164
641.702 751.103
641.951 751.039
642.201 750.975
642.45 750.909
642.699 750.841
642.949 750.772
643.198 750.702
643.447 750.63
643.697 750.557
643.946 750.482
644.195 750.406
644.445 750.328
644.694 750.249
644.943 750.169
645.193 750.087
645.442 750.004
645.691 749.919
645.941 749.833
646.19 749.745
646.439 749.657
646.688 749.566
646.938 749.475
647.187 749.382
647.436 749.287
647.686 749.191
647.935 749.094
648.184 748.996
648.434 748.896
648.683 748.794
648.932 748.692
649.182 748.587
649.431 748.482
649.68 748.375
649.93 748.267
650.179 748.158
650.428 748.047
650.677 747.935
650.927 747.821
651.176 747.706
651.425 747.59
651.675 747.472
651.924 747.353
652.173 747.233
652.423 747.112
652.672 746.989
652.921 746.864
653.171 746.739
653.42 746.612
653.669 746.484
653.919 746.355
654.168 746.224
654.417 746.092
654.667 745.958
654.916 745.824
655.165 745.688
655.414 745.551
655.664 745.412
655.913 745.272
656.162 745.131
656.412 744.989
656.661 744.845
656.91 744.7
657.16 744.554
657.409 744.407
657.658 744.258
657.908 744.108
658.157 743.957
658.406 743.804
658.656 743.651
658.905 743.496
659.154 743.339
659.404 743.182
659.653 743.023
659.902 742.863
660.151 742.702
660.401 742.54
660.65 742.376
660.899 742.211
661.149 742.045
661.398 741.878
661.647 741.71
661.897 741.54
662.146 741.369
662.395 741.197
662.645 741.024
662.894 740.849
663.143 740.674
663.392 740.497
663.642 740.319
663.891 740.139
664.14 739.959
664.39 739.777
664.639 739.595
664.888 739.411
665.138 739.226
665.387 739.039
665.636 738.852
665.886 738.663
666.135 738.473
666.384 738.283
666.634 738.091
666.883 737.897
667.132 737.703
667.381 737.507
667.631 737.311
667.88 737.113
668.129 736.914
668.379 736.714
668.628 736.513
668.877 736.311
669.127 736.107
669.376 735.903
669.625 735.697
669.874 735.49
670.124 735.283
670.373 735.074
670.622 734.864
670.872 734.653
671.121 734.44
671.37 734.227
671.62 734.013
671.869 733.797
672.118 733.58
672.367 733.363
672.617 733.144
672.866 732.924
673.115 732.703
673.365 732.481
673.614 732.258
673.863 732.034
674.113 731.809
674.362 731.583
674.611 731.356
674.86 731.127
675.11 730.898
675.359 730.668
675.608 730.436
675.858 730.204
676.107 729.97
676.356 729.736
676.606 729.5
676.855 729.264
677.104 729.026
677.353 728.787
677.603 728.548
677.852 728.307
678.101 728.065
678.351 727.823
678.6 727.579
678.849 727.334
679.098 727.089
679.348 726.842
679.597 726.594
679.846 726.346
680.096 726.096
680.345 725.845
680.594 725.594
680.843 725.341
681.093 725.088
681.342 724.833
681.591 724.578
681.841 724.321
682.09 724.064
682.339 723.805
682.588 723.546
682.838 723.286
683.087 723.025
683.336 722.762
683.586 722.499
683.835 722.235
684.084 721.97
684.333 721.704
684.583 721.437
684.832 721.17
685.081 720.901
685.33 720.631
685.58 720.361
685.829 720.089
686.078 719.817
686.328 719.543
686.577 719.269
686.826 718.994
687.075 718.718
687.325 718.441
687.574 718.163
687.823 717.884
688.072 717.605
688.322 717.324
688.571 717.043
688.82 716.76
689.07 716.477
689.319 716.193
689.568 715.908
689.817 715.623
690.067 715.336
690.316 715.048
690.565 714.76
690.814 714.471
691.064 714.181
691.313 713.89
691.562 713.598
691.811 713.305
692.061 713.012
692.31 712.717
692.559 712.422
692.808 712.126
693.058 711.829
693.307 711.531
693.556 711.233
693.805 710.934
694.055 710.633
694.304 710.332
694.553 710.031
694.802 709.728
695.052 709.425
695.301 709.12
695.55 708.815
695.799 708.509
696.049 708.203
696.298 707.895
696.547 707.587
696.796 707.278
697.046 706.968
697.295 706.657
697.544 706.346
697.793 706.034
698.043 705.721
698.292 705.407
698.541 705.093
698.79 704.777
699.04 704.461
699.289 704.145
699.538 703.827
699.787 703.509
700.037 703.19
700.286 702.87
700.535 702.549
700.784 702.228
701.033 701.906
701.283 701.583
701.532 701.259
701.781 700.935
702.03 700.61
702.28 700.284
702.529 699.958
702.778 699.63
703.027 699.302
703.276 698.974
703.526 698.644
703.775 698.314
704.024 697.983
704.273 697.652
704.523 697.32
704.772 696.987
705.021 696.653
705.27 696.319
705.519 695.984
705.769 695.648
706.018 695.312
706.267 694.975
706.516 694.637
706.765 694.298
707.015 693.959
707.264 693.619
707.513 693.279
707.762 692.938
708.011 692.596
708.261 692.253
708.51 691.91
708.759 691.566
709.008 691.222
709.258 690.876
709.507 690.531
709.756 690.184
710.005 689.837
710.254 689.489
710.503 689.141
710.753 688.792
711.002 688.442
711.251 688.092
711.5 687.741
711.749 687.389
711.999 687.037
712.248 686.684
712.497 686.331
712.746 685.977
712.995 685.622
713.245 685.267
713.494 684.911
713.743 684.554
713.992 684.197
714.241 683.839
714.49 683.481
714.74 683.122
714.989 682.762
715.238 682.402
715.487 682.042
715.736 681.68
715.986 681.318
716.235 680.956
716.484 680.593
716.733 680.229
716.982 679.865
717.231 679.5
717.481 679.135
717.73 678.769
717.979 678.402
718.228 678.035
718.477 677.667
718.726 677.299
718.975 676.93
719.225 676.561
719.474 676.191
719.723 675.821
719.972 675.45
720.221 675.078
720.47 674.706
720.72 674.334
720.969 673.96
721.218 673.587
721.467 673.212
721.716 672.838
721.965 672.462
722.214 672.087
722.464 671.71
722.713 671.334
722.962 670.956
723.211 670.578
723.46 670.2
723.709 669.821
723.958 669.442
724.208 669.062
724.457 668.681
724.706 668.3
724.955 667.919
725.204 667.537
725.453 667.155
725.702 666.772
725.951 666.388
726.201 666.004
726.45 665.62
726.699 665.235
726.948 664.85
727.197 664.464
727.446 664.078
727.695 663.691
727.944 663.304
728.193 662.916
728.443 662.528
728.692 662.139
728.941 661.75
729.19 661.36
729.439 660.97
729.688 660.58
729.937 660.189
730.186 659.798
730.435 659.406
730.685 659.013
730.934 658.621
731.183 658.228
731.432 657.834
731.681 657.44
731.93 657.046
732.179 656.651
732.428 656.255
732.677 655.859
732.926 655.463
733.175 655.067
733.425 654.67
733.674 654.272
733.923 653.874
734.172 653.476
734.421 653.077
734.67 652.678
734.919 652.279
735.168 651.879
735.417 651.478
735.666 651.078
735.915 650.677
736.164 650.275
736.413 649.873
736.662 649.471
736.912 649.068
737.161 648.665
737.41 648.261
737.659 647.858
737.908 647.453
738.157 647.049
738.406 646.644
738.655 646.238
738.904 645.833
739.153 645.426
739.402 645.02
739.651 644.613
739.9 644.206
740.149 643.798
740.398 643.39
740.647 642.982
740.896 642.573
741.145 642.164
741.394 641.755
741.643 641.345
741.893 640.935
742.142 640.525
742.391 640.114
742.64 639.703
742.889 639.291
743.138 638.88
743.387 638.467
743.636 638.055
743.885 637.642
744.134 637.229
744.383 636.816
744.632 636.402
744.881 635.988
745.13 635.573
745.379 635.158
745.628 634.743
745.877 634.328
746.126 633.912
746.375 633.496
746.624 633.08
746.873 632.663
747.122 632.246
747.371 631.829
747.62 631.412
747.869 630.994
748.118 630.576
748.367 630.157
748.616 629.739
748.865 629.32
749.114 628.9
749.363 628.481
749.612 628.061
749.861 627.641
750.11 627.22
750.359 626.799
750.608 626.378
750.857 625.957
751.106 625.536
751.355 625.114
751.604 624.692
751.853 624.269
752.102 623.847
752.351 623.424
752.599 623.001
752.848 622.577
753.097 622.153
753.346 621.73
753.595 621.305
753.844 620.881
754.093 620.456
754.342 620.031
754.591 619.606
754.84 619.181
755.089 618.755
755.338 618.329
755.587 617.903
755.836 617.476
756.085 617.05
756.334 616.623
756.583 616.196
756.832 615.768
757.081 615.341
757.329 614.913
757.578 614.485
757.827 614.057
758.076 613.628
758.325 613.199
758.574 612.771
758.823 612.341
759.072 611.912
759.321 611.482
759.57 611.053
759.819 610.623
760.068 610.192
760.317 609.762
760.565 609.331
760.814 608.901
761.063 608.47
761.312 608.038
761.561 607.607
761.81 607.175
762.059 606.744
762.308 606.312
762.557 605.879
762.806 605.447
763.054 605.014
763.303 604.582
763.552 604.149
763.801 603.716
764.05 603.282
764.299 602.849
764.548 602.415
764.797 601.981
765.045 601.547
765.294 601.113
765.543 600.679
765.792 600.244
766.041 599.81
766.29 599.375
766.539 598.94
766.787 598.505
767.036 598.069
767.285 597.634
767.534 597.198
767.783 596.762
768.032 596.326
768.281 595.89
768.529 595.454
768.778 595.018
769.027 594.581
769.276 594.144
769.525 593.708
769.774 593.271
770.022 592.833
770.271 592.396
770.52 591.959
770.769 591.521
771.018 591.084
771.267 590.646
771.515 590.208
771.764 589.77
772.013 589.332
772.262 588.893
772.511 588.455
772.76 588.016
773.008 587.577
773.257 587.139
773.506 586.7
773.755 586.261
774.004 585.821
774.252 585.382
774.501 584.943
774.75 584.503
774.999 584.064
775.248 583.624
775.496 583.184
775.745 582.744
775.994 582.304
776.243 581.864
776.491 581.424
776.74 580.983
776.989 580.543
777.238 580.102
777.487 579.662
777.735 579.221
777.984 578.78
778.233 578.339
778.482 577.898
778.73 577.457
778.979 577.016
779.228 576.575
779.477 576.134
779.725 575.692
779.974 575.251
780.223 574.809
780.472 574.367
780.72 573.926
780.969 573.484
781.218 573.042
781.467 572.6
781.715 572.158
781.964 571.716
782.213 571.274
782.462 570.832
782.71 570.389
782.959 569.947
783.208 569.505
783.456 569.062
783.705 568.62
783.954 568.177
784.203 567.734
784.451 567.292
784.7 566.849
784.949 566.406
785.197 565.963
785.446 565.52
785.695 565.078
785.944 564.635
786.192 564.191
786.441 563.748
786.69 563.305
786.938 562.862
787.187 562.419
787.436 561.976
787.684 561.532
787.933 561.089
788.182 560.646
788.43 560.202
788.679 559.759
788.928 559.316
789.176 558.872
789.425 558.429
789.674 557.985
789.922 557.541
790.171 557.098
790.42 556.654
790.668 556.211
790.917 555.767
791.166 555.323
791.414 554.88
791.663 554.436
791.912 553.992
792.16 553.549
792.409 553.105
792.658 552.661
792.906 552.217
793.155 551.774
793.403 551.33
793.652 550.886
793.901 550.442
794.149 549.999
794.398 549.555
794.647 549.111
794.895 548.667
795.144 548.223
795.392 547.78
795.641 547.336
795.89 546.892
796.138 546.448
796.387 546.005
796.635 545.561
796.884 545.117
797.133 544.673
797.381 544.23
797.63 543.786
797.878 543.342
798.127 542.898
798.375 542.455
798.624 542.011
798.873 541.568
799.121 541.124
799.37 540.68
799.618 540.237
799.867 539.793
800.115 539.35
800.364 538.906
800.613 538.463
800.861 538.019
801.11 537.576
801.358 537.133
801.607 536.689
801.855 536.246
802.104 535.803
802.352 535.359
802.601 534.916
802.849 534.473
803.098 534.03
803.347 533.587
803.595 533.144
803.844 532.701
804.092 532.258
804.341 531.815
804.589 531.372
804.838 530.929
