296.686 220.95
296.931 221.132
297.176 221.315
297.421 221.497
297.666 221.68
297.911 221.862
298.157 222.045
298.402 222.227
298.647 222.41
298.892 222.592
299.137 222.775
299.382 222.958
299.627 223.14
299.872 223.323
300.118 223.505
300.363 223.688
300.608 223.87
300.853 224.053
301.098 224.235
301.343 224.418
301.589 224.601
301.834 224.783
302.079 224.966
302.324 225.148
302.569 225.331
302.814 225.514
303.06 225.696
303.305 225.879
303.55 226.062
303.795 226.244
304.041 226.427
304.286 226.609
304.531 226.792
304.776 226.975
305.022 227.157
305.267 227.34
305.512 227.523
305.757 227.705
306.003 227.888
306.248 228.071
306.493 228.253
306.739 228.436
306.984 228.619
307.229 228.801
307.475 228.984
307.72 229.167
307.965 229.35
308.21 229.532
308.456 229.715
308.701 229.898
308.947 230.08
309.192 230.263
309.437 230.446
309.683 230.629
309.928 230.811
310.173 230.994
310.419 231.177
310.664 231.36
310.91 231.542
311.155 231.725
311.4 231.908
311.646 232.091
311.891 232.273
312.137 232.456
312.382 232.639
312.627 232.822
312.873 233.004
313.118 233.187
313.364 233.37
313.609 233.553
313.855 233.736
314.1 233.918
314.346 234.101
314.591 234.284
314.837 234.467
315.082 234.65
315.328 234.833
315.573 235.015
315.819 235.198
316.064 235.381
316.31 235.564
316.555 235.747
316.801 235.93
317.046 236.112
317.292 236.295
317.537 236.478
317.783 236.661
318.028 236.844
318.274 237.027
318.52 237.21
318.765 237.393
319.011 237.575
319.256 237.758
319.502 237.941
319.748 238.124
319.993 238.307
320.239 238.49
320.484 238.673
320.73 238.856
320.976 239.039
321.221 239.222
321.467 239.405
321.712 239.588
321.958 239.77
322.204 239.953
322.449 240.136
322.695 240.319
322.941 240.502
323.186 240.685
323.432 240.868
323.678 241.051
323.924 241.234
324.169 241.417
324.415 241.6
324.661 241.783
324.906 241.966
325.152 242.149
325.398 242.332
325.644 242.515
325.889 242.698
326.135 242.881
326.381 243.064
326.626 243.247
326.872 243.43
327.118 243.613
327.364 243.796
327.61 243.979
327.855 244.162
328.101 244.345
328.347 244.528
328.593 244.711
328.838 244.894
329.084 245.077
329.33 245.261
329.576 245.444
329.822 245.627
330.068 245.81
330.313 245.993
330.559 246.176
330.805 246.359
331.051 246.542
331.297 246.725
331.543 246.908
331.788 247.091
332.034 247.274
332.28 247.458
332.526 247.641
332.772 247.824
333.018 248.007
333.264 248.19
333.51 248.373
333.756 248.556
334.001 248.739
334.247 248.923
334.493 249.106
334.739 249.289
334.985 249.472
335.231 249.655
335.477 249.838
335.723 250.022
335.969 250.205
336.215 250.388
336.461 250.571
336.707 250.754
336.953 250.937
337.199 251.121
337.445 251.304
337.691 251.487
337.937 251.67
338.183 251.853
338.429 252.037
338.675 252.22
338.921 252.403
339.167 252.586
339.413 252.769
339.659 252.953
339.905 253.136
340.151 253.319
340.397 253.502
340.643 253.686
340.889 253.869
341.135 254.052
341.381 254.235
341.627 254.419
341.873 254.602
342.119 254.785
342.366 254.968
342.612 255.152
342.858 255.335
343.104 255.518
343.35 255.702
343.596 255.885
343.842 256.068
344.088 256.251
344.334 256.435
344.581 256.618
344.827 256.801
345.073 256.985
345.319 257.168
345.565 257.351
345.811 257.535
346.058 257.718
346.304 257.901
346.55 258.085
346.796 258.268
347.042 258.451
347.288 258.635
347.535 258.818
347.781 259.001
348.027 259.185
348.273 259.368
348.519 259.551
348.766 259.735
349.012 259.918
349.258 260.101
349.504 260.285
349.751 260.468
349.997 260.652
350.243 260.835
350.489 261.018
350.736 261.202
350.982 261.385
351.228 261.569
351.474 261.752
351.721 261.935
351.967 262.119
352.213 262.302
352.46 262.486
352.706 262.669
352.952 262.853
353.199 263.036
353.445 263.219
353.691 263.403
353.937 263.586
354.184 263.77
354.43 263.953
354.676 264.137
354.923 264.32
355.169 264.504
355.416 264.687
355.662 264.871
355.908 265.054
356.155 265.237
356.401 265.421
356.647 265.604
356.894 265.788
357.14 265.971
357.387 266.155
357.633 266.338
357.879 266.522
358.126 266.705
358.372 266.889
358.619 267.072
358.865 267.256
359.111 267.439
359.358 267.623
359.604 267.807
359.851 267.99
360.097 268.174
360.344 268.357
360.59 268.541
360.837 268.724
361.083 268.908
361.33 269.091
361.576 269.275
361.823 269.458
362.069 269.642
362.316 269.826
362.562 270.009
362.809 270.193
363.055 270.376
363.302 270.56
363.548 270.744
363.795 270.927
364.041 271.111
364.288 271.294
364.534 271.478
364.781 271.662
365.027 271.845
365.274 272.029
365.52 272.212
365.767 272.396
366.013 272.58
366.26 272.763
366.507 272.947
366.753 273.13
367 273.314
367.246 273.498
367.493 273.681
367.74 273.865
367.986 274.049
368.233 274.232
368.479 274.416
368.726 274.6
368.973 274.783
369.219 274.967
369.466 275.151
369.713 275.334
369.959 275.518
370.206 275.702
370.452 275.885
370.699 276.069
370.946 276.253
371.192 276.437
371.439 276.62
371.686 276.804
371.932 276.988
372.179 277.171
372.426 277.355
372.673 277.539
372.919 277.722
373.166 277.906
373.413 278.09
373.659 278.274
373.906 278.457
374.153 278.641
374.399 278.825
374.646 279.009
374.893 279.192
375.14 279.376
375.386 279.56
375.633 279.744
375.88 279.927
376.127 280.111
376.373 280.295
376.62 280.479
376.867 280.662
377.114 280.846
377.361 281.03
377.607 281.214
377.854 281.398
378.101 281.581
378.348 281.765
378.595 281.949
378.841 282.133
379.088 282.317
379.335 282.5
379.582 282.684
379.829 282.868
380.075 283.052
380.322 283.236
380.569 283.42
380.816 283.603
381.063 283.787
381.31 283.971
381.557 284.155
381.803 284.339
382.05 284.523
382.297 284.706
382.544 284.89
382.791 285.074
383.038 285.258
383.285 285.442
383.532 285.626
383.778 285.81
384.025 285.993
384.272 286.177
384.519 286.361
384.766 286.545
385.013 286.729
385.26 286.913
385.507 287.097
385.754 287.281
386.001 287.465
386.248 287.649
386.495 287.832
386.742 288.016
386.989 288.2
387.235 288.384
387.482 288.568
387.729 288.752
387.976 288.936
388.223 289.12
388.47 289.304
388.717 289.488
388.964 289.672
389.211 289.856
389.458 290.04
389.705 290.224
389.952 290.407
390.199 290.591
390.446 290.775
390.693 290.959
390.94 291.143
391.187 291.327
391.434 291.511
391.682 291.695
391.929 291.879
392.176 292.063
392.423 292.247
392.67 292.431
392.917 292.615
393.164 292.799
393.411 292.983
393.658 293.167
393.905 293.351
394.152 293.535
394.399 293.719
394.646 293.903
394.893 294.087
395.141 294.271
395.388 294.455
395.635 294.639
395.882 294.823
396.129 295.007
396.376 295.191
396.623 295.375
396.87 295.559
397.117 295.744
397.365 295.928
397.612 296.112
397.859 296.296
398.106 296.48
398.353 296.664
398.6 296.848
398.848 297.032
399.095 297.216
399.342 297.4
399.589 297.584
399.836 297.768
400.083 297.952
400.331 298.136
400.578 298.321
400.825 298.505
401.072 298.689
401.319 298.873
401.567 299.057
401.814 299.241
402.061 299.425
402.308 299.609
402.555 299.793
402.803 299.977
403.05 300.162
403.297 300.346
403.544 300.53
403.792 300.714
404.039 300.898
404.286 301.082
404.533 301.266
404.781 301.451
405.028 301.635
405.275 301.819
405.523 302.003
405.77 302.187
406.017 302.371
406.264 302.555
406.512 302.74
406.759 302.924
407.006 303.108
407.254 303.292
407.501 303.476
407.748 303.66
407.995 303.845
408.243 304.029
408.49 304.213
408.737 304.397
408.985 304.581
409.232 304.766
409.479 304.95
409.727 305.134
409.974 305.318
410.222 305.502
410.469 305.687
410.716 305.871
410.964 306.055
411.211 306.239
411.458 306.424
411.706 306.608
411.953 306.792
412.201 306.976
412.448 307.16
412.695 307.345
412.943 307.529
413.19 307.713
413.437 307.897
413.685 308.082
413.932 308.266
414.18 308.45
414.427 308.635
414.675 308.819
414.922 309.003
415.169 309.187
415.417 309.372
415.664 309.556
415.912 309.74
416.159 309.924
416.407 310.109
416.654 310.293
416.902 310.477
417.149 310.662
417.397 310.846
417.644 311.03
417.891 311.214
418.139 311.399
418.386 311.583
418.634 311.767
418.881 311.952
419.129 312.136
419.376 312.32
419.624 312.505
419.871 312.689
420.119 312.873
420.366 313.058
420.614 313.242
420.862 313.426
421.109 313.611
421.357 313.795
421.604 313.979
421.852 314.164
422.099 314.348
422.347 314.532
422.594 314.717
422.842 314.901
423.089 315.085
423.337 315.27
423.585 315.454
423.832 315.639
424.08 315.823
424.327 316.007
424.575 316.192
424.822 316.376
425.07 316.56
425.318 316.745
425.565 316.929
425.813 317.114
426.06 317.298
426.308 317.482
426.556 317.667
426.803 317.851
427.051 318.036
427.298 318.22
427.546 318.405
427.794 318.589
428.041 318.773
428.289 318.958
428.537 319.142
428.784 319.327
429.032 319.511
429.28 319.695
429.527 319.88
429.775 320.064
430.023 320.249
430.27 320.433
430.518 320.618
430.766 320.802
431.013 320.987
431.261 321.171
431.509 321.356
431.756 321.54
432.004 321.724
432.252 321.909
432.499 322.093
432.747 322.278
432.995 322.462
433.243 322.647
433.49 322.831
433.738 323.016
433.986 323.2
434.233 323.385
434.481 323.569
434.729 323.754
434.977 323.938
435.224 324.123
435.472 324.307
435.72 324.492
435.968 324.676
436.215 324.861
436.463 325.045
436.711 325.23
436.959 325.414
437.206 325.599
437.454 325.783
437.702 325.968
437.95 326.152
438.198 326.337
438.445 326.521
438.693 326.706
438.941 326.891
439.189 327.075
439.436 327.26
439.684 327.444
439.932 327.629
440.18 327.813
440.428 327.998
440.676 328.182
440.923 328.367
441.171 328.551
441.419 328.736
441.667 328.921
441.915 329.105
442.163 329.29
442.41 329.474
442.658 329.659
442.906 329.843
443.154 330.028
443.402 330.213
443.65 330.397
443.898 330.582
444.145 330.766
444.393 330.951
444.641 331.136
444.889 331.32
445.137 331.505
445.385 331.689
445.633 331.874
445.881 332.059
446.128 332.243
446.376 332.428
446.624 332.613
446.872 332.797
447.12 332.982
447.368 333.166
447.616 333.351
447.864 333.536
448.112 333.72
448.36 333.905
448.608 334.09
448.856 334.274
449.104 334.459
449.351 334.644
449.599 334.828
449.847 335.013
450.095 335.197
450.343 335.382
450.591 335.567
450.839 335.751
451.087 335.936
451.335 336.121
451.583 336.305
451.831 336.49
452.079 336.675
452.327 336.859
452.575 337.044
452.823 337.229
453.071 337.414
453.319 337.598
453.567 337.783
453.815 337.968
454.063 338.152
454.311 338.337
454.559 338.522
454.807 338.706
455.055 338.891
455.303 339.076
455.551 339.261
455.799 339.445
456.047 339.63
456.295 339.815
456.543 339.999
456.791 340.184
457.039 340.369
457.287 340.554
457.535 340.738
457.783 340.923
458.031 341.108
458.28 341.292
458.528 341.477
458.776 341.662
459.024 341.847
459.272 342.031
459.52 342.216
459.768 342.401
460.016 342.586
460.264 342.77
460.512 342.955
460.76 343.14
461.008 343.325
461.257 343.51
461.505 343.694
461.753 343.879
462.001 344.064
462.249 344.249
462.497 344.433
462.745 344.618
462.993 344.803
463.241 344.988
463.49 345.173
463.738 345.357
463.986 345.542
464.234 345.727
464.482 345.912
464.73 346.096
464.978 346.281
465.227 346.466
465.475 346.651
465.723 346.836
465.971 347.021
466.219 347.205
466.467 347.39
466.715 347.575
466.964 347.76
467.212 347.945
467.46 348.129
467.708 348.314
467.956 348.499
468.205 348.684
468.453 348.869
468.701 349.054
468.949 349.238
469.197 349.423
469.446 349.608
469.694 349.793
469.942 349.978
470.19 350.163
470.438 350.347
470.687 350.532
470.935 350.717
471.183 350.902
471.431 351.087
471.679 351.272
471.928 351.457
472.176 351.642
472.424 351.826
472.672 352.011
472.921 352.196
473.169 352.381
473.417 352.566
473.665 352.751
473.914 352.936
474.162 353.121
474.41 353.305
474.658 353.49
474.907 353.675
475.155 353.86
475.403 354.045
475.652 354.23
475.9 354.415
476.148 354.6
476.396 354.785
476.645 354.97
476.893 355.154
477.141 355.339
477.39 355.524
477.638 355.709
477.886 355.894
478.134 356.079
478.383 356.264
478.631 356.449
478.879 356.634
479.128 356.819
479.376 357.004
479.624 357.189
479.873 357.373
480.121 357.558
480.369 357.743
480.618 357.928
480.866 358.113
481.114 358.298
481.363 358.483
481.611 358.668
481.859 358.853
482.108 359.038
482.356 359.223
482.604 359.408
482.853 359.593
483.101 359.778
483.35 359.963
483.598 360.148
483.846 360.333
484.095 360.518
484.343 360.703
484.591 360.888
484.84 361.073
485.088 361.258
485.337 361.443
485.585 361.628
485.833 361.813
486.082 361.998
486.33 362.183
486.579 362.368
486.827 362.553
487.075 362.738
487.324 362.923
487.572 363.108
487.821 363.293
488.069 363.478
488.318 363.663
488.566 363.848
488.814 364.033
489.063 364.218
489.311 364.403
489.56 364.588
489.808 364.773
490.057 364.958
490.305 365.143
490.553 365.328
490.802 365.513
491.05 365.698
491.299 365.883
491.547 366.068
491.796 366.253
492.044 366.438
492.293 366.623
492.541 366.808
492.79 366.993
493.038 367.178
493.287 367.363
493.535 367.548
493.783 367.733
494.032 367.918
494.28 368.103
494.529 368.288
494.777 368.473
495.026 368.658
495.274 368.844
495.523 369.029
495.771 369.214
496.02 369.399
496.268 369.584
496.517 369.769
496.765 369.954
497.014 370.139
497.262 370.324
497.511 370.509
497.76 370.694
498.008 370.879
498.257 371.064
498.505 371.25
498.754 371.435
499.002 371.62
499.251 371.805
499.499 371.99
499.748 372.175
499.996 372.36
500.245 372.545
500.493 372.73
500.742 372.915
500.991 373.1
501.239 373.286
501.488 373.471
501.736 373.656
501.985 373.841
502.233 374.026
502.482 374.211
502.731 374.396
502.979 374.581
503.228 374.767
503.476 374.952
503.725 375.137
503.973 375.322
504.222 375.507
504.471 375.692
504.719 375.877
504.968 376.062
505.216 376.248
505.465 376.433
505.714 376.618
505.962 376.803
506.211 376.988
506.459 377.173
506.708 377.358
506.957 377.544
507.205 377.729
507.454 377.914
507.703 378.099
507.951 378.284
508.2 378.469
508.448 378.655
508.697 378.84
508.946 379.025
509.194 379.21
509.443 379.395
509.692 379.58
509.94 379.766
510.189 379.951
510.438 380.136
510.686 380.321
510.935 380.506
511.183 380.691
511.432 380.877
511.681 381.062
511.929 381.247
512.178 381.432
512.427 381.617
512.675 381.803
512.924 381.988
513.173 382.173
513.421 382.358
513.67 382.543
513.919 382.729
514.168 382.914
514.416 383.099
514.665 383.284
514.914 383.469
515.162 383.655
515.411 383.84
515.66 384.025
515.908 384.21
516.157 384.395
516.406 384.581
516.655 384.766
516.903 384.951
517.152 385.136
517.401 385.321
517.649 385.507
517.898 385.692
518.147 385.877
518.396 386.062
518.644 386.248
518.893 386.433
519.142 386.618
519.39 386.803
519.639 386.989
519.888 387.174
520.137 387.359
520.385 387.544
520.634 387.73
520.883 387.915
521.132 388.1
521.38 388.285
521.629 388.471
521.878 388.656
522.127 388.841
522.375 389.026
522.624 389.212
522.873 389.397
523.122 389.582
523.37 389.767
523.619 389.953
523.868 390.138
524.117 390.323
524.366 390.508
524.614 390.694
524.863 390.879
525.112 391.064
525.361 391.25
525.609 391.435
525.858 391.62
526.107 391.805
526.356 391.991
526.605 392.176
526.853 392.361
527.102 392.546
527.351 392.732
527.6 392.917
527.849 393.102
528.097 393.288
528.346 393.473
528.595 393.658
528.844 393.844
529.093 394.029
529.341 394.214
529.59 394.399
529.839 394.585
530.088 394.77
530.337 394.955
530.586 395.141
530.834 395.326
531.083 395.511
531.332 395.697
531.581 395.882
531.83 396.067
532.079 396.253
532.327 396.438
532.576 396.623
532.825 396.808
533.074 396.994
533.323 397.179
533.572 397.364
533.821 397.55
534.069 397.735
534.318 397.92
534.567 398.106
534.816 398.291
535.065 398.476
535.314 398.662
535.563 398.847
535.811 399.032
536.06 399.218
536.309 399.403
536.558 399.588
536.807 399.774
537.056 399.959
537.305 400.145
537.554 400.33
537.802 400.515
538.051 400.701
538.3 400.886
538.549 401.071
538.798 401.257
539.047 401.442
539.296 401.627
539.545 401.813
539.794 401.998
540.042 402.183
540.291 402.369
540.54 402.554
540.789 402.74
541.038 402.925
541.287 403.11
541.536 403.296
541.785 403.481
542.034 403.666
542.283 403.852
542.532 404.037
542.781 404.223
543.029 404.408
543.278 404.593
543.527 404.779
543.776 404.964
544.025 405.149
544.274 405.335
544.523 405.52
544.772 405.706
545.021 405.891
545.27 406.076
545.519 406.262
545.768 406.447
546.017 406.633
546.266 406.818
546.515 407.003
546.763 407.189
547.012 407.374
547.261 407.56
547.51 407.745
547.759 407.93
548.008 408.116
548.257 408.301
548.506 408.487
548.755 408.672
549.004 408.857
549.253 409.043
549.502 409.228
549.751 409.414
550 409.599
550.249 409.784
550.498 409.97
550.747 410.155
550.996 410.341
551.245 410.526
551.494 410.712
551.743 410.897
551.992 411.082
552.241 411.268
552.49 411.453
552.739 411.639
552.988 411.824
553.237 412.01
553.486 412.195
553.735 412.38
553.984 412.566
554.233 412.751
554.482 412.937
554.731 413.122
554.98 413.308
555.229 413.493
555.478 413.679
555.727 413.864
555.976 414.049
556.225 414.235
556.474 414.42
556.723 414.606
556.972 414.791
557.221 414.977
557.47 415.162
557.719 415.348
557.968 415.533
558.217 415.718
558.466 415.904
558.715 416.089
558.964 416.275
559.213 416.46
559.462 416.646
559.711 416.831
559.96 417.017
560.209 417.202
560.458 417.388
560.707 417.573
560.956 417.759
561.205 417.944
561.454 418.13
561.704 418.315
561.953 418.5
562.202 418.686
562.451 418.871
562.7 419.057
562.949 419.242
563.198 419.428
563.447 419.613
563.696 419.799
563.945 419.984
564.194 420.17
564.443 420.355
564.692 420.541
564.941 420.726
565.19 420.912
565.439 421.097
565.689 421.283
565.938 421.468
566.187 421.654
566.436 421.839
566.685 422.025
566.934 422.21
567.183 422.396
567.432 422.581
567.681 422.767
567.93 422.952
568.179 423.138
568.428 423.323
568.677 423.509
568.927 423.694
569.176 423.88
569.425 424.065
569.674 424.251
569.923 424.436
570.172 424.622
570.421 424.807
570.67 424.993
570.919 425.178
571.168 425.364
571.418 425.549
571.667 425.735
571.916 425.92
572.165 426.106
572.414 426.291
572.663 426.477
572.912 426.662
573.161 426.848
573.41 427.033
573.66 427.219
573.909 427.404
574.158 427.59
574.407 427.775
574.656 427.961
574.905 428.147
575.154 428.332
575.403 428.518
575.652 428.703
575.902 428.889
576.151 429.074
576.4 429.26
576.649 429.445
576.898 429.631
577.147 429.816
577.396 430.002
577.646 430.187
577.895 430.373
578.144 430.558
578.393 430.744
578.642 430.93
578.891 431.115
579.14 431.301
579.39 431.486
579.639 431.672
579.888 431.857
580.137 432.043
580.386 432.228
580.635 432.414
580.884 432.599
581.134 432.785
581.383 432.971
581.632 433.156
581.881 433.342
582.13 433.527
582.379 433.713
582.628 433.898
582.878 434.084
583.127 434.269
583.376 434.455
583.625 434.641
583.874 434.826
584.123 435.012
584.373 435.197
584.622 435.383
584.871 435.568
585.12 435.754
585.369 435.94
585.618 436.125
585.868 436.311
586.117 436.496
586.366 436.682
586.615 436.867
586.864 437.053
587.114 437.238
587.363 437.424
587.612 437.61
587.861 437.795
588.11 437.981
588.359 438.166
588.609 438.352
588.858 438.537
589.107 438.723
589.356 438.909
589.605 439.094
589.855 439.28
590.104 439.465
590.353 439.651
590.602 439.837
590.851 440.022
591.101 440.208
591.35 440.393
591.599 440.579
591.848 440.764
592.097 440.95
592.347 441.136
592.596 441.321
592.845 441.507
593.094 441.692
593.343 441.878
593.593 442.064
593.842 442.249
594.091 442.435
594.34 442.62
594.589 442.806
594.839 442.992
595.088 443.177
595.337 443.363
595.586 443.548
595.835 443.734
596.085 443.919
596.334 444.105
596.583 444.291
596.832 444.476
597.082 444.662
597.331 444.847
597.58 445.033
597.829 445.219
598.078 445.404
598.328 445.59
598.577 445.776
598.826 445.961
599.075 446.147
599.325 446.332
599.574 446.518
599.823 446.704
600.072 446.889
600.321 447.075
600.571 447.26
600.82 447.446
601.069 447.632
601.318 447.817
601.568 448.003
601.817 448.188
602.066 448.374
602.315 448.56
602.565 448.745
602.814 448.931
603.063 449.116
603.312 449.302
603.562 449.488
603.811 449.673
604.06 449.859
604.309 450.045
604.558 450.23
604.808 450.416
605.057 450.601
605.306 450.787
605.555 450.973
605.805 451.158
606.054 451.344
606.303 451.53
606.552 451.715
606.802 451.901
607.051 452.086
607.3 452.272
607.549 452.458
607.799 452.643
608.048 452.829
608.297 453.015
608.546 453.2
608.796 453.386
609.045 453.571
609.294 453.757
609.544 453.943
609.793 454.128
610.042 454.314
610.291 454.5
610.541 454.685
610.79 454.871
611.039 455.056
611.288 455.242
611.538 455.428
611.787 455.613
612.036 455.799
612.285 455.985
612.535 456.17
612.784 456.356
613.033 456.542
613.282 456.727
613.532 456.913
613.781 457.098
614.03 457.284
614.28 457.47
614.529 457.655
614.778 457.841
615.027 458.027
615.277 458.212
615.526 458.398
615.775 458.584
616.024 458.769
616.274 458.955
616.523 459.14
616.772 459.326
617.022 459.512
617.271 459.697
617.52 459.883
617.769 460.069
618.019 460.254
618.268 460.44
618.517 460.626
618.767 460.811
619.016 460.997
619.265 461.183
619.514 461.368
619.764 461.554
620.013 461.74
620.262 461.925
620.512 462.111
620.761 462.296
621.01 462.482
621.259 462.668
621.509 462.853
621.758 463.039
622.007 463.225
622.257 463.41
622.506 463.596
622.755 463.782
623.004 463.967
623.254 464.153
623.503 464.339
623.752 464.524
624.002 464.71
624.251 464.896
624.5 465.081
624.749 465.267
624.999 465.453
625.248 465.638
625.497 465.824
625.747 466.01
625.996 466.195
626.245 466.381
626.495 466.566
626.744 466.752
626.993 466.938
627.242 467.123
627.492 467.309
627.741 467.495
627.99 467.68
628.24 467.866
628.489 468.052
628.738 468.237
628.987 468.423
629.237 468.609
629.486 468.794
629.735 468.98
629.985 469.166
630.234 469.351
630.483 469.537
630.733 469.723
630.982 469.908
631.231 470.094
631.481 470.28
631.73 470.465
631.979 470.651
632.228 470.837
632.478 471.022
632.727 471.208
632.976 471.394
633.226 471.579
633.475 471.765
633.724 471.951
633.974 472.136
634.223 472.322
634.472 472.508
634.721 472.693
634.971 472.879
635.22 473.065
635.469 473.25
635.719 473.436
635.968 473.622
636.217 473.807
636.467 473.993
636.716 474.179
636.965 474.364
637.215 474.55
637.464 474.736
637.713 474.921
637.962 475.107
638.212 475.293
638.461 475.478
638.71 475.664
638.96 475.85
639.209 476.035
639.458 476.221
639.708 476.407
639.957 476.592
640.206 476.778
640.456 476.964
640.705 477.149
640.954 477.335
641.204 477.521
641.453 477.706
641.702 477.892
641.951 478.078
642.201 478.263
642.45 478.449
642.699 478.635
642.949 478.82
643.198 479.006
643.447 479.192
643.697 479.377
643.946 479.563
644.195 479.749
644.445 479.934
644.694 480.12
644.943 480.306
645.193 480.491
645.442 480.677
645.691 480.863
645.941 481.048
646.19 481.234
646.439 481.42
646.688 481.605
646.938 481.791
647.187 481.977
647.436 482.162
647.686 482.348
647.935 482.534
648.184 482.719
648.434 482.905
648.683 483.091
648.932 483.276
649.182 483.462
649.431 483.648
649.68 483.833
649.93 484.019
650.179 484.205
650.428 484.391
650.677 484.576
650.927 484.762
651.176 484.948
651.425 485.133
651.675 485.319
651.924 485.505
652.173 485.69
652.423 485.876
652.672 486.062
652.921 486.247
653.171 486.433
653.42 486.619
653.669 486.804
653.919 486.99
654.168 487.176
654.417 487.361
654.667 487.547
654.916 487.733
655.165 487.918
655.414 488.104
655.664 488.29
655.913 488.475
656.162 488.661
656.412 488.847
656.661 489.032
656.91 489.218
657.16 489.404
657.409 489.589
657.658 489.775
657.908 489.961
658.157 490.146
658.406 490.332
658.656 490.518
658.905 490.703
659.154 490.889
659.404 491.075
659.653 491.26
659.902 491.446
660.151 491.632
660.401 491.817
660.65 492.003
660.899 492.189
661.149 492.374
661.398 492.56
661.647 492.746
661.897 492.931
662.146 493.117
662.395 493.303
662.645 493.488
662.894 493.674
663.143 493.86
663.392 494.045
663.642 494.231
663.891 494.417
664.14 494.602
664.39 494.788
664.639 494.974
664.888 495.159
665.138 495.345
665.387 495.531
665.636 495.716
665.886 495.902
666.135 496.088
666.384 496.273
666.634 496.459
666.883 496.645
667.132 496.83
667.381 497.016
667.631 497.202
667.88 497.387
668.129 497.573
668.379 497.759
668.628 497.944
668.877 498.13
669.127 498.316
669.376 498.501
669.625 498.687
669.874 498.873
670.124 499.058
670.373 499.244
670.622 499.43
670.872 499.615
671.121 499.801
671.37 499.987
671.62 500.172
671.869 500.358
672.118 500.544
672.367 500.729
672.617 500.915
672.866 501.101
673.115 501.286
673.365 501.472
673.614 501.658
673.863 501.843
674.113 502.029
674.362 502.215
674.611 502.4
674.86 502.586
675.11 502.772
675.359 502.957
675.608 503.143
675.858 503.328
676.107 503.514
676.356 503.7
676.606 503.885
676.855 504.071
677.104 504.257
677.353 504.442
677.603 504.628
677.852 504.814
678.101 504.999
678.351 505.185
678.6 505.371
678.849 505.556
679.098 505.742
679.348 505.928
679.597 506.113
679.846 506.299
680.096 506.485
680.345 506.67
680.594 506.856
680.843 507.042
681.093 507.227
681.342 507.413
681.591 507.598
681.841 507.784
682.09 507.97
682.339 508.155
682.588 508.341
682.838 508.527
683.087 508.712
683.336 508.898
683.586 509.084
683.835 509.269
684.084 509.455
684.333 509.641
684.583 509.826
684.832 510.012
685.081 510.197
685.33 510.383
685.58 510.569
685.829 510.754
686.078 510.94
686.328 511.126
686.577 511.311
686.826 511.497
687.075 511.683
687.325 511.868
687.574 512.054
687.823 512.24
688.072 512.425
688.322 512.611
688.571 512.796
688.82 512.982
689.07 513.168
689.319 513.353
689.568 513.539
689.817 513.725
690.067 513.91
690.316 514.096
690.565 514.281
690.814 514.467
691.064 514.653
691.313 514.838
691.562 515.024
691.811 515.21
692.061 515.395
692.31 515.581
692.559 515.767
692.808 515.952
693.058 516.138
693.307 516.323
693.556 516.509
693.805 516.695
694.055 516.88
694.304 517.066
694.553 517.252
694.802 517.437
695.052 517.623
695.301 517.808
695.55 517.994
695.799 518.18
696.049 518.365
696.298 518.551
696.547 518.736
696.796 518.922
697.046 519.108
697.295 519.293
697.544 519.479
697.793 519.665
698.043 519.85
698.292 520.036
698.541 520.221
698.79 520.407
699.04 520.593
699.289 520.778
699.538 520.964
699.787 521.149
700.037 521.335
700.286 521.521
700.535 521.706
700.784 521.892
701.033 522.078
701.283 522.263
701.532 522.449
701.781 522.634
702.03 522.82
702.28 523.006
702.529 523.191
702.778 523.377
703.027 523.562
703.276 523.748
703.526 523.934
703.775 524.119
704.024 524.305
704.273 524.49
704.523 524.676
704.772 524.862
705.021 525.047
705.27 525.233
705.519 525.418
705.769 525.604
706.018 525.79
706.267 525.975
706.516 526.161
706.765 526.346
707.015 526.532
707.264 526.718
707.513 526.903
707.762 527.089
708.011 527.274
708.261 527.46
708.51 527.645
708.759 527.831
709.008 528.017
709.258 528.202
709.507 528.388
709.756 528.573
710.005 528.759
710.254 528.945
710.503 529.13
710.753 529.316
711.002 529.501
711.251 529.687
711.5 529.872
711.749 530.058
711.999 530.244
712.248 530.429
712.497 530.615
712.746 530.8
712.995 530.986
713.245 531.171
713.494 531.357
713.743 531.543
713.992 531.728
714.241 531.914
714.49 532.099
714.74 532.285
714.989 532.47
715.238 532.656
715.487 532.842
715.736 533.027
715.986 533.213
716.235 533.398
716.484 533.584
716.733 533.769
716.982 533.955
717.231 534.141
717.481 534.326
717.73 534.512
717.979 534.697
718.228 534.883
718.477 535.068
718.726 535.254
718.975 535.439
719.225 535.625
719.474 535.811
719.723 535.996
719.972 536.182
720.221 536.367
720.47 536.553
720.72 536.738
720.969 536.924
721.218 537.109
721.467 537.295
721.716 537.48
721.965 537.666
722.214 537.852
722.464 538.037
722.713 538.223
722.962 538.408
723.211 538.594
723.46 538.779
723.709 538.965
723.958 539.15
724.208 539.336
724.457 539.521
724.706 539.707
724.955 539.892
725.204 540.078
725.453 540.264
725.702 540.449
725.951 540.635
726.201 540.82
726.45 541.006
726.699 541.191
726.948 541.377
727.197 541.562
727.446 541.748
727.695 541.933
727.944 542.119
728.193 542.304
728.443 542.49
728.692 542.675
728.941 542.861
729.19 543.046
729.439 543.232
729.688 543.417
729.937 543.603
730.186 543.788
730.435 543.974
730.685 544.159
730.934 544.345
731.183 544.53
731.432 544.716
731.681 544.901
731.93 545.087
732.179 545.272
732.428 545.458
732.677 545.643
732.926 545.829
733.175 546.014
733.425 546.2
733.674 546.385
733.923 546.571
734.172 546.756
734.421 546.942
734.67 547.127
734.919 547.313
735.168 547.498
735.417 547.684
735.666 547.869
735.915 548.055
736.164 548.24
736.413 548.426
736.662 548.611
736.912 548.797
737.161 548.982
737.41 549.168
737.659 549.353
737.908 549.539
738.157 549.724
738.406 549.91
738.655 550.095
738.904 550.281
739.153 550.466
739.402 550.652
739.651 550.837
739.9 551.023
740.149 551.208
740.398 551.394
740.647 551.579
740.896 551.764
741.145 551.95
741.394 552.135
741.643 552.321
741.893 552.506
742.142 552.692
742.391 552.877
742.64 553.063
742.889 553.248
743.138 553.434
743.387 553.619
743.636 553.805
743.885 553.99
744.134 554.175
744.383 554.361
744.632 554.546
744.881 554.732
745.13 554.917
745.379 555.103
745.628 555.288
745.877 555.474
746.126 555.659
746.375 555.844
746.624 556.03
746.873 556.215
747.122 556.401
747.371 556.586
747.62 556.772
747.869 556.957
748.118 557.143
748.367 557.328
748.616 557.513
748.865 557.699
749.114 557.884
749.363 558.07
749.612 558.255
749.861 558.441
750.11 558.626
750.359 558.811
750.608 558.997
750.857 559.182
751.106 559.368
751.355 559.553
751.604 559.738
751.853 559.924
752.102 560.109
752.351 560.295
752.599 560.48
752.848 560.665
753.097 560.851
753.346 561.036
753.595 561.222
753.844 561.407
754.093 561.593
754.342 561.778
754.591 561.963
754.84 562.149
755.089 562.334
755.338 562.52
755.587 562.705
755.836 562.89
756.085 563.076
756.334 563.261
756.583 563.446
756.832 563.632
757.081 563.817
757.329 564.003
757.578 564.188
757.827 564.373
758.076 564.559
758.325 564.744
758.574 564.93
758.823 565.115
759.072 565.3
759.321 565.486
759.57 565.671
759.819 565.856
760.068 566.042
760.317 566.227
760.565 566.413
760.814 566.598
761.063 566.783
761.312 566.969
761.561 567.154
761.81 567.339
762.059 567.525
762.308 567.71
762.557 567.895
762.806 568.081
763.054 568.266
763.303 568.451
763.552 568.637
763.801 568.822
764.05 569.008
764.299 569.193
764.548 569.378
764.797 569.564
765.045 569.749
765.294 569.934
765.543 570.12
765.792 570.305
766.041 570.49
766.29 570.676
766.539 570.861
766.787 571.046
767.036 571.232
767.285 571.417
767.534 571.602
767.783 571.788
768.032 571.973
768.281 572.158
768.529 572.344
768.778 572.529
769.027 572.714
769.276 572.9
769.525 573.085
769.774 573.27
770.022 573.455
770.271 573.641
770.52 573.826
770.769 574.011
771.018 574.197
771.267 574.382
771.515 574.567
771.764 574.753
772.013 574.938
772.262 575.123
772.511 575.309
772.76 575.494
773.008 575.679
773.257 575.864
773.506 576.05
773.755 576.235
774.004 576.42
774.252 576.606
774.501 576.791
774.75 576.976
774.999 577.161
775.248 577.347
775.496 577.532
775.745 577.717
775.994 577.903
776.243 578.088
776.491 578.273
776.74 578.458
776.989 578.644
777.238 578.829
777.487 579.014
777.735 579.199
777.984 579.385
778.233 579.57
778.482 579.755
778.73 579.94
778.979 580.126
779.228 580.311
779.477 580.496
779.725 580.681
779.974 580.867
780.223 581.052
780.472 581.237
780.72 581.422
780.969 581.608
781.218 581.793
781.467 581.978
781.715 582.163
781.964 582.349
782.213 582.534
782.462 582.719
782.71 582.904
782.959 583.09
783.208 583.275
783.456 583.46
783.705 583.645
783.954 583.831
784.203 584.016
784.451 584.201
784.7 584.386
784.949 584.571
785.197 584.757
785.446 584.942
785.695 585.127
785.944 585.312
786.192 585.497
786.441 585.683
786.69 585.868
786.938 586.053
787.187 586.238
787.436 586.424
787.684 586.609
787.933 586.794
788.182 586.979
788.43 587.164
788.679 587.349
788.928 587.535
789.176 587.72
789.425 587.905
789.674 588.09
789.922 588.275
790.171 588.461
790.42 588.646
790.668 588.831
790.917 589.016
791.166 589.201
791.414 589.386
791.663 589.572
791.912 589.757
792.16 589.942
792.409 590.127
792.658 590.312
792.906 590.497
793.155 590.683
793.403 590.868
793.652 591.053
793.901 591.238
794.149 591.423
794.398 591.608
794.647 591.794
794.895 591.979
795.144 592.164
795.392 592.349
795.641 592.534
795.89 592.719
796.138 592.904
796.387 593.09
796.635 593.275
796.884 593.46
797.133 593.645
797.381 593.83
797.63 594.015
797.878 594.2
798.127 594.386
798.375 594.571
798.624 594.756
798.873 594.941
799.121 595.126
799.37 595.311
799.618 595.496
799.867 595.681
800.115 595.866
800.364 596.052
800.613 596.237
800.861 596.422
801.11 596.607
801.358 596.792
801.607 596.977
801.855 597.162
802.104 597.347
802.352 597.532
802.601 597.717
802.849 597.903
803.098 598.088
803.347 598.273
803.595 598.458
803.844 598.643
804.092 598.828
804.341 599.013
804.589 599.198
804.838 599.383
