645.824 5197.34
645.834 5197.42
645.843 5197.5
645.853 5197.58
645.863 5197.66
645.873 5197.74
645.883 5197.82
645.893 5197.9
645.902 5197.97
645.912 5198.05
645.922 5198.13
645.932 5198.21
645.941 5198.29
645.951 5198.37
645.961 5198.45
645.971 5198.52
645.98 5198.6
645.99 5198.68
646 5198.76
646.009 5198.84
646.019 5198.91
646.029 5198.99
646.038 5199.07
646.048 5199.15
646.057 5199.22
646.067 5199.3
646.077 5199.38
646.086 5199.45
646.096 5199.53
646.105 5199.61
646.115 5199.68
646.124 5199.76
646.134 5199.84
646.143 5199.91
646.153 5199.99
646.162 5200.07
646.172 5200.14
646.181 5200.22
646.191 5200.3
646.2 5200.37
646.21 5200.45
646.219 5200.52
646.229 5200.6
646.238 5200.68
646.247 5200.75
646.257 5200.83
646.266 5200.9
646.275 5200.98
646.285 5201.05
646.294 5201.13
646.303 5201.2
646.313 5201.28
646.322 5201.35
646.331 5201.43
646.341 5201.5
646.35 5201.58
646.359 5201.65
646.368 5201.73
646.378 5201.8
646.387 5201.87
646.396 5201.95
646.405 5202.02
646.414 5202.1
646.424 5202.17
646.433 5202.24
646.442 5202.32
646.451 5202.39
646.46 5202.46
646.469 5202.54
646.478 5202.61
646.488 5202.68
646.497 5202.76
646.506 5202.83
646.515 5202.9
646.524 5202.98
646.533 5203.05
646.542 5203.12
646.551 5203.19
646.56 5203.27
646.569 5203.34
646.578 5203.41
646.587 5203.48
646.596 5203.56
646.605 5203.63
646.614 5203.7
646.623 5203.77
646.632 5203.84
646.64 5203.91
646.649 5203.99
646.658 5204.06
646.667 5204.13
646.676 5204.2
646.685 5204.27
646.694 5204.34
646.703 5204.41
646.711 5204.49
646.72 5204.56
646.729 5204.63
646.738 5204.7
646.747 5204.77
646.755 5204.84
646.764 5204.91
646.773 5204.98
646.781 5205.05
646.79 5205.12
646.799 5205.19
646.808 5205.26
646.816 5205.33
646.825 5205.4
646.834 5205.47
646.842 5205.54
646.851 5205.61
646.86 5205.68
646.868 5205.75
646.877 5205.82
646.885 5205.89
646.894 5205.95
646.903 5206.02
646.911 5206.09
646.92 5206.16
646.928 5206.23
646.937 5206.3
646.945 5206.37
646.954 5206.44
646.962 5206.5
646.971 5206.57
646.979 5206.64
646.988 5206.71
646.996 5206.78
647.004 5206.84
647.013 5206.91
647.021 5206.98
647.03 5207.05
647.038 5207.11
647.046 5207.18
647.055 5207.25
647.063 5207.32
647.072 5207.38
647.08 5207.45
647.088 5207.52
647.097 5207.58
647.105 5207.65
647.113 5207.72
647.121 5207.78
647.13 5207.85
647.138 5207.92
647.146 5207.98
647.154 5208.05
647.163 5208.12
647.171 5208.18
647.179 5208.25
647.187 5208.31
647.195 5208.38
647.204 5208.45
647.212 5208.51
647.22 5208.58
647.228 5208.64
647.236 5208.71
647.244 5208.77
647.252 5208.84
647.26 5208.9
647.268 5208.97
647.276 5209.03
647.285 5209.1
647.293 5209.16
647.301 5209.23
647.309 5209.29
647.317 5209.36
647.325 5209.42
647.333 5209.48
647.341 5209.55
647.349 5209.61
647.356 5209.68
647.364 5209.74
647.372 5209.8
647.38 5209.87
647.388 5209.93
647.396 5210
647.404 5210.06
647.412 5210.12
647.42 5210.19
647.427 5210.25
647.435 5210.31
647.443 5210.37
647.451 5210.44
647.459 5210.5
647.467 5210.56
647.474 5210.63
647.482 5210.69
647.49 5210.75
647.498 5210.81
647.505 5210.87
647.513 5210.94
647.521 5211
647.528 5211.06
647.536 5211.12
647.544 5211.18
647.551 5211.25
647.559 5211.31
647.567 5211.37
647.574 5211.43
647.582 5211.49
647.59 5211.55
647.597 5211.61
647.605 5211.67
647.612 5211.74
647.62 5211.8
647.627 5211.86
647.635 5211.92
647.643 5211.98
647.65 5212.04
647.658 5212.1
647.665 5212.16
647.672 5212.22
647.68 5212.28
647.687 5212.34
647.695 5212.4
647.702 5212.46
647.71 5212.52
647.717 5212.58
647.725 5212.64
647.732 5212.7
647.739 5212.76
647.747 5212.82
647.754 5212.88
647.761 5212.94
647.769 5212.99
647.776 5213.05
647.783 5213.11
647.791 5213.17
647.798 5213.23
647.805 5213.29
647.812 5213.35
647.82 5213.4
647.827 5213.46
647.834 5213.52
647.841 5213.58
647.849 5213.64
647.856 5213.69
647.863 5213.75
647.87 5213.81
647.877 5213.87
647.884 5213.93
647.892 5213.98
647.899 5214.04
647.906 5214.1
647.913 5214.15
647.92 5214.21
647.927 5214.27
647.934 5214.33
647.941 5214.38
647.948 5214.44
647.955 5214.5
647.962 5214.55
647.969 5214.61
647.976 5214.66
647.983 5214.72
647.99 5214.78
647.997 5214.83
648.004 5214.89
648.011 5214.94
648.018 5215
648.025 5215.06
648.032 5215.11
648.039 5215.17
648.046 5215.22
648.052 5215.28
648.059 5215.33
648.066 5215.39
648.073 5215.44
648.08 5215.5
648.087 5215.55
648.093 5215.61
648.1 5215.66
648.107 5215.72
648.114 5215.77
648.121 5215.83
648.127 5215.88
648.134 5215.93
648.141 5215.99
648.147 5216.04
648.154 5216.1
648.161 5216.15
648.167 5216.2
648.174 5216.26
648.181 5216.31
648.187 5216.36
648.194 5216.42
648.201 5216.47
648.207 5216.52
648.214 5216.58
648.22 5216.63
648.227 5216.68
648.234 5216.74
648.24 5216.79
648.247 5216.84
648.253 5216.89
648.26 5216.95
648.266 5217
648.273 5217.05
648.279 5217.1
648.286 5217.15
648.292 5217.21
648.298 5217.26
648.305 5217.31
648.311 5217.36
648.318 5217.41
648.324 5217.46
648.331 5217.52
648.337 5217.57
648.343 5217.62
648.35 5217.67
648.356 5217.72
648.362 5217.77
648.369 5217.82
648.375 5217.87
648.381 5217.92
648.387 5217.97
648.394 5218.02
648.4 5218.07
648.406 5218.12
648.412 5218.17
648.419 5218.23
648.425 5218.27
648.431 5218.32
648.437 5218.37
648.443 5218.42
648.45 5218.47
648.456 5218.52
648.462 5218.57
648.468 5218.62
648.474 5218.67
648.48 5218.72
648.486 5218.77
648.492 5218.82
648.498 5218.87
648.505 5218.92
648.511 5218.96
648.517 5219.01
648.523 5219.06
648.529 5219.11
648.535 5219.16
648.541 5219.21
648.547 5219.25
648.553 5219.3
648.559 5219.35
648.564 5219.4
648.57 5219.45
648.576 5219.49
648.582 5219.54
648.588 5219.59
648.594 5219.64
648.6 5219.68
648.606 5219.73
648.612 5219.78
648.617 5219.82
648.623 5219.87
648.629 5219.92
648.635 5219.96
648.641 5220.01
648.646 5220.06
648.652 5220.1
648.658 5220.15
648.664 5220.2
648.669 5220.24
648.675 5220.29
648.681 5220.34
648.687 5220.38
648.692 5220.43
648.698 5220.47
648.704 5220.52
648.709 5220.56
648.715 5220.61
648.72 5220.65
648.726 5220.7
648.732 5220.74
648.737 5220.79
648.743 5220.83
648.748 5220.88
648.754 5220.92
648.76 5220.97
648.765 5221.01
648.771 5221.06
648.776 5221.1
648.782 5221.15
648.787 5221.19
648.793 5221.23
648.798 5221.28
648.803 5221.32
648.809 5221.37
648.814 5221.41
648.82 5221.45
648.825 5221.5
648.831 5221.54
648.836 5221.58
648.841 5221.63
648.847 5221.67
648.852 5221.71
648.857 5221.76
648.863 5221.8
648.868 5221.84
648.873 5221.88
648.879 5221.93
648.884 5221.97
648.889 5222.01
648.894 5222.05
648.9 5222.1
648.905 5222.14
648.91 5222.18
648.915 5222.22
648.92 5222.26
648.926 5222.3
648.931 5222.35
648.936 5222.39
648.941 5222.43
648.946 5222.47
648.951 5222.51
648.956 5222.55
648.962 5222.59
648.967 5222.63
648.972 5222.68
648.977 5222.72
648.982 5222.76
648.987 5222.8
648.992 5222.84
648.997 5222.88
649.002 5222.92
649.007 5222.96
649.012 5223
649.017 5223.04
649.022 5223.08
649.027 5223.12
649.032 5223.16
649.037 5223.2
649.042 5223.24
649.046 5223.28
649.051 5223.32
649.056 5223.36
649.061 5223.39
649.066 5223.43
649.071 5223.47
649.076 5223.51
649.08 5223.55
649.085 5223.59
649.09 5223.63
649.095 5223.67
649.1 5223.7
649.104 5223.74
649.109 5223.78
649.114 5223.82
649.119 5223.86
649.123 5223.9
649.128 5223.93
649.133 5223.97
649.137 5224.01
649.142 5224.05
649.147 5224.08
649.151 5224.12
649.156 5224.16
649.16 5224.19
649.165 5224.23
649.17 5224.27
649.174 5224.31
649.179 5224.34
649.183 5224.38
649.188 5224.42
649.192 5224.45
649.197 5224.49
649.202 5224.53
649.206 5224.56
649.211 5224.6
649.215 5224.63
649.219 5224.67
649.224 5224.71
649.228 5224.74
649.233 5224.78
649.237 5224.81
649.242 5224.85
649.246 5224.88
649.25 5224.92
649.255 5224.95
649.259 5224.99
649.263 5225.02
649.268 5225.06
649.272 5225.09
649.276 5225.13
649.281 5225.16
649.285 5225.2
649.289 5225.23
649.294 5225.27
649.298 5225.3
649.302 5225.33
649.306 5225.37
649.31 5225.4
649.315 5225.44
649.319 5225.47
649.323 5225.5
649.327 5225.54
649.331 5225.57
649.335 5225.6
649.34 5225.64
649.344 5225.67
649.348 5225.7
649.352 5225.74
649.356 5225.77
649.36 5225.8
649.364 5225.83
649.368 5225.87
649.372 5225.9
649.376 5225.93
649.38 5225.96
649.384 5226
649.388 5226.03
649.392 5226.06
649.396 5226.09
649.4 5226.12
649.404 5226.16
649.408 5226.19
649.412 5226.22
649.416 5226.25
649.42 5226.28
649.424 5226.31
649.428 5226.34
649.431 5226.38
649.435 5226.41
649.439 5226.44
649.443 5226.47
649.447 5226.5
649.451 5226.53
649.454 5226.56
649.458 5226.59
649.462 5226.62
649.466 5226.65
649.469 5226.68
649.473 5226.71
649.477 5226.74
649.481 5226.77
649.484 5226.8
649.488 5226.83
649.492 5226.86
649.495 5226.89
649.499 5226.92
649.503 5226.95
649.506 5226.98
649.51 5227.01
649.513 5227.03
649.517 5227.06
649.52 5227.09
649.524 5227.12
649.528 5227.15
649.531 5227.18
649.535 5227.21
649.538 5227.23
649.542 5227.26
649.545 5227.29
649.549 5227.32
649.552 5227.35
649.556 5227.37
649.559 5227.4
649.562 5227.43
649.566 5227.46
649.569 5227.48
649.573 5227.51
649.576 5227.54
649.579 5227.57
649.583 5227.59
649.586 5227.62
649.59 5227.65
649.593 5227.67
649.596 5227.7
649.599 5227.73
649.603 5227.75
649.606 5227.78
649.609 5227.81
649.613 5227.83
649.616 5227.86
649.619 5227.89
649.622 5227.91
649.625 5227.94
649.629 5227.96
649.632 5227.99
649.635 5228.01
649.638 5228.04
649.641 5228.06
649.644 5228.09
649.648 5228.11
649.651 5228.14
649.654 5228.16
649.657 5228.19
649.66 5228.21
649.663 5228.24
649.666 5228.26
649.669 5228.29
649.672 5228.31
649.675 5228.34
649.678 5228.36
649.681 5228.39
649.684 5228.41
649.687 5228.43
649.69 5228.46
649.693 5228.48
649.696 5228.5
649.699 5228.53
649.702 5228.55
649.705 5228.57
649.708 5228.6
649.71 5228.62
649.713 5228.64
649.716 5228.67
649.719 5228.69
649.722 5228.71
649.725 5228.74
649.727 5228.76
649.73 5228.78
649.733 5228.8
649.736 5228.82
649.739 5228.85
649.741 5228.87
649.744 5228.89
649.747 5228.91
649.749 5228.93
649.752 5228.96
649.755 5228.98
649.758 5229
649.76 5229.02
649.763 5229.04
649.765 5229.06
649.768 5229.08
649.771 5229.11
649.773 5229.13
649.776 5229.15
649.778 5229.17
649.781 5229.19
649.784 5229.21
649.786 5229.23
649.789 5229.25
649.791 5229.27
649.794 5229.29
649.796 5229.31
649.799 5229.33
649.801 5229.35
649.804 5229.37
649.806 5229.39
649.808 5229.41
649.811 5229.43
649.813 5229.45
649.816 5229.47
649.818 5229.49
649.82 5229.51
649.823 5229.53
649.825 5229.54
649.828 5229.56
649.83 5229.58
649.832 5229.6
649.834 5229.62
649.837 5229.64
649.839 5229.66
649.841 5229.67
649.844 5229.69
649.846 5229.71
649.848 5229.73
649.85 5229.75
649.852 5229.76
649.855 5229.78
649.857 5229.8
649.859 5229.82
649.861 5229.83
649.863 5229.85
649.865 5229.87
649.868 5229.89
649.87 5229.9
649.872 5229.92
649.874 5229.94
649.876 5229.95
649.878 5229.97
649.88 5229.99
649.882 5230
649.884 5230.02
649.886 5230.03
649.888 5230.05
649.89 5230.07
649.892 5230.08
649.894 5230.1
649.896 5230.11
649.898 5230.13
649.9 5230.15
649.902 5230.16
649.904 5230.18
649.906 5230.19
649.908 5230.21
649.909 5230.22
649.911 5230.24
649.913 5230.25
649.915 5230.27
649.917 5230.28
649.919 5230.3
649.92 5230.31
649.922 5230.32
649.924 5230.34
649.926 5230.35
649.928 5230.37
649.929 5230.38
649.931 5230.4
649.933 5230.41
649.934 5230.42
649.936 5230.44
649.938 5230.45
649.939 5230.46
649.941 5230.48
649.943 5230.49
649.944 5230.5
649.946 5230.52
649.948 5230.53
649.949 5230.54
649.951 5230.56
649.952 5230.57
649.954 5230.58
649.956 5230.59
649.957 5230.61
649.959 5230.62
649.96 5230.63
649.962 5230.64
649.963 5230.65
649.965 5230.67
649.966 5230.68
649.967 5230.69
649.969 5230.7
649.97 5230.71
649.972 5230.72
649.973 5230.74
649.975 5230.75
649.976 5230.76
649.977 5230.77
649.979 5230.78
649.98 5230.79
649.981 5230.8
649.983 5230.81
649.984 5230.82
649.985 5230.83
649.987 5230.84
649.988 5230.85
649.989 5230.86
649.99 5230.87
649.992 5230.88
649.993 5230.89
649.994 5230.9
649.995 5230.91
649.996 5230.92
649.998 5230.93
649.999 5230.94
650 5230.95
650.001 5230.96
650.002 5230.97
650.003 5230.98
650.005 5230.99
650.006 5231
650.007 5231
650.008 5231.01
650.009 5231.02
650.01 5231.03
650.011 5231.04
650.012 5231.05
650.013 5231.06
650.014 5231.06
650.015 5231.07
650.016 5231.08
650.017 5231.09
650.018 5231.09
650.019 5231.1
650.02 5231.11
650.021 5231.12
650.022 5231.12
650.022 5231.13
650.023 5231.14
650.024 5231.15
650.025 5231.15
650.026 5231.16
650.027 5231.17
650.028 5231.17
650.028 5231.18
650.029 5231.19
650.03 5231.19
650.031 5231.2
650.031 5231.2
650.032 5231.21
650.033 5231.22
650.034 5231.22
650.034 5231.23
650.035 5231.23
650.036 5231.24
650.036 5231.24
650.037 5231.25
650.038 5231.26
650.038 5231.26
650.039 5231.27
650.04 5231.27
650.04 5231.28
650.041 5231.28
650.042 5231.28
650.042 5231.29
650.043 5231.29
650.043 5231.3
650.044 5231.3
650.044 5231.31
650.045 5231.31
650.045 5231.32
650.046 5231.32
650.046 5231.32
650.047 5231.33
650.047 5231.33
650.048 5231.33
650.048 5231.34
650.048 5231.34
650.049 5231.34
650.049 5231.35
650.05 5231.35
650.05 5231.35
650.05 5231.36
650.051 5231.36
650.051 5231.36
650.051 5231.36
650.052 5231.37
650.052 5231.37
650.052 5231.37
650.052 5231.37
650.053 5231.38
650.053 5231.38
650.053 5231.38
650.053 5231.38
650.054 5231.38
650.054 5231.38
650.054 5231.39
650.054 5231.39
650.054 5231.39
650.055 5231.39
650.055 5231.39
650.055 5231.39
650.055 5231.39
650.055 5231.39
650.055 5231.39
650.055 5231.4
650.055 5231.4
650.055 5231.4
650.055 5231.4
650.055 5231.4
650.055 5231.4
650.055 5231.4
650.055 5231.4
650.055 5231.4
650.055 5231.4
650.055 5231.4
650.055 5231.4
650.055 5231.4
650.055 5231.4
650.055 5231.39
650.055 5231.39
650.055 5231.39
650.055 5231.39
650.055 5231.39
650.055 5231.39
650.054 5231.39
650.054 5231.39
650.054 5231.39
650.054 5231.38
650.054 5231.38
650.053 5231.38
650.053 5231.38
650.053 5231.38
650.053 5231.37
650.052 5231.37
650.052 5231.37
650.052 5231.37
650.052 5231.37
650.051 5231.36
650.051 5231.36
650.051 5231.36
650.05 5231.36
650.05 5231.35
650.05 5231.35
650.049 5231.35
650.049 5231.34
650.048 5231.34
650.048 5231.34
650.047 5231.33
650.047 5231.33
650.047 5231.33
650.046 5231.32
650.046 5231.32
650.045 5231.31
650.045 5231.31
650.044 5231.31
650.044 5231.3
650.043 5231.3
650.043 5231.29
650.042 5231.29
650.041 5231.28
650.041 5231.28
650.04 5231.27
650.04 5231.27
650.039 5231.26
650.038 5231.26
650.038 5231.25
650.037 5231.25
650.036 5231.24
650.036 5231.24
650.035 5231.23
650.034 5231.23
650.034 5231.22
650.033 5231.22
650.032 5231.21
650.031 5231.2
650.031 5231.2
650.03 5231.19
650.029 5231.18
650.028 5231.18
650.027 5231.17
650.027 5231.16
650.026 5231.16
650.025 5231.15
650.024 5231.14
650.023 5231.14
650.022 5231.13
650.021 5231.12
650.02 5231.12
650.02 5231.11
650.019 5231.1
650.018 5231.09
650.017 5231.09
650.016 5231.08
650.015 5231.07
650.014 5231.06
650.013 5231.05
650.012 5231.05
650.011 5231.04
650.01 5231.03
650.009 5231.02
650.008 5231.01
650.006 5231
650.005 5230.99
650.004 5230.99
650.003 5230.98
650.002 5230.97
650.001 5230.96
650 5230.95
649.999 5230.94
649.997 5230.93
649.996 5230.92
649.995 5230.91
649.994 5230.9
649.993 5230.89
649.991 5230.88
649.99 5230.87
649.989 5230.86
649.988 5230.85
649.986 5230.84
649.985 5230.83
649.984 5230.82
649.982 5230.81
649.981 5230.8
649.98 5230.79
649.978 5230.78
649.977 5230.77
649.976 5230.76
649.974 5230.74
649.973 5230.73
649.972 5230.72
649.97 5230.71
649.969 5230.7
649.967 5230.69
649.966 5230.68
649.964 5230.66
649.963 5230.65
649.961 5230.64
649.96 5230.63
649.958 5230.62
649.957 5230.6
649.955 5230.59
649.954 5230.58
649.952 5230.57
649.951 5230.55
649.949 5230.54
649.947 5230.53
649.946 5230.51
649.944 5230.5
649.943 5230.49
649.941 5230.48
649.939 5230.46
649.938 5230.45
649.936 5230.43
649.934 5230.42
649.932 5230.41
649.931 5230.39
649.929 5230.38
649.927 5230.37
649.926 5230.35
649.924 5230.34
649.922 5230.32
649.92 5230.31
649.918 5230.29
649.917 5230.28
649.915 5230.27
649.913 5230.25
649.911 5230.24
649.909 5230.22
649.907 5230.21
649.905 5230.19
649.904 5230.17
649.902 5230.16
649.9 5230.14
649.898 5230.13
649.896 5230.11
649.894 5230.1
649.892 5230.08
649.89 5230.07
649.888 5230.05
649.886 5230.03
649.884 5230.02
649.882 5230
649.88 5229.98
649.878 5229.97
649.876 5229.95
649.874 5229.93
649.872 5229.92
649.87 5229.9
649.867 5229.88
649.865 5229.87
649.863 5229.85
649.861 5229.83
649.859 5229.82
649.857 5229.8
649.855 5229.78
649.852 5229.76
649.85 5229.74
649.848 5229.73
649.846 5229.71
649.843 5229.69
649.841 5229.67
649.839 5229.65
649.837 5229.64
649.834 5229.62
649.832 5229.6
649.83 5229.58
649.827 5229.56
649.825 5229.54
649.823 5229.52
649.82 5229.51
649.818 5229.49
649.816 5229.47
649.813 5229.45
649.811 5229.43
649.808 5229.41
649.806 5229.39
649.804 5229.37
649.801 5229.35
649.799 5229.33
649.796 5229.31
649.794 5229.29
649.791 5229.27
649.789 5229.25
649.786 5229.23
649.784 5229.21
649.781 5229.19
649.779 5229.17
649.776 5229.15
649.773 5229.13
649.771 5229.11
649.768 5229.09
649.766 5229.06
649.763 5229.04
649.76 5229.02
649.758 5229
649.755 5228.98
649.752 5228.96
649.75 5228.94
649.747 5228.91
649.744 5228.89
649.741 5228.87
649.739 5228.85
649.736 5228.83
649.733 5228.8
649.73 5228.78
649.728 5228.76
649.725 5228.74
649.722 5228.71
649.719 5228.69
649.716 5228.67
649.714 5228.65
649.711 5228.62
649.708 5228.6
649.705 5228.58
649.702 5228.55
649.699 5228.53
649.696 5228.51
649.693 5228.48
649.69 5228.46
649.687 5228.44
649.684 5228.41
649.681 5228.39
649.679 5228.36
649.676 5228.34
649.672 5228.32
649.669 5228.29
649.666 5228.27
649.663 5228.24
649.66 5228.22
649.657 5228.19
649.654 5228.17
649.651 5228.14
649.648 5228.12
649.645 5228.09
649.642 5228.07
649.639 5228.04
649.635 5228.02
649.632 5227.99
649.629 5227.97
649.626 5227.94
649.623 5227.92
649.62 5227.89
649.616 5227.86
649.613 5227.84
649.61 5227.81
649.607 5227.79
649.603 5227.76
649.6 5227.73
649.597 5227.71
649.593 5227.68
649.59 5227.65
649.587 5227.63
649.583 5227.6
649.58 5227.57
649.577 5227.55
649.573 5227.52
649.57 5227.49
649.567 5227.46
649.563 5227.44
649.56 5227.41
649.556 5227.38
649.553 5227.35
649.549 5227.33
649.546 5227.3
649.543 5227.27
649.539 5227.24
649.536 5227.21
649.532 5227.18
649.528 5227.16
649.525 5227.13
649.521 5227.1
649.518 5227.07
649.514 5227.04
649.511 5227.01
649.507 5226.98
649.503 5226.96
649.5 5226.93
649.496 5226.9
649.493 5226.87
649.489 5226.84
649.485 5226.81
649.482 5226.78
649.478 5226.75
649.474 5226.72
649.47 5226.69
649.467 5226.66
649.463 5226.63
649.459 5226.6
649.456 5226.57
649.452 5226.54
649.448 5226.51
649.444 5226.48
649.44 5226.45
649.437 5226.42
649.433 5226.39
649.429 5226.35
649.425 5226.32
649.421 5226.29
649.417 5226.26
649.413 5226.23
649.409 5226.2
649.406 5226.17
649.402 5226.14
649.398 5226.1
649.394 5226.07
649.39 5226.04
649.386 5226.01
649.382 5225.98
649.378 5225.94
649.374 5225.91
649.37 5225.88
649.366 5225.85
649.362 5225.81
649.358 5225.78
649.354 5225.75
649.35 5225.72
649.345 5225.68
649.341 5225.65
649.337 5225.62
649.333 5225.58
649.329 5225.55
649.325 5225.52
649.321 5225.48
649.317 5225.45
649.312 5225.42
649.308 5225.38
649.304 5225.35
649.3 5225.32
649.295 5225.28
649.291 5225.25
649.287 5225.21
649.283 5225.18
649.278 5225.14
649.274 5225.11
649.27 5225.08
649.266 5225.04
649.261 5225.01
649.257 5224.97
649.253 5224.94
649.248 5224.9
649.244 5224.87
649.239 5224.83
649.235 5224.79
649.231 5224.76
649.226 5224.72
649.222 5224.69
649.217 5224.65
649.213 5224.62
649.208 5224.58
649.204 5224.54
649.2 5224.51
649.195 5224.47
649.19 5224.44
649.186 5224.4
649.181 5224.36
649.177 5224.33
649.172 5224.29
649.168 5224.25
649.163 5224.22
649.159 5224.18
649.154 5224.14
649.149 5224.11
649.145 5224.07
649.14 5224.03
649.135 5223.99
649.131 5223.96
649.126 5223.92
649.121 5223.88
649.117 5223.84
649.112 5223.81
649.107 5223.77
649.103 5223.73
649.098 5223.69
649.093 5223.65
649.088 5223.61
649.084 5223.58
649.079 5223.54
649.074 5223.5
649.069 5223.46
649.064 5223.42
649.06 5223.38
649.055 5223.34
649.05 5223.3
649.045 5223.27
649.04 5223.23
649.035 5223.19
649.03 5223.15
649.025 5223.11
649.02 5223.07
649.016 5223.03
649.011 5222.99
649.006 5222.95
649.001 5222.91
648.996 5222.87
648.991 5222.83
648.986 5222.79
648.981 5222.75
648.976 5222.71
648.971 5222.67
648.965 5222.63
648.96 5222.58
648.955 5222.54
648.95 5222.5
648.945 5222.46
648.94 5222.42
648.935 5222.38
648.93 5222.34
648.925 5222.3
648.919 5222.26
648.914 5222.21
648.909 5222.17
648.904 5222.13
648.899 5222.09
648.894 5222.05
648.888 5222
648.883 5221.96
648.878 5221.92
648.873 5221.88
648.867 5221.84
648.862 5221.79
648.857 5221.75
648.851 5221.71
648.846 5221.66
648.841 5221.62
648.835 5221.58
648.83 5221.54
648.825 5221.49
648.819 5221.45
648.814 5221.41
648.808 5221.36
648.803 5221.32
648.798 5221.27
648.792 5221.23
648.787 5221.19
648.781 5221.14
648.776 5221.1
648.77 5221.06
648.765 5221.01
648.759 5220.97
648.754 5220.92
648.748 5220.88
648.743 5220.83
648.737 5220.79
648.732 5220.74
648.726 5220.7
648.72 5220.65
648.715 5220.61
648.709 5220.56
648.704 5220.52
648.698 5220.47
648.692 5220.43
648.687 5220.38
648.681 5220.34
648.675 5220.29
648.67 5220.25
648.664 5220.2
648.658 5220.15
648.653 5220.11
648.647 5220.06
648.641 5220.01
648.635 5219.97
648.63 5219.92
648.624 5219.88
648.618 5219.83
648.612 5219.78
648.606 5219.74
648.601 5219.69
648.595 5219.64
648.589 5219.59
648.583 5219.55
648.577 5219.5
648.571 5219.45
648.565 5219.41
648.559 5219.36
648.554 5219.31
648.548 5219.26
648.542 5219.21
648.536 5219.17
648.53 5219.12
648.524 5219.07
648.518 5219.02
648.512 5218.97
648.506 5218.93
648.5 5218.88
648.494 5218.83
648.488 5218.78
648.482 5218.73
648.476 5218.68
648.469 5218.63
648.463 5218.58
648.457 5218.54
648.451 5218.49
648.445 5218.44
648.439 5218.39
648.433 5218.34
648.427 5218.29
648.42 5218.24
648.414 5218.19
648.408 5218.14
648.402 5218.09
648.396 5218.04
648.389 5217.99
648.383 5217.94
648.377 5217.89
648.371 5217.84
648.364 5217.79
648.358 5217.74
648.352 5217.69
648.345 5217.64
648.339 5217.59
648.333 5217.53
648.326 5217.48
648.32 5217.43
648.314 5217.38
648.307 5217.33
648.301 5217.28
648.295 5217.23
648.288 5217.18
648.282 5217.12
648.275 5217.07
648.269 5217.02
648.262 5216.97
648.256 5216.92
648.25 5216.86
648.243 5216.81
648.237 5216.76
648.23 5216.71
648.223 5216.65
648.217 5216.6
648.21 5216.55
648.204 5216.5
648.197 5216.44
648.191 5216.39
648.184 5216.34
648.177 5216.28
648.171 5216.23
648.164 5216.18
648.158 5216.12
648.151 5216.07
648.144 5216.02
648.138 5215.96
648.131 5215.91
648.124 5215.86
648.118 5215.8
648.111 5215.75
648.104 5215.69
648.097 5215.64
648.091 5215.59
648.084 5215.53
648.077 5215.48
648.07 5215.42
648.064 5215.37
648.057 5215.31
648.05 5215.26
648.043 5215.2
648.036 5215.15
648.029 5215.09
648.022 5215.04
648.016 5214.98
648.009 5214.93
648.002 5214.87
647.995 5214.81
647.988 5214.76
647.981 5214.7
647.974 5214.65
647.967 5214.59
647.96 5214.54
647.953 5214.48
647.946 5214.42
647.939 5214.37
647.932 5214.31
647.925 5214.25
647.918 5214.2
647.911 5214.14
647.904 5214.08
647.897 5214.03
647.89 5213.97
647.883 5213.91
647.876 5213.86
647.869 5213.8
647.862 5213.74
647.854 5213.68
647.847 5213.63
647.84 5213.57
647.833 5213.51
647.826 5213.45
647.819 5213.4
647.811 5213.34
647.804 5213.28
647.797 5213.22
647.79 5213.16
647.782 5213.1
647.775 5213.05
647.768 5212.99
647.761 5212.93
647.753 5212.87
647.746 5212.81
647.739 5212.75
647.731 5212.69
647.724 5212.63
647.717 5212.58
647.709 5212.52
647.702 5212.46
647.695 5212.4
647.687 5212.34
647.68 5212.28
647.672 5212.22
647.665 5212.16
647.657 5212.1
647.65 5212.04
647.643 5211.98
647.635 5211.92
647.628 5211.86
647.62 5211.8
647.613 5211.74
647.605 5211.68
647.598 5211.62
647.59 5211.56
647.582 5211.5
647.575 5211.43
647.567 5211.37
647.56 5211.31
647.552 5211.25
647.545 5211.19
