296.686 -12.3879
296.931 -12.3777
297.176 -12.3644
297.421 -12.3479
297.666 -12.328
297.911 -12.3048
298.157 -12.2781
298.402 -12.2479
298.647 -12.2142
298.892 -12.1768
299.137 -12.1357
299.382 -12.0909
299.627 -12.0422
299.872 -11.9896
300.118 -11.933
300.363 -11.8724
300.608 -11.8076
300.853 -11.7387
301.098 -11.6655
301.343 -11.588
301.589 -11.5061
301.834 -11.4198
302.079 -11.3289
302.324 -11.2333
302.569 -11.1331
302.814 -11.0281
303.06 -10.9182
303.305 -10.8035
303.55 -10.6837
303.795 -10.5589
304.041 -10.4289
304.286 -10.2937
304.531 -10.1532
304.776 -10.0073
305.022 -9.85598
305.267 -9.69909
305.512 -9.53658
305.757 -9.36836
306.003 -9.19435
306.248 -9.01449
306.493 -8.82867
306.739 -8.63682
306.984 -8.43886
307.229 -8.23471
307.475 -8.02427
307.72 -7.80747
307.965 -7.58422
308.21 -7.35443
308.456 -7.11803
308.701 -6.87491
308.947 -6.625
309.192 -6.36821
309.437 -6.10445
309.683 -5.83364
309.928 -5.55568
310.173 -5.27049
310.419 -4.97797
310.664 -4.67805
310.91 -4.37062
311.155 -4.05559
311.4 -3.73288
311.646 -3.4024
311.891 -3.06405
312.137 -2.71774
312.382 -2.36338
312.627 -2.00088
312.873 -1.63014
313.118 -1.25106
313.364 -0.863565
313.609 -0.467547
313.855 -0.0629141
314.1 0.350428
314.346 0.772575
314.591 1.20362
314.837 1.64367
315.082 2.0928
315.328 2.55113
315.573 3.01875
315.819 3.49575
316.064 3.98223
316.31 4.47829
316.555 4.98404
316.801 5.49956
317.046 6.02496
317.292 6.56033
317.537 7.10578
317.783 7.66141
318.028 8.22731
318.274 8.8036
318.52 9.39035
318.765 9.98769
319.011 10.5957
319.256 11.2145
319.502 11.8442
319.748 12.4849
319.993 13.1366
320.239 13.7996
320.484 14.4738
320.73 15.1595
320.976 15.8566
321.221 16.5653
321.467 17.2858
321.712 18.0181
321.958 18.7622
322.204 19.5184
322.449 20.2868
322.695 21.0673
322.941 21.8602
323.186 22.6655
323.432 23.4834
323.678 24.3139
323.924 25.1572
324.169 26.0134
324.415 26.8825
324.661 27.7646
324.906 28.66
325.152 29.5687
325.398 30.4907
325.644 31.4262
325.889 32.3754
326.135 33.3382
326.381 34.3149
326.626 35.3055
326.872 36.3102
327.118 37.329
327.364 38.362
327.61 39.4094
327.855 40.4712
328.101 41.5476
328.347 42.6387
328.593 43.7446
328.838 44.8654
329.084 46.0012
329.33 47.152
329.576 48.3181
329.822 49.4996
330.068 50.6964
330.313 51.9088
330.559 53.1369
330.805 54.3807
331.051 55.6403
331.297 56.916
331.543 58.2077
331.788 59.5156
332.034 60.8398
332.28 62.1804
332.526 63.5375
332.772 64.9112
333.018 66.3016
333.264 67.7089
333.51 69.1331
333.756 70.5744
334.001 72.0328
334.247 73.5085
334.493 75.0015
334.739 76.5121
334.985 78.0402
335.231 79.586
335.477 81.1496
335.723 82.7311
335.969 84.3306
336.215 85.9482
336.461 87.584
336.707 89.2382
336.953 90.9108
337.199 92.6019
337.445 94.3117
337.691 96.0402
337.937 97.7876
338.183 99.554
338.429 101.339
338.675 103.144
338.921 104.968
339.167 106.811
339.413 108.674
339.659 110.556
339.905 112.458
340.151 114.38
340.397 116.321
340.643 118.283
340.889 120.265
341.135 122.267
341.381 124.289
341.627 126.332
341.873 128.395
342.119 130.479
342.366 132.583
342.612 134.709
342.858 136.855
343.104 139.022
343.35 141.211
343.596 143.42
343.842 145.651
344.088 147.904
344.334 150.177
344.581 152.473
344.827 154.79
345.073 157.129
345.319 159.49
345.565 161.873
345.811 164.278
346.058 166.705
346.304 169.154
346.55 171.626
346.796 174.12
347.042 176.637
347.288 179.177
347.535 181.739
347.781 184.324
348.027 186.932
348.273 189.564
348.519 192.218
348.766 194.895
349.012 197.596
349.258 200.32
349.504 203.068
349.751 205.84
349.997 208.635
350.243 211.453
350.489 214.296
350.736 217.163
350.982 220.053
351.228 222.968
351.474 225.907
351.721 228.87
351.967 231.858
352.213 234.87
352.46 237.907
352.706 240.968
352.952 244.054
353.199 247.165
353.445 250.301
353.691 253.461
353.937 256.647
354.184 259.858
354.43 263.094
354.676 266.356
354.923 269.643
355.169 272.955
355.416 276.293
355.662 279.656
355.908 283.045
356.155 286.46
356.401 289.901
356.647 293.367
356.894 296.86
357.14 300.379
357.387 303.924
357.633 307.495
357.879 311.092
358.126 314.716
358.372 318.366
358.619 322.043
358.865 325.746
359.111 329.476
359.358 333.233
359.604 337.017
359.851 340.827
360.097 344.664
360.344 348.529
360.59 352.42
360.837 356.339
361.083 360.284
361.33 364.257
361.576 368.258
361.823 372.285
362.069 376.341
362.316 380.423
362.562 384.534
362.809 388.671
363.055 392.837
363.302 397.03
363.548 401.252
363.795 405.501
364.041 409.778
364.288 414.083
364.534 418.416
364.781 422.777
365.027 427.166
365.274 431.584
365.52 436.03
365.767 440.504
366.013 445.006
366.26 449.537
366.507 454.096
366.753 458.684
367 463.301
367.246 467.946
367.493 472.62
367.74 477.322
367.986 482.054
368.233 486.814
368.479 491.603
368.726 496.421
368.973 501.268
369.219 506.143
369.466 511.048
369.713 515.982
369.959 520.945
370.206 525.937
370.452 530.959
370.699 536.01
370.946 541.089
371.192 546.199
371.439 551.337
371.686 556.505
371.932 561.703
372.179 566.93
372.426 572.186
372.673 577.472
372.919 582.787
373.166 588.132
373.413 593.507
373.659 598.911
373.906 604.345
374.153 609.809
374.399 615.302
374.646 620.825
374.893 626.378
375.14 631.961
375.386 637.574
375.633 643.216
375.88 648.888
376.127 654.591
376.373 660.323
376.62 666.085
376.867 671.877
377.114 677.699
377.361 683.551
377.607 689.433
377.854 695.346
378.101 701.288
378.348 707.26
378.595 713.262
378.841 719.295
379.088 725.358
379.335 731.45
379.582 737.573
379.829 743.726
380.075 749.909
380.322 756.123
380.569 762.366
380.816 768.64
381.063 774.944
381.31 781.278
381.557 787.643
381.803 794.037
382.05 800.462
382.297 806.917
382.544 813.402
382.791 819.918
383.038 826.463
383.285 833.039
383.532 839.645
383.778 846.282
384.025 852.948
384.272 859.645
384.519 866.372
384.766 873.13
385.013 879.917
385.26 886.735
385.507 893.583
385.754 900.461
386.001 907.369
386.248 914.307
386.495 921.276
386.742 928.275
386.989 935.303
387.235 942.362
387.482 949.451
387.729 956.571
387.976 963.72
388.223 970.899
388.47 978.109
388.717 985.348
388.964 992.618
389.211 999.917
389.458 1007.25
389.705 1014.61
389.952 1022
390.199 1029.41
390.446 1036.86
390.693 1044.34
390.94 1051.85
391.187 1059.39
391.434 1066.96
391.682 1074.56
391.929 1082.19
392.176 1089.84
392.423 1097.53
392.67 1105.25
392.917 1113
393.164 1120.77
393.411 1128.58
393.658 1136.41
393.905 1144.28
394.152 1152.17
394.399 1160.1
394.646 1168.05
394.893 1176.03
395.141 1184.05
395.388 1192.09
395.635 1200.16
395.882 1208.26
396.129 1216.39
396.376 1224.55
396.623 1232.73
396.87 1240.95
397.117 1249.2
397.365 1257.47
397.612 1265.77
397.859 1274.11
398.106 1282.47
398.353 1290.86
398.6 1299.28
398.848 1307.73
399.095 1316.2
399.342 1324.71
399.589 1333.24
399.836 1341.8
400.083 1350.39
400.331 1359.01
400.578 1367.66
400.825 1376.34
401.072 1385.04
401.319 1393.77
401.567 1402.53
401.814 1411.32
402.061 1420.14
402.308 1428.98
402.555 1437.85
402.803 1446.75
403.05 1455.68
403.297 1464.64
403.544 1473.62
403.792 1482.63
404.039 1491.67
404.286 1500.74
404.533 1509.83
404.781 1518.95
405.028 1528.1
405.275 1537.28
405.523 1546.48
405.77 1555.71
406.017 1564.97
406.264 1574.25
406.512 1583.57
406.759 1592.9
407.006 1602.27
407.254 1611.66
407.501 1621.08
407.748 1630.52
407.995 1640
408.243 1649.49
408.49 1659.02
408.737 1668.57
408.985 1678.15
409.232 1687.75
409.479 1697.38
409.727 1707.03
409.974 1716.71
410.222 1726.42
410.469 1736.15
410.716 1745.91
410.964 1755.7
411.211 1765.51
411.458 1775.34
411.706 1785.2
411.953 1795.09
412.201 1805
412.448 1814.94
412.695 1824.9
412.943 1834.89
413.19 1844.9
413.437 1854.93
413.685 1864.99
413.932 1875.08
414.18 1885.19
414.427 1895.33
414.675 1905.48
414.922 1915.67
415.169 1925.88
415.417 1936.11
415.664 1946.36
415.912 1956.64
416.159 1966.95
416.407 1977.28
416.654 1987.63
416.902 1998
417.149 2008.4
417.397 2018.82
417.644 2029.27
417.891 2039.74
418.139 2050.23
418.386 2060.74
418.634 2071.28
418.881 2081.84
419.129 2092.42
419.376 2103.03
419.624 2113.66
419.871 2124.31
420.119 2134.98
420.366 2145.68
420.614 2156.4
420.862 2167.14
421.109 2177.9
421.357 2188.68
421.604 2199.49
421.852 2210.32
422.099 2221.16
422.347 2232.03
422.594 2242.93
422.842 2253.84
423.089 2264.77
423.337 2275.73
423.585 2286.71
423.832 2297.7
424.08 2308.72
424.327 2319.76
424.575 2330.82
424.822 2341.9
425.07 2353
425.318 2364.12
425.565 2375.26
425.813 2386.42
426.06 2397.6
426.308 2408.81
426.556 2420.03
426.803 2431.27
427.051 2442.53
427.298 2453.8
427.546 2465.1
427.794 2476.42
428.041 2487.76
428.289 2499.11
428.537 2510.49
428.784 2521.88
429.032 2533.29
429.28 2544.72
429.527 2556.17
429.775 2567.64
430.023 2579.12
430.27 2590.63
430.518 2602.15
430.766 2613.69
431.013 2625.24
431.261 2636.82
431.509 2648.41
431.756 2660.02
432.004 2671.65
432.252 2683.29
432.499 2694.95
432.747 2706.63
432.995 2718.33
433.243 2730.04
433.49 2741.77
433.738 2753.51
433.986 2765.27
434.233 2777.05
434.481 2788.84
434.729 2800.65
434.977 2812.48
435.224 2824.32
435.472 2836.18
435.72 2848.05
435.968 2859.94
436.215 2871.84
436.463 2883.76
436.711 2895.69
436.959 2907.64
437.206 2919.6
437.454 2931.58
437.702 2943.58
437.95 2955.58
438.198 2967.6
438.445 2979.64
438.693 2991.69
438.941 3003.75
439.189 3015.83
439.436 3027.92
439.684 3040.03
439.932 3052.15
440.18 3064.28
440.428 3076.42
440.676 3088.58
440.923 3100.75
441.171 3112.94
441.419 3125.14
441.667 3137.35
441.915 3149.57
442.163 3161.8
442.41 3174.05
442.658 3186.31
442.906 3198.58
443.154 3210.86
443.402 3223.16
443.65 3235.47
443.898 3247.79
444.145 3260.11
444.393 3272.46
444.641 3284.81
444.889 3297.17
445.137 3309.55
445.385 3321.93
445.633 3334.33
445.881 3346.73
446.128 3359.15
446.376 3371.58
446.624 3384.01
446.872 3396.46
447.12 3408.92
447.368 3421.39
447.616 3433.86
447.864 3446.35
448.112 3458.85
448.36 3471.35
448.608 3483.87
448.856 3496.39
449.104 3508.92
449.351 3521.46
449.599 3534.01
449.847 3546.57
450.095 3559.14
450.343 3571.71
450.591 3584.3
450.839 3596.89
451.087 3609.49
451.335 3622.09
451.583 3634.71
451.831 3647.33
452.079 3659.96
452.327 3672.6
452.575 3685.24
452.823 3697.9
453.071 3710.55
453.319 3723.22
453.567 3735.89
453.815 3748.57
454.063 3761.25
454.311 3773.94
454.559 3786.64
454.807 3799.35
455.055 3812.05
455.303 3824.77
455.551 3837.49
455.799 3850.22
456.047 3862.95
456.295 3875.69
456.543 3888.43
456.791 3901.18
457.039 3913.93
457.287 3926.68
457.535 3939.45
457.783 3952.21
458.031 3964.98
458.28 3977.76
458.528 3990.54
458.776 4003.32
459.024 4016.11
459.272 4028.9
459.52 4041.69
459.768 4054.49
460.016 4067.29
460.264 4080.1
460.512 4092.91
460.76 4105.72
461.008 4118.53
461.257 4131.35
461.505 4144.17
461.753 4156.99
462.001 4169.81
462.249 4182.64
462.497 4195.47
462.745 4208.3
462.993 4221.13
463.241 4233.97
463.49 4246.8
463.738 4259.64
463.986 4272.48
464.234 4285.32
464.482 4298.16
464.73 4311.01
464.978 4323.85
465.227 4336.69
465.475 4349.54
465.723 4362.39
465.971 4375.23
466.219 4388.08
466.467 4400.93
466.715 4413.77
466.964 4426.62
467.212 4439.47
467.46 4452.31
467.708 4465.16
467.956 4478.01
468.205 4490.85
468.453 4503.69
468.701 4516.54
468.949 4529.38
469.197 4542.22
469.446 4555.06
469.694 4567.9
469.942 4580.74
470.19 4593.57
470.438 4606.41
470.687 4619.24
470.935 4632.07
471.183 4644.9
471.431 4657.72
471.679 4670.55
471.928 4683.37
472.176 4696.19
472.424 4709
472.672 4721.82
472.921 4734.63
473.169 4747.43
473.417 4760.24
473.665 4773.04
473.914 4785.84
474.162 4798.63
474.41 4811.42
474.658 4824.21
474.907 4836.99
475.155 4849.77
475.403 4862.55
475.652 4875.32
475.9 4888.08
476.148 4900.85
476.396 4913.6
476.645 4926.36
476.893 4939.1
477.141 4951.85
477.39 4964.59
477.638 4977.32
477.886 4990.05
478.134 5002.77
478.383 5015.49
478.631 5028.2
478.879 5040.91
479.128 5053.61
479.376 5066.3
479.624 5078.99
479.873 5091.67
480.121 5104.35
480.369 5117.02
480.618 5129.68
480.866 5142.34
481.114 5154.99
481.363 5167.63
481.611 5180.27
481.859 5192.9
482.108 5205.52
482.356 5218.14
482.604 5230.74
482.853 5243.34
483.101 5255.94
483.35 5268.52
483.598 5281.1
483.846 5293.67
484.095 5306.23
484.343 5318.79
484.591 5331.33
484.84 5343.87
485.088 5356.4
485.337 5368.92
485.585 5381.43
485.833 5393.94
486.082 5406.43
486.33 5418.92
486.579 5431.39
486.827 5443.86
487.075 5456.32
487.324 5468.77
487.572 5481.21
487.821 5493.64
488.069 5506.06
488.318 5518.47
488.566 5530.87
488.814 5543.26
489.063 5555.64
489.311 5568.01
489.56 5580.37
489.808 5592.73
490.057 5605.07
490.305 5617.39
490.553 5629.71
490.802 5642.02
491.05 5654.32
491.299 5666.61
491.547 5678.88
491.796 5691.14
492.044 5703.4
492.293 5715.64
492.541 5727.87
492.79 5740.09
493.038 5752.3
493.287 5764.49
493.535 5776.68
493.783 5788.85
494.032 5801.01
494.28 5813.15
494.529 5825.29
494.777 5837.41
495.026 5849.52
495.274 5861.62
495.523 5873.71
495.771 5885.78
496.02 5897.84
496.268 5909.89
496.517 5921.93
496.765 5933.95
497.014 5945.96
497.262 5957.95
497.511 5969.93
497.76 5981.9
498.008 5993.86
498.257 6005.8
498.505 6017.73
498.754 6029.64
499.002 6041.54
499.251 6053.43
499.499 6065.3
499.748 6077.16
499.996 6089.01
500.245 6100.84
500.493 6112.65
500.742 6124.46
500.991 6136.24
501.239 6148.02
501.488 6159.77
501.736 6171.52
501.985 6183.25
502.233 6194.96
502.482 6206.66
502.731 6218.34
502.979 6230.01
503.228 6241.66
503.476 6253.3
503.725 6264.92
503.973 6276.53
504.222 6288.12
504.471 6299.69
504.719 6311.25
504.968 6322.8
505.216 6334.32
505.465 6345.84
505.714 6357.33
505.962 6368.81
506.211 6380.27
506.459 6391.72
506.708 6403.15
506.957 6414.57
507.205 6425.96
507.454 6437.34
507.703 6448.71
507.951 6460.06
508.2 6471.39
508.448 6482.7
508.697 6494
508.946 6505.28
509.194 6516.54
509.443 6527.79
509.692 6539.01
509.94 6550.22
510.189 6561.42
510.438 6572.59
510.686 6583.75
510.935 6594.89
511.183 6606.01
511.432 6617.12
511.681 6628.21
511.929 6639.28
512.178 6650.33
512.427 6661.36
512.675 6672.38
512.924 6683.37
513.173 6694.35
513.421 6705.31
513.67 6716.25
513.919 6727.18
514.168 6738.08
514.416 6748.97
514.665 6759.83
514.914 6770.68
515.162 6781.51
515.411 6792.32
515.66 6803.11
515.908 6813.89
516.157 6824.64
516.406 6835.38
516.655 6846.09
516.903 6856.79
517.152 6867.46
517.401 6878.12
517.649 6888.76
517.898 6899.38
518.147 6909.98
518.396 6920.56
518.644 6931.12
518.893 6941.66
519.142 6952.18
519.39 6962.68
519.639 6973.16
519.888 6983.62
520.137 6994.06
520.385 7004.48
520.634 7014.88
520.883 7025.26
521.132 7035.61
521.38 7045.95
521.629 7056.27
521.878 7066.57
522.127 7076.85
522.375 7087.1
522.624 7097.34
522.873 7107.56
523.122 7117.75
523.37 7127.92
523.619 7138.08
523.868 7148.21
524.117 7158.32
524.366 7168.41
524.614 7178.48
524.863 7188.53
525.112 7198.56
525.361 7208.56
525.609 7218.55
525.858 7228.51
526.107 7238.45
526.356 7248.37
526.605 7258.27
526.853 7268.15
527.102 7278
527.351 7287.84
527.6 7297.65
527.849 7307.44
528.097 7317.21
528.346 7326.96
528.595 7336.68
528.844 7346.39
529.093 7356.07
529.341 7365.73
529.59 7375.37
529.839 7384.98
530.088 7394.57
530.337 7404.15
530.586 7413.69
530.834 7423.22
531.083 7432.73
531.332 7442.21
531.581 7451.67
531.83 7461.1
532.079 7470.52
532.327 7479.91
532.576 7489.28
532.825 7498.63
533.074 7507.95
533.323 7517.26
533.572 7526.53
533.821 7535.79
534.069 7545.02
534.318 7554.24
534.567 7563.42
534.816 7572.59
535.065 7581.73
535.314 7590.85
535.563 7599.94
535.811 7609.02
536.06 7618.07
536.309 7627.09
536.558 7636.1
536.807 7645.08
537.056 7654.04
537.305 7662.97
537.554 7671.88
537.802 7680.77
538.051 7689.63
538.3 7698.47
538.549 7707.29
538.798 7716.08
539.047 7724.85
539.296 7733.6
539.545 7742.32
539.794 7751.02
540.042 7759.7
540.291 7768.35
540.54 7776.98
540.789 7785.58
541.038 7794.16
541.287 7802.72
541.536 7811.25
541.785 7819.76
542.034 7828.25
542.283 7836.71
542.532 7845.14
542.781 7853.56
543.029 7861.95
543.278 7870.31
543.527 7878.65
543.776 7886.97
544.025 7895.27
544.274 7903.53
544.523 7911.78
544.772 7920
545.021 7928.2
545.27 7936.37
545.519 7944.52
545.768 7952.64
546.017 7960.74
546.266 7968.82
546.515 7976.87
546.763 7984.89
547.012 7992.9
547.261 8000.87
547.51 8008.83
547.759 8016.76
548.008 8024.66
548.257 8032.54
548.506 8040.4
548.755 8048.23
549.004 8056.03
549.253 8063.82
549.502 8071.57
549.751 8079.31
550 8087.01
550.249 8094.7
550.498 8102.36
550.747 8109.99
550.996 8117.6
551.245 8125.18
551.494 8132.74
551.743 8140.28
551.992 8147.79
552.241 8155.27
552.49 8162.73
552.739 8170.17
552.988 8177.58
553.237 8184.97
553.486 8192.33
553.735 8199.67
553.984 8206.98
554.233 8214.26
554.482 8221.53
554.731 8228.76
554.98 8235.97
555.229 8243.16
555.478 8250.32
555.727 8257.46
555.976 8264.57
556.225 8271.66
556.474 8278.72
556.723 8285.76
556.972 8292.77
557.221 8299.76
557.47 8306.72
557.719 8313.65
557.968 8320.57
558.217 8327.45
558.466 8334.31
558.715 8341.15
558.964 8347.96
559.213 8354.75
559.462 8361.51
559.711 8368.24
559.96 8374.95
560.209 8381.64
560.458 8388.3
560.707 8394.93
560.956 8401.54
561.205 8408.13
561.454 8414.69
561.704 8421.22
561.953 8427.73
562.202 8434.21
562.451 8440.67
562.7 8447.11
562.949 8453.51
563.198 8459.9
563.447 8466.25
563.696 8472.59
563.945 8478.89
564.194 8485.18
564.443 8491.43
564.692 8497.66
564.941 8503.87
565.19 8510.05
565.439 8516.21
565.689 8522.34
565.938 8528.44
566.187 8534.52
566.436 8540.58
566.685 8546.61
566.934 8552.61
567.183 8558.59
567.432 8564.54
567.681 8570.47
567.93 8576.38
568.179 8582.25
568.428 8588.11
568.677 8593.93
568.927 8599.74
569.176 8605.51
569.425 8611.26
569.674 8616.99
569.923 8622.69
570.172 8628.37
570.421 8634.02
570.67 8639.64
570.919 8645.24
571.168 8650.82
571.418 8656.37
571.667 8661.89
571.916 8667.39
572.165 8672.87
572.414 8678.32
572.663 8683.74
572.912 8689.14
573.161 8694.51
573.41 8699.86
573.66 8705.18
573.909 8710.48
574.158 8715.75
574.407 8721
574.656 8726.22
574.905 8731.42
575.154 8736.59
575.403 8741.74
575.652 8746.86
575.902 8751.96
576.151 8757.03
576.4 8762.07
576.649 8767.1
576.898 8772.09
577.147 8777.06
577.396 8782.01
577.646 8786.93
577.895 8791.83
578.144 8796.7
578.393 8801.54
578.642 8806.36
578.891 8811.16
579.14 8815.93
579.39 8820.68
579.639 8825.4
579.888 8830.09
580.137 8834.76
580.386 8839.41
580.635 8844.03
580.884 8848.63
581.134 8853.2
581.383 8857.75
581.632 8862.27
581.881 8866.76
582.13 8871.24
582.379 8875.68
582.628 8880.1
582.878 8884.5
583.127 8888.87
583.376 8893.22
583.625 8897.55
583.874 8901.84
584.123 8906.12
584.373 8910.37
584.622 8914.59
584.871 8918.79
585.12 8922.96
585.369 8927.11
585.618 8931.24
585.868 8935.34
586.117 8939.42
586.366 8943.47
586.615 8947.49
586.864 8951.5
587.114 8955.47
587.363 8959.43
587.612 8963.36
587.861 8967.26
588.11 8971.14
588.359 8975
588.609 8978.83
588.858 8982.63
589.107 8986.41
589.356 8990.17
589.605 8993.9
589.855 8997.61
590.104 9001.3
590.353 9004.96
590.602 9008.59
590.851 9012.21
591.101 9015.79
591.35 9019.36
591.599 9022.89
591.848 9026.41
592.097 9029.9
592.347 9033.37
592.596 9036.81
592.845 9040.23
593.094 9043.62
593.343 9046.99
593.593 9050.34
593.842 9053.66
594.091 9056.95
594.34 9060.23
594.589 9063.48
594.839 9066.7
595.088 9069.91
595.337 9073.08
595.586 9076.24
595.835 9079.37
596.085 9082.47
596.334 9085.56
596.583 9088.62
596.832 9091.65
597.082 9094.66
597.331 9097.65
597.58 9100.61
597.829 9103.55
598.078 9106.47
598.328 9109.36
598.577 9112.23
598.826 9115.08
599.075 9117.9
599.325 9120.7
599.574 9123.47
599.823 9126.22
600.072 9128.95
600.321 9131.66
600.571 9134.34
600.82 9136.99
601.069 9139.63
601.318 9142.24
601.568 9144.83
601.817 9147.39
602.066 9149.93
602.315 9152.45
602.565 9154.94
602.814 9157.42
603.063 9159.86
603.312 9162.29
603.562 9164.69
603.811 9167.07
604.06 9169.43
604.309 9171.76
604.558 9174.07
604.808 9176.36
605.057 9178.62
605.306 9180.86
605.555 9183.08
605.805 9185.28
606.054 9187.45
606.303 9189.6
606.552 9191.72
606.802 9193.83
607.051 9195.91
607.3 9197.97
607.549 9200
607.799 9202.02
608.048 9204.01
608.297 9205.98
608.546 9207.92
608.796 9209.85
609.045 9211.75
609.294 9213.62
609.544 9215.48
609.793 9217.31
610.042 9219.12
610.291 9220.91
610.541 9222.68
610.79 9224.42
611.039 9226.15
611.288 9227.84
611.538 9229.52
611.787 9231.18
612.036 9232.81
612.285 9234.42
612.535 9236.01
612.784 9237.58
613.033 9239.12
613.282 9240.64
613.532 9242.15
613.781 9243.62
614.03 9245.08
614.28 9246.52
614.529 9247.93
614.778 9249.32
615.027 9250.69
615.277 9252.04
615.526 9253.37
615.775 9254.67
616.024 9255.95
616.274 9257.21
616.523 9258.45
616.772 9259.67
617.022 9260.87
617.271 9262.04
617.52 9263.2
617.769 9264.33
618.019 9265.44
618.268 9266.53
618.517 9267.6
618.767 9268.65
619.016 9269.67
619.265 9270.68
619.514 9271.66
619.764 9272.62
620.013 9273.56
620.262 9274.48
620.512 9275.38
620.761 9276.26
621.01 9277.12
621.259 9277.95
621.509 9278.77
621.758 9279.56
622.007 9280.34
622.257 9281.09
622.506 9281.82
622.755 9282.53
623.004 9283.22
623.254 9283.89
623.503 9284.54
623.752 9285.17
624.002 9285.78
624.251 9286.37
624.5 9286.93
624.749 9287.48
624.999 9288
625.248 9288.51
625.497 9288.99
625.747 9289.46
625.996 9289.9
626.245 9290.33
626.495 9290.73
626.744 9291.12
626.993 9291.48
627.242 9291.82
627.492 9292.15
627.741 9292.45
627.99 9292.73
628.24 9292.99
628.489 9293.24
628.738 9293.46
628.987 9293.66
629.237 9293.85
629.486 9294.01
629.735 9294.16
629.985 9294.28
630.234 9294.38
630.483 9294.47
630.733 9294.53
630.982 9294.58
631.231 9294.61
631.481 9294.61
631.73 9294.6
631.979 9294.57
632.228 9294.52
632.478 9294.44
632.727 9294.35
632.976 9294.24
633.226 9294.12
633.475 9293.97
633.724 9293.8
633.974 9293.61
634.223 9293.41
634.472 9293.18
634.721 9292.94
634.971 9292.67
635.22 9292.39
635.469 9292.09
635.719 9291.77
635.968 9291.43
636.217 9291.08
636.467 9290.7
636.716 9290.3
636.965 9289.89
637.215 9289.46
637.464 9289.01
637.713 9288.54
637.962 9288.05
638.212 9287.54
638.461 9287.02
638.71 9286.47
638.96 9285.91
639.209 9285.33
639.458 9284.73
639.708 9284.11
639.957 9283.48
640.206 9282.82
640.456 9282.15
640.705 9281.46
640.954 9280.75
641.204 9280.02
641.453 9279.28
641.702 9278.52
641.951 9277.74
642.201 9276.94
642.45 9276.12
642.699 9275.29
642.949 9274.44
643.198 9273.57
643.447 9272.68
643.697 9271.77
643.946 9270.85
644.195 9269.91
644.445 9268.95
644.694 9267.97
644.943 9266.98
645.193 9265.97
645.442 9264.94
645.691 9263.9
645.941 9262.83
646.19 9261.75
646.439 9260.65
646.688 9259.54
646.938 9258.41
647.187 9257.26
647.436 9256.09
647.686 9254.91
647.935 9253.71
648.184 9252.49
648.434 9251.25
648.683 9250
648.932 9248.73
649.182 9247.45
649.431 9246.15
649.68 9244.83
649.93 9243.49
650.179 9242.14
650.428 9240.77
650.677 9239.38
650.927 9237.98
651.176 9236.56
651.425 9235.12
651.675 9233.67
651.924 9232.2
652.173 9230.72
652.423 9229.22
652.672 9227.7
652.921 9226.16
653.171 9224.61
653.42 9223.05
653.669 9221.46
653.919 9219.86
654.168 9218.25
654.417 9216.62
654.667 9214.97
654.916 9213.31
655.165 9211.63
655.414 9209.93
655.664 9208.22
655.913 9206.49
656.162 9204.75
656.412 9202.99
656.661 9201.22
656.91 9199.43
657.16 9197.62
657.409 9195.8
657.658 9193.96
657.908 9192.11
658.157 9190.24
658.406 9188.36
658.656 9186.46
658.905 9184.55
659.154 9182.62
659.404 9180.67
659.653 9178.71
659.902 9176.74
660.151 9174.74
660.401 9172.74
660.65 9170.72
660.899 9168.68
661.149 9166.63
661.398 9164.56
661.647 9162.48
661.897 9160.39
662.146 9158.28
662.395 9156.15
662.645 9154.01
662.894 9151.85
663.143 9149.68
663.392 9147.5
663.642 9145.3
663.891 9143.09
664.14 9140.86
664.39 9138.61
664.639 9136.36
664.888 9134.08
665.138 9131.8
665.387 9129.5
665.636 9127.18
665.886 9124.85
666.135 9122.51
666.384 9120.15
666.634 9117.78
666.883 9115.39
667.132 9112.99
667.381 9110.57
667.631 9108.15
667.88 9105.7
668.129 9103.25
668.379 9100.77
668.628 9098.29
668.877 9095.79
669.127 9093.28
669.376 9090.75
669.625 9088.21
669.874 9085.66
670.124 9083.09
670.373 9080.51
670.622 9077.91
670.872 9075.31
671.121 9072.68
671.37 9070.05
671.62 9067.4
671.869 9064.74
672.118 9062.06
672.367 9059.37
672.617 9056.67
672.866 9053.96
673.115 9051.23
673.365 9048.49
673.614 9045.73
673.863 9042.96
674.113 9040.18
674.362 9037.39
674.611 9034.58
674.86 9031.76
675.11 9028.93
675.359 9026.08
675.608 9023.22
675.858 9020.35
676.107 9017.47
676.356 9014.57
676.606 9011.66
676.855 9008.74
677.104 9005.8
677.353 9002.85
677.603 8999.89
677.852 8996.92
678.101 8993.93
678.351 8990.94
678.6 8987.93
678.849 8984.9
679.098 8981.87
679.348 8978.82
679.597 8975.76
679.846 8972.69
680.096 8969.61
680.345 8966.51
680.594 8963.4
680.843 8960.28
681.093 8957.15
681.342 8954.01
681.591 8950.85
681.841 8947.68
682.09 8944.5
682.339 8941.31
682.588 8938.11
682.838 8934.89
683.087 8931.66
683.336 8928.43
683.586 8925.18
683.835 8921.91
684.084 8918.64
684.333 8915.35
684.583 8912.06
684.832 8908.75
685.081 8905.43
685.33 8902.1
685.58 8898.76
685.829 8895.4
686.078 8892.04
686.328 8888.66
686.577 8885.27
686.826 8881.87
687.075 8878.46
687.325 8875.04
687.574 8871.61
687.823 8868.17
688.072 8864.71
688.322 8861.25
688.571 8857.77
688.82 8854.28
689.07 8850.78
689.319 8847.28
689.568 8843.76
689.817 8840.23
690.067 8836.68
690.316 8833.13
690.565 8829.57
690.814 8826
691.064 8822.41
691.313 8818.82
691.562 8815.21
691.811 8811.6
692.061 8807.97
692.31 8804.34
692.559 8800.69
692.808 8797.03
693.058 8793.36
693.307 8789.69
693.556 8786
693.805 8782.3
694.055 8778.59
694.304 8774.88
694.553 8771.15
694.802 8767.41
695.052 8763.66
695.301 8759.9
695.55 8756.13
695.799 8752.35
696.049 8748.57
696.298 8744.77
696.547 8740.96
696.796 8737.14
697.046 8733.32
697.295 8729.48
697.544 8725.63
697.793 8721.77
698.043 8717.91
698.292 8714.03
698.541 8710.15
698.79 8706.25
699.04 8702.35
699.289 8698.43
699.538 8694.51
699.787 8690.58
700.037 8686.64
700.286 8682.69
700.535 8678.73
700.784 8674.76
701.033 8670.78
701.283 8666.79
701.532 8662.79
701.781 8658.79
702.03 8654.77
702.28 8650.75
702.529 8646.71
702.778 8642.67
703.027 8638.62
703.276 8634.56
703.526 8630.49
703.775 8626.41
704.024 8622.33
704.273 8618.23
704.523 8614.13
704.772 8610.01
705.021 8605.89
705.27 8601.76
705.519 8597.62
705.769 8593.48
706.018 8589.32
706.267 8585.16
706.516 8580.98
706.765 8576.8
707.015 8572.61
707.264 8568.41
707.513 8564.21
707.762 8559.99
708.011 8555.77
708.261 8551.54
708.51 8547.3
708.759 8543.05
709.008 8538.8
709.258 8534.53
709.507 8530.26
709.756 8525.98
710.005 8521.69
710.254 8517.4
710.503 8513.09
710.753 8508.78
711.002 8504.46
711.251 8500.13
711.5 8495.8
711.749 8491.45
711.999 8487.1
712.248 8482.74
712.497 8478.38
712.746 8474
712.995 8469.62
713.245 8465.23
713.494 8460.84
713.743 8456.43
713.992 8452.02
714.241 8447.6
714.49 8443.17
714.74 8438.74
714.989 8434.3
715.238 8429.85
715.487 8425.39
715.736 8420.93
715.986 8416.46
716.235 8411.98
716.484 8407.49
716.733 8403
716.982 8398.5
717.231 8394
717.481 8389.48
717.73 8384.96
717.979 8380.43
718.228 8375.9
718.477 8371.36
718.726 8366.81
718.975 8362.25
719.225 8357.69
719.474 8353.12
719.723 8348.55
719.972 8343.96
720.221 8339.37
720.47 8334.78
720.72 8330.17
720.969 8325.56
721.218 8320.95
721.467 8316.33
721.716 8311.7
721.965 8307.06
722.214 8302.42
722.464 8297.77
722.713 8293.11
722.962 8288.45
723.211 8283.78
723.46 8279.11
723.709 8274.43
723.958 8269.74
724.208 8265.05
724.457 8260.35
724.706 8255.64
724.955 8250.93
725.204 8246.21
725.453 8241.49
725.702 8236.76
725.951 8232.02
726.201 8227.28
726.45 8222.53
726.699 8217.78
726.948 8213.02
727.197 8208.25
727.446 8203.48
727.695 8198.7
727.944 8193.92
728.193 8189.13
728.443 8184.33
728.692 8179.53
728.941 8174.73
729.19 8169.91
729.439 8165.1
729.688 8160.27
729.937 8155.44
730.186 8150.61
730.435 8145.77
730.685 8140.92
730.934 8136.07
731.183 8131.21
731.432 8126.35
731.681 8121.48
731.93 8116.61
732.179 8111.73
732.428 8106.85
732.677 8101.96
732.926 8097.07
733.175 8092.17
733.425 8087.26
733.674 8082.35
733.923 8077.44
734.172 8072.52
734.421 8067.59
734.67 8062.66
734.919 8057.73
735.168 8052.79
735.417 8047.84
735.666 8042.89
735.915 8037.93
736.164 8032.97
736.413 8028.01
736.662 8023.04
736.912 8018.06
737.161 8013.09
737.41 8008.1
737.659 8003.11
737.908 7998.12
738.157 7993.12
738.406 7988.12
738.655 7983.11
738.904 7978.1
739.153 7973.08
739.402 7968.06
739.651 7963.03
739.9 7958
740.149 7952.97
740.398 7947.93
740.647 7942.88
740.896 7937.83
741.145 7932.78
741.394 7927.72
741.643 7922.66
741.893 7917.6
742.142 7912.53
742.391 7907.45
742.64 7902.37
742.889 7897.29
743.138 7892.2
743.387 7887.11
743.636 7882.02
743.885 7876.92
744.134 7871.81
744.383 7866.71
744.632 7861.6
744.881 7856.48
745.13 7851.36
745.379 7846.24
745.628 7841.11
745.877 7835.98
746.126 7830.84
746.375 7825.7
746.624 7820.56
746.873 7815.41
747.122 7810.26
747.371 7805.11
747.62 7799.95
747.869 7794.79
748.118 7789.63
748.367 7784.46
748.616 7779.28
748.865 7774.11
749.114 7768.93
749.363 7763.74
749.612 7758.56
749.861 7753.37
750.11 7748.17
750.359 7742.98
750.608 7737.78
750.857 7732.57
751.106 7727.36
751.355 7722.15
751.604 7716.94
751.853 7711.72
752.102 7706.5
752.351 7701.28
752.599 7696.05
752.848 7690.82
753.097 7685.58
753.346 7680.35
753.595 7675.11
753.844 7669.86
754.093 7664.62
754.342 7659.37
754.591 7654.11
754.84 7648.86
755.089 7643.6
755.338 7638.34
755.587 7633.07
755.836 7627.81
756.085 7622.54
756.334 7617.26
756.583 7611.99
756.832 7606.71
757.081 7601.42
757.329 7596.14
757.578 7590.85
757.827 7585.56
758.076 7580.27
758.325 7574.97
758.574 7569.67
758.823 7564.37
759.072 7559.07
759.321 7553.76
759.57 7548.45
759.819 7543.14
760.068 7537.83
760.317 7532.51
760.565 7527.19
760.814 7521.87
761.063 7516.54
761.312 7511.22
761.561 7505.89
761.81 7500.56
762.059 7495.22
762.308 7489.89
762.557 7484.55
762.806 7479.21
763.054 7473.86
763.303 7468.52
763.552 7463.17
763.801 7457.82
764.05 7452.46
764.299 7447.11
764.548 7441.75
764.797 7436.39
765.045 7431.03
765.294 7425.67
765.543 7420.3
765.792 7414.94
766.041 7409.57
766.29 7404.19
766.539 7398.82
766.787 7393.45
767.036 7388.07
767.285 7382.69
767.534 7377.31
767.783 7371.92
768.032 7366.54
768.281 7361.15
768.529 7355.76
768.778 7350.37
769.027 7344.98
769.276 7339.58
769.525 7334.19
769.774 7328.79
770.022 7323.39
770.271 7317.99
770.52 7312.58
770.769 7307.18
771.018 7301.77
771.267 7296.36
771.515 7290.95
771.764 7285.54
772.013 7280.13
772.262 7274.71
772.511 7269.3
772.76 7263.88
773.008 7258.46
773.257 7253.04
773.506 7247.62
773.755 7242.19
774.004 7236.77
774.252 7231.34
774.501 7225.91
774.75 7220.48
774.999 7215.05
775.248 7209.62
775.496 7204.19
775.745 7198.75
775.994 7193.32
776.243 7187.88
776.491 7182.44
776.74 7177
776.989 7171.56
777.238 7166.12
777.487 7160.68
777.735 7155.23
777.984 7149.79
778.233 7144.34
778.482 7138.89
778.73 7133.44
778.979 7127.99
779.228 7122.54
779.477 7117.09
779.725 7111.64
779.974 7106.18
780.223 7100.73
780.472 7095.27
780.72 7089.82
780.969 7084.36
781.218 7078.9
781.467 7073.44
781.715 7067.98
781.964 7062.52
782.213 7057.06
782.462 7051.59
782.71 7046.13
782.959 7040.67
783.208 7035.2
783.456 7029.74
783.705 7024.27
783.954 7018.8
784.203 7013.33
784.451 7007.87
784.7 7002.4
784.949 6996.93
785.197 6991.46
785.446 6985.98
785.695 6980.51
785.944 6975.04
786.192 6969.57
786.441 6964.09
786.69 6958.62
786.938 6953.15
787.187 6947.67
787.436 6942.2
787.684 6936.72
787.933 6931.24
788.182 6925.77
788.43 6920.29
788.679 6914.81
788.928 6909.33
789.176 6903.86
789.425 6898.38
789.674 6892.9
789.922 6887.42
790.171 6881.94
790.42 6876.46
790.668 6870.98
790.917 6865.5
791.166 6860.02
791.414 6854.54
791.663 6849.06
791.912 6843.58
792.16 6838.09
792.409 6832.61
792.658 6827.13
792.906 6821.65
793.155 6816.17
793.403 6810.69
793.652 6805.2
793.901 6799.72
794.149 6794.24
794.398 6788.76
794.647 6783.27
794.895 6777.79
795.144 6772.31
795.392 6766.83
795.641 6761.35
795.89 6755.86
796.138 6750.38
796.387 6744.9
796.635 6739.42
796.884 6733.94
797.133 6728.46
797.381 6722.97
797.63 6717.49
797.878 6712.01
798.127 6706.53
798.375 6701.05
798.624 6695.57
798.873 6690.09
799.121 6684.61
799.37 6679.13
799.618 6673.65
799.867 6668.17
800.115 6662.69
800.364 6657.21
800.613 6651.74
800.861 6646.26
801.11 6640.78
801.358 6635.3
801.607 6629.83
801.855 6624.35
802.104 6618.88
802.352 6613.4
802.601 6607.92
802.849 6602.45
803.098 6596.98
803.347 6591.5
803.595 6586.03
803.844 6580.56
804.092 6575.09
804.341 6569.61
804.589 6564.14
804.838 6558.67
