633.914 149.055
633.93 149.059
633.945 149.062
633.961 149.066
633.977 149.069
633.993 149.073
634.009 149.076
634.025 149.08
634.041 149.083
634.057 149.087
634.073 149.09
634.089 149.093
634.105 149.097
634.121 149.1
634.137 149.104
634.153 149.107
634.169 149.111
634.185 149.114
634.2 149.118
634.216 149.121
634.232 149.125
634.248 149.128
634.264 149.131
634.28 149.135
634.296 149.138
634.312 149.142
634.328 149.145
634.344 149.149
634.36 149.152
634.376 149.155
634.392 149.159
634.408 149.162
634.424 149.166
634.44 149.169
634.456 149.173
634.471 149.176
634.487 149.179
634.503 149.183
634.519 149.186
634.535 149.19
634.551 149.193
634.567 149.196
634.583 149.2
634.599 149.203
634.615 149.207
634.631 149.21
634.647 149.214
634.663 149.217
634.679 149.22
634.695 149.224
634.711 149.227
634.726 149.23
634.742 149.234
634.758 149.237
634.774 149.241
634.79 149.244
634.806 149.247
634.822 149.251
634.838 149.254
634.854 149.258
634.87 149.261
634.886 149.264
634.902 149.268
634.918 149.271
634.934 149.274
634.95 149.278
634.966 149.281
634.981 149.285
634.997 149.288
635.013 149.291
635.029 149.295
635.045 149.298
635.061 149.301
635.077 149.305
635.093 149.308
635.109 149.311
635.125 149.315
635.141 149.318
635.157 149.321
635.173 149.325
635.189 149.328
635.205 149.332
635.22 149.335
635.236 149.338
635.252 149.342
635.268 149.345
635.284 149.348
635.3 149.352
635.316 149.355
635.332 149.358
635.348 149.362
635.364 149.365
635.38 149.368
635.396 149.371
635.412 149.375
635.428 149.378
635.444 149.381
635.459 149.385
635.475 149.388
635.491 149.391
635.507 149.395
635.523 149.398
635.539 149.401
635.555 149.405
635.571 149.408
635.587 149.411
635.603 149.415
635.619 149.418
635.635 149.421
635.651 149.424
635.667 149.428
635.683 149.431
635.698 149.434
635.714 149.438
635.73 149.441
635.746 149.444
635.762 149.447
635.778 149.451
635.794 149.454
635.81 149.457
635.826 149.461
635.842 149.464
635.858 149.467
635.874 149.47
635.89 149.474
635.906 149.477
635.922 149.48
635.937 149.484
635.953 149.487
635.969 149.49
635.985 149.493
636.001 149.497
636.017 149.5
636.033 149.503
636.049 149.506
636.065 149.51
636.081 149.513
636.097 149.516
636.113 149.519
636.129 149.523
636.145 149.526
636.16 149.529
636.176 149.532
636.192 149.536
636.208 149.539
636.224 149.542
636.24 149.545
636.256 149.549
636.272 149.552
636.288 149.555
636.304 149.558
636.32 149.561
636.336 149.565
636.352 149.568
636.368 149.571
636.383 149.574
636.399 149.578
636.415 149.581
636.431 149.584
636.447 149.587
636.463 149.59
636.479 149.594
636.495 149.597
636.511 149.6
636.527 149.603
636.543 149.606
636.559 149.61
636.575 149.613
636.591 149.616
636.606 149.619
636.622 149.622
636.638 149.626
636.654 149.629
636.67 149.632
636.686 149.635
636.702 149.638
636.718 149.642
636.734 149.645
636.75 149.648
636.766 149.651
636.782 149.654
636.798 149.658
636.813 149.661
636.829 149.664
636.845 149.667
636.861 149.67
636.877 149.673
636.893 149.677
636.909 149.68
636.925 149.683
636.941 149.686
636.957 149.689
636.973 149.692
636.989 149.696
637.005 149.699
637.021 149.702
637.036 149.705
637.052 149.708
637.068 149.711
637.084 149.714
637.1 149.718
637.116 149.721
637.132 149.724
637.148 149.727
637.164 149.73
637.18 149.733
637.196 149.736
637.212 149.74
637.228 149.743
637.243 149.746
637.259 149.749
637.275 149.752
637.291 149.755
637.307 149.758
637.323 149.762
637.339 149.765
637.355 149.768
637.371 149.771
637.387 149.774
637.403 149.777
637.419 149.78
637.435 149.783
637.45 149.786
637.466 149.79
637.482 149.793
637.498 149.796
637.514 149.799
637.53 149.802
637.546 149.805
637.562 149.808
637.578 149.811
637.594 149.814
637.61 149.817
637.626 149.821
637.642 149.824
637.657 149.827
637.673 149.83
637.689 149.833
637.705 149.836
637.721 149.839
637.737 149.842
637.753 149.845
637.769 149.848
637.785 149.851
637.801 149.854
637.817 149.858
637.833 149.861
637.848 149.864
637.864 149.867
637.88 149.87
637.896 149.873
637.912 149.876
637.928 149.879
637.944 149.882
637.96 149.885
637.976 149.888
637.992 149.891
638.008 149.894
638.024 149.897
638.04 149.9
638.055 149.903
638.071 149.907
638.087 149.91
638.103 149.913
638.119 149.916
638.135 149.919
638.151 149.922
638.167 149.925
638.183 149.928
638.199 149.931
638.215 149.934
638.231 149.937
638.246 149.94
638.262 149.943
638.278 149.946
638.294 149.949
638.31 149.952
638.326 149.955
638.342 149.958
638.358 149.961
638.374 149.964
638.39 149.967
638.406 149.97
638.422 149.973
638.437 149.976
638.453 149.979
638.469 149.982
638.485 149.985
638.501 149.988
638.517 149.991
638.533 149.994
638.549 149.997
638.565 150
638.581 150.003
638.597 150.006
638.613 150.009
638.628 150.012
638.644 150.015
638.66 150.018
638.676 150.021
638.692 150.024
638.708 150.027
638.724 150.03
638.74 150.033
638.756 150.036
638.772 150.039
638.788 150.042
638.804 150.045
638.819 150.048
638.835 150.051
638.851 150.054
638.867 150.057
638.883 150.06
638.899 150.063
638.915 150.066
638.931 150.069
638.947 150.072
638.963 150.075
638.979 150.078
638.995 150.081
639.01 150.084
639.026 150.086
639.042 150.089
639.058 150.092
639.074 150.095
639.09 150.098
639.106 150.101
639.122 150.104
639.138 150.107
639.154 150.11
639.17 150.113
639.185 150.116
639.201 150.119
639.217 150.122
639.233 150.125
639.249 150.128
639.265 150.131
639.281 150.133
639.297 150.136
639.313 150.139
639.329 150.142
639.345 150.145
639.36 150.148
639.376 150.151
639.392 150.154
639.408 150.157
639.424 150.16
639.44 150.163
639.456 150.166
639.472 150.168
639.488 150.171
639.504 150.174
639.52 150.177
639.536 150.18
639.551 150.183
639.567 150.186
639.583 150.189
639.599 150.192
639.615 150.195
639.631 150.197
639.647 150.2
639.663 150.203
639.679 150.206
639.695 150.209
639.711 150.212
639.726 150.215
639.742 150.218
639.758 150.22
639.774 150.223
639.79 150.226
639.806 150.229
639.822 150.232
639.838 150.235
639.854 150.238
639.87 150.241
639.886 150.243
639.901 150.246
639.917 150.249
639.933 150.252
639.949 150.255
639.965 150.258
639.981 150.261
639.997 150.263
640.013 150.266
640.029 150.269
640.045 150.272
640.061 150.275
640.076 150.278
640.092 150.28
640.108 150.283
640.124 150.286
640.14 150.289
640.156 150.292
640.172 150.295
640.188 150.298
640.204 150.3
640.22 150.303
640.235 150.306
640.251 150.309
640.267 150.312
640.283 150.314
640.299 150.317
640.315 150.32
640.331 150.323
640.347 150.326
640.363 150.329
640.379 150.331
640.395 150.334
640.41 150.337
640.426 150.34
640.442 150.343
640.458 150.345
640.474 150.348
640.49 150.351
640.506 150.354
640.522 150.357
640.538 150.359
640.554 150.362
640.57 150.365
640.585 150.368
640.601 150.371
640.617 150.373
640.633 150.376
640.649 150.379
640.665 150.382
640.681 150.385
640.697 150.387
640.713 150.39
640.729 150.393
640.744 150.396
640.76 150.398
640.776 150.401
640.792 150.404
640.808 150.407
640.824 150.41
640.84 150.412
640.856 150.415
640.872 150.418
640.888 150.421
640.903 150.423
640.919 150.426
640.935 150.429
640.951 150.432
640.967 150.434
640.983 150.437
640.999 150.44
641.015 150.443
641.031 150.445
641.047 150.448
641.063 150.451
641.078 150.454
641.094 150.456
641.11 150.459
641.126 150.462
641.142 150.465
641.158 150.467
641.174 150.47
641.19 150.473
641.206 150.475
641.222 150.478
641.237 150.481
641.253 150.484
641.269 150.486
641.285 150.489
641.301 150.492
641.317 150.495
641.333 150.497
641.349 150.5
641.365 150.503
641.381 150.505
641.396 150.508
641.412 150.511
641.428 150.514
641.444 150.516
641.46 150.519
641.476 150.522
641.492 150.524
641.508 150.527
641.524 150.53
641.54 150.532
641.555 150.535
641.571 150.538
641.587 150.541
641.603 150.543
641.619 150.546
641.635 150.549
641.651 150.551
641.667 150.554
641.683 150.557
641.699 150.559
641.714 150.562
641.73 150.565
641.746 150.567
641.762 150.57
641.778 150.573
641.794 150.575
641.81 150.578
641.826 150.581
641.842 150.583
641.857 150.586
641.873 150.589
641.889 150.591
641.905 150.594
641.921 150.597
641.937 150.599
641.953 150.602
641.969 150.605
641.985 150.607
642.001 150.61
642.016 150.613
642.032 150.615
642.048 150.618
642.064 150.621
642.08 150.623
642.096 150.626
642.112 150.628
642.128 150.631
642.144 150.634
642.16 150.636
642.175 150.639
642.191 150.642
642.207 150.644
642.223 150.647
642.239 150.649
642.255 150.652
642.271 150.655
642.287 150.657
642.303 150.66
642.318 150.663
642.334 150.665
642.35 150.668
642.366 150.67
642.382 150.673
642.398 150.676
642.414 150.678
642.43 150.681
642.446 150.683
642.462 150.686
642.477 150.689
642.493 150.691
642.509 150.694
642.525 150.696
642.541 150.699
642.557 150.702
642.573 150.704
642.589 150.707
642.605 150.709
642.62 150.712
642.636 150.715
642.652 150.717
642.668 150.72
642.684 150.722
642.7 150.725
642.716 150.728
642.732 150.73
642.748 150.733
642.763 150.735
642.779 150.738
642.795 150.74
642.811 150.743
642.827 150.746
642.843 150.748
642.859 150.751
642.875 150.753
642.891 150.756
642.906 150.758
642.922 150.761
642.938 150.763
642.954 150.766
642.97 150.769
642.986 150.771
643.002 150.774
643.018 150.776
643.034 150.779
643.05 150.781
643.065 150.784
643.081 150.786
643.097 150.789
643.113 150.791
643.129 150.794
643.145 150.797
643.161 150.799
643.177 150.802
643.193 150.804
643.208 150.807
643.224 150.809
643.24 150.812
643.256 150.814
643.272 150.817
643.288 150.819
643.304 150.822
643.32 150.824
643.336 150.827
643.351 150.829
643.367 150.832
643.383 150.834
643.399 150.837
643.415 150.839
643.431 150.842
643.447 150.844
643.463 150.847
643.479 150.849
643.494 150.852
643.51 150.854
643.526 150.857
643.542 150.859
643.558 150.862
643.574 150.864
643.59 150.867
643.606 150.869
643.621 150.872
643.637 150.874
643.653 150.877
643.669 150.879
643.685 150.882
643.701 150.884
643.717 150.887
643.733 150.889
643.749 150.892
643.764 150.894
643.78 150.897
643.796 150.899
643.812 150.902
643.828 150.904
643.844 150.907
643.86 150.909
643.876 150.911
643.892 150.914
643.907 150.916
643.923 150.919
643.939 150.921
643.955 150.924
643.971 150.926
643.987 150.929
644.003 150.931
644.019 150.934
644.035 150.936
644.05 150.938
644.066 150.941
644.082 150.943
644.098 150.946
644.114 150.948
644.13 150.951
644.146 150.953
644.162 150.956
644.177 150.958
644.193 150.96
644.209 150.963
644.225 150.965
644.241 150.968
644.257 150.97
644.273 150.973
644.289 150.975
644.305 150.977
644.32 150.98
644.336 150.982
644.352 150.985
644.368 150.987
644.384 150.989
644.4 150.992
644.416 150.994
644.432 150.997
644.447 150.999
644.463 151.001
644.479 151.004
644.495 151.006
644.511 151.009
644.527 151.011
644.543 151.013
644.559 151.016
644.575 151.018
644.59 151.021
644.606 151.023
644.622 151.025
644.638 151.028
644.654 151.03
644.67 151.033
644.686 151.035
644.702 151.037
644.717 151.04
644.733 151.042
644.749 151.044
644.765 151.047
644.781 151.049
644.797 151.052
644.813 151.054
644.829 151.056
644.844 151.059
644.86 151.061
644.876 151.063
644.892 151.066
644.908 151.068
644.924 151.07
644.94 151.073
644.956 151.075
644.972 151.078
644.987 151.08
645.003 151.082
645.019 151.085
645.035 151.087
645.051 151.089
645.067 151.092
645.083 151.094
645.099 151.096
645.114 151.099
645.13 151.101
645.146 151.103
645.162 151.106
645.178 151.108
645.194 151.11
645.21 151.113
645.226 151.115
645.241 151.117
645.257 151.12
645.273 151.122
645.289 151.124
645.305 151.127
645.321 151.129
645.337 151.131
645.353 151.134
645.368 151.136
645.384 151.138
645.4 151.141
645.416 151.143
645.432 151.145
645.448 151.147
645.464 151.15
645.48 151.152
645.495 151.154
645.511 151.157
645.527 151.159
645.543 151.161
645.559 151.164
645.575 151.166
645.591 151.168
645.607 151.17
645.622 151.173
645.638 151.175
645.654 151.177
645.67 151.18
645.686 151.182
645.702 151.184
645.718 151.186
645.734 151.189
645.749 151.191
645.765 151.193
645.781 151.196
645.797 151.198
645.813 151.2
645.829 151.202
645.845 151.205
645.861 151.207
645.876 151.209
645.892 151.211
645.908 151.214
645.924 151.216
645.94 151.218
645.956 151.22
645.972 151.223
645.988 151.225
646.003 151.227
646.019 151.229
646.035 151.232
646.051 151.234
646.067 151.236
646.083 151.238
646.099 151.241
646.115 151.243
646.13 151.245
646.146 151.247
646.162 151.25
646.178 151.252
646.194 151.254
646.21 151.256
646.226 151.259
646.241 151.261
646.257 151.263
646.273 151.265
646.289 151.267
646.305 151.27
646.321 151.272
646.337 151.274
646.353 151.276
646.368 151.279
646.384 151.281
646.4 151.283
646.416 151.285
646.432 151.287
646.448 151.29
646.464 151.292
646.48 151.294
646.495 151.296
646.511 151.298
646.527 151.301
646.543 151.303
646.559 151.305
646.575 151.307
646.591 151.309
646.606 151.312
646.622 151.314
646.638 151.316
646.654 151.318
646.67 151.32
646.686 151.323
646.702 151.325
646.718 151.327
646.733 151.329
646.749 151.331
646.765 151.333
646.781 151.336
646.797 151.338
646.813 151.34
646.829 151.342
646.844 151.344
646.86 151.346
646.876 151.349
646.892 151.351
646.908 151.353
646.924 151.355
646.94 151.357
646.956 151.359
646.971 151.362
646.987 151.364
647.003 151.366
647.019 151.368
647.035 151.37
647.051 151.372
647.067 151.375
647.082 151.377
647.098 151.379
647.114 151.381
647.13 151.383
647.146 151.385
647.162 151.387
647.178 151.39
647.194 151.392
647.209 151.394
647.225 151.396
647.241 151.398
647.257 151.4
647.273 151.402
647.289 151.404
647.305 151.407
647.32 151.409
647.336 151.411
647.352 151.413
647.368 151.415
647.384 151.417
647.4 151.419
647.416 151.421
647.431 151.423
647.447 151.426
647.463 151.428
647.479 151.43
647.495 151.432
647.511 151.434
647.527 151.436
647.543 151.438
647.558 151.44
647.574 151.442
647.59 151.445
647.606 151.447
647.622 151.449
647.638 151.451
647.654 151.453
647.669 151.455
647.685 151.457
647.701 151.459
647.717 151.461
647.733 151.463
647.749 151.465
647.765 151.467
647.78 151.47
647.796 151.472
647.812 151.474
647.828 151.476
647.844 151.478
647.86 151.48
647.876 151.482
647.891 151.484
647.907 151.486
647.923 151.488
647.939 151.49
647.955 151.492
647.971 151.494
647.987 151.496
648.003 151.498
648.018 151.501
648.034 151.503
648.05 151.505
648.066 151.507
648.082 151.509
648.098 151.511
648.114 151.513
648.129 151.515
648.145 151.517
648.161 151.519
648.177 151.521
648.193 151.523
648.209 151.525
648.225 151.527
648.24 151.529
648.256 151.531
648.272 151.533
648.288 151.535
648.304 151.537
648.32 151.539
648.336 151.541
648.351 151.543
648.367 151.545
648.383 151.547
648.399 151.549
648.415 151.551
648.431 151.553
648.447 151.555
648.462 151.557
648.478 151.559
648.494 151.561
648.51 151.563
648.526 151.565
648.542 151.567
648.558 151.569
648.573 151.571
648.589 151.573
648.605 151.575
648.621 151.577
648.637 151.579
648.653 151.581
648.669 151.583
648.684 151.585
648.7 151.587
648.716 151.589
648.732 151.591
648.748 151.593
648.764 151.595
648.78 151.597
648.795 151.599
648.811 151.601
648.827 151.603
648.843 151.605
648.859 151.607
648.875 151.609
648.89 151.611
648.906 151.613
648.922 151.615
648.938 151.617
648.954 151.619
648.97 151.621
648.986 151.623
649.001 151.625
649.017 151.627
649.033 151.629
649.049 151.631
649.065 151.633
649.081 151.635
649.097 151.637
649.112 151.639
649.128 151.641
649.144 151.642
649.16 151.644
649.176 151.646
649.192 151.648
649.208 151.65
649.223 151.652
649.239 151.654
649.255 151.656
649.271 151.658
649.287 151.66
649.303 151.662
649.318 151.664
649.334 151.666
649.35 151.668
649.366 151.67
649.382 151.671
649.398 151.673
649.414 151.675
649.429 151.677
649.445 151.679
649.461 151.681
649.477 151.683
649.493 151.685
649.509 151.687
649.525 151.689
649.54 151.691
649.556 151.693
649.572 151.694
649.588 151.696
649.604 151.698
649.62 151.7
649.635 151.702
649.651 151.704
649.667 151.706
649.683 151.708
649.699 151.71
649.715 151.712
649.731 151.713
649.746 151.715
649.762 151.717
649.778 151.719
649.794 151.721
649.81 151.723
649.826 151.725
649.842 151.727
649.857 151.728
649.873 151.73
649.889 151.732
649.905 151.734
649.921 151.736
649.937 151.738
649.952 151.74
649.968 151.742
649.984 151.743
650 151.745
650.016 151.747
650.032 151.749
650.048 151.751
650.063 151.753
650.079 151.755
650.095 151.756
650.111 151.758
650.127 151.76
650.143 151.762
650.158 151.764
650.174 151.766
650.19 151.768
650.206 151.769
650.222 151.771
650.238 151.773
650.254 151.775
650.269 151.777
650.285 151.779
650.301 151.78
650.317 151.782
650.333 151.784
650.349 151.786
650.364 151.788
650.38 151.79
650.396 151.791
650.412 151.793
650.428 151.795
650.444 151.797
650.46 151.799
650.475 151.8
650.491 151.802
650.507 151.804
650.523 151.806
650.539 151.808
650.555 151.81
650.57 151.811
650.586 151.813
650.602 151.815
650.618 151.817
650.634 151.819
650.65 151.82
650.665 151.822
650.681 151.824
650.697 151.826
650.713 151.828
650.729 151.829
650.745 151.831
650.761 151.833
650.776 151.835
650.792 151.836
650.808 151.838
650.824 151.84
650.84 151.842
650.856 151.844
650.871 151.845
650.887 151.847
650.903 151.849
650.919 151.851
650.935 151.852
650.951 151.854
650.966 151.856
650.982 151.858
650.998 151.86
651.014 151.861
651.03 151.863
651.046 151.865
651.061 151.867
651.077 151.868
651.093 151.87
651.109 151.872
651.125 151.874
651.141 151.875
651.157 151.877
651.172 151.879
651.188 151.881
651.204 151.882
651.22 151.884
651.236 151.886
651.252 151.888
651.267 151.889
651.283 151.891
651.299 151.893
651.315 151.895
651.331 151.896
651.347 151.898
651.362 151.9
651.378 151.902
651.394 151.903
651.41 151.905
651.426 151.907
651.442 151.908
651.457 151.91
651.473 151.912
651.489 151.914
651.505 151.915
651.521 151.917
651.537 151.919
651.552 151.92
651.568 151.922
651.584 151.924
651.6 151.926
651.616 151.927
651.632 151.929
651.647 151.931
651.663 151.932
651.679 151.934
651.695 151.936
651.711 151.938
651.727 151.939
651.743 151.941
651.758 151.943
651.774 151.944
651.79 151.946
651.806 151.948
651.822 151.949
651.838 151.951
651.853 151.953
651.869 151.954
651.885 151.956
651.901 151.958
651.917 151.959
651.933 151.961
651.948 151.963
651.964 151.964
651.98 151.966
651.996 151.968
652.012 151.97
652.028 151.971
652.043 151.973
652.059 151.975
652.075 151.976
652.091 151.978
652.107 151.979
652.123 151.981
652.138 151.983
652.154 151.984
652.17 151.986
652.186 151.988
652.202 151.989
652.218 151.991
652.233 151.993
652.249 151.994
652.265 151.996
652.281 151.998
652.297 151.999
652.313 152.001
652.328 152.003
652.344 152.004
652.36 152.006
652.376 152.008
652.392 152.009
652.407 152.011
652.423 152.012
652.439 152.014
652.455 152.016
652.471 152.017
652.487 152.019
652.502 152.021
652.518 152.022
652.534 152.024
652.55 152.025
652.566 152.027
652.582 152.029
652.597 152.03
652.613 152.032
652.629 152.033
652.645 152.035
652.661 152.037
652.677 152.038
652.692 152.04
652.708 152.042
652.724 152.043
652.74 152.045
652.756 152.046
652.772 152.048
652.787 152.05
652.803 152.051
652.819 152.053
652.835 152.054
652.851 152.056
652.867 152.057
652.882 152.059
652.898 152.061
652.914 152.062
652.93 152.064
652.946 152.065
652.962 152.067
652.977 152.069
652.993 152.07
653.009 152.072
653.025 152.073
653.041 152.075
653.056 152.076
653.072 152.078
653.088 152.08
653.104 152.081
653.12 152.083
653.136 152.084
653.151 152.086
653.167 152.087
653.183 152.089
653.199 152.09
653.215 152.092
653.231 152.094
653.246 152.095
653.262 152.097
653.278 152.098
653.294 152.1
653.31 152.101
653.325 152.103
653.341 152.104
653.357 152.106
653.373 152.108
653.389 152.109
653.405 152.111
653.42 152.112
653.436 152.114
653.452 152.115
653.468 152.117
653.484 152.118
653.5 152.12
653.515 152.121
653.531 152.123
653.547 152.124
653.563 152.126
653.579 152.127
653.595 152.129
653.61 152.13
653.626 152.132
653.642 152.134
653.658 152.135
653.674 152.137
653.689 152.138
653.705 152.14
653.721 152.141
653.737 152.143
653.753 152.144
653.769 152.146
653.784 152.147
653.8 152.149
653.816 152.15
653.832 152.152
653.848 152.153
653.863 152.155
653.879 152.156
653.895 152.158
653.911 152.159
653.927 152.161
653.943 152.162
653.958 152.164
653.974 152.165
653.99 152.166
654.006 152.168
654.022 152.169
654.037 152.171
654.053 152.172
654.069 152.174
654.085 152.175
654.101 152.177
654.117 152.178
654.132 152.18
654.148 152.181
654.164 152.183
654.18 152.184
654.196 152.186
654.212 152.187
654.227 152.189
654.243 152.19
654.259 152.191
654.275 152.193
654.291 152.194
654.306 152.196
654.322 152.197
654.338 152.199
654.354 152.2
654.37 152.202
654.386 152.203
654.401 152.205
654.417 152.206
654.433 152.207
654.449 152.209
654.465 152.21
654.48 152.212
654.496 152.213
654.512 152.215
654.528 152.216
654.544 152.217
654.559 152.219
654.575 152.22
654.591 152.222
654.607 152.223
654.623 152.225
654.639 152.226
654.654 152.227
654.67 152.229
654.686 152.23
654.702 152.232
654.718 152.233
654.733 152.235
654.749 152.236
654.765 152.237
654.781 152.239
654.797 152.24
654.813 152.242
654.828 152.243
654.844 152.244
654.86 152.246
654.876 152.247
654.892 152.249
654.907 152.25
654.923 152.251
654.939 152.253
654.955 152.254
654.971 152.256
654.986 152.257
655.002 152.258
655.018 152.26
655.034 152.261
655.05 152.262
655.066 152.264
655.081 152.265
655.097 152.267
655.113 152.268
655.129 152.269
655.145 152.271
655.16 152.272
655.176 152.273
655.192 152.275
655.208 152.276
655.224 152.278
655.239 152.279
655.255 152.28
655.271 152.282
655.287 152.283
655.303 152.284
655.319 152.286
655.334 152.287
655.35 152.288
655.366 152.29
655.382 152.291
655.398 152.293
655.413 152.294
655.429 152.295
655.445 152.297
655.461 152.298
655.477 152.299
655.492 152.301
655.508 152.302
655.524 152.303
655.54 152.305
655.556 152.306
655.571 152.307
655.587 152.309
655.603 152.31
655.619 152.311
655.635 152.313
655.651 152.314
655.666 152.315
655.682 152.317
655.698 152.318
655.714 152.319
655.73 152.321
655.745 152.322
655.761 152.323
655.777 152.325
655.793 152.326
655.809 152.327
655.824 152.328
655.84 152.33
655.856 152.331
655.872 152.332
655.888 152.334
655.903 152.335
655.919 152.336
655.935 152.338
655.951 152.339
655.967 152.34
655.983 152.342
655.998 152.343
656.014 152.344
656.03 152.345
656.046 152.347
656.062 152.348
656.077 152.349
656.093 152.351
656.109 152.352
656.125 152.353
656.141 152.354
656.156 152.356
656.172 152.357
656.188 152.358
656.204 152.36
656.22 152.361
656.235 152.362
656.251 152.363
656.267 152.365
656.283 152.366
656.299 152.367
656.314 152.368
656.33 152.37
656.346 152.371
656.362 152.372
656.378 152.373
656.393 152.375
656.409 152.376
656.425 152.377
656.441 152.379
656.457 152.38
656.472 152.381
656.488 152.382
656.504 152.384
656.52 152.385
656.536 152.386
656.551 152.387
656.567 152.388
656.583 152.39
656.599 152.391
656.615 152.392
656.63 152.393
656.646 152.395
656.662 152.396
656.678 152.397
656.694 152.398
656.709 152.4
656.725 152.401
656.741 152.402
656.757 152.403
656.773 152.405
656.788 152.406
656.804 152.407
656.82 152.408
656.836 152.409
656.852 152.411
656.867 152.412
656.883 152.413
656.899 152.414
656.915 152.415
656.931 152.417
656.946 152.418
656.962 152.419
656.978 152.42
656.994 152.421
657.01 152.423
657.025 152.424
657.041 152.425
657.057 152.426
657.073 152.427
657.089 152.429
657.104 152.43
657.12 152.431
657.136 152.432
657.152 152.433
657.168 152.435
657.183 152.436
657.199 152.437
657.215 152.438
657.231 152.439
657.247 152.441
657.262 152.442
657.278 152.443
657.294 152.444
657.31 152.445
657.326 152.446
657.341 152.448
657.357 152.449
657.373 152.45
657.389 152.451
657.405 152.452
657.42 152.453
657.436 152.455
657.452 152.456
657.468 152.457
657.484 152.458
657.499 152.459
657.515 152.46
657.531 152.462
657.547 152.463
657.563 152.464
657.578 152.465
657.594 152.466
657.61 152.467
657.626 152.468
657.642 152.47
657.657 152.471
657.673 152.472
657.689 152.473
657.705 152.474
657.721 152.475
657.736 152.476
657.752 152.478
657.768 152.479
657.784 152.48
657.799 152.481
657.815 152.482
657.831 152.483
657.847 152.484
657.863 152.485
657.878 152.487
657.894 152.488
657.91 152.489
657.926 152.49
657.942 152.491
657.957 152.492
657.973 152.493
657.989 152.494
658.005 152.495
658.021 152.497
658.036 152.498
658.052 152.499
658.068 152.5
658.084 152.501
658.1 152.502
658.115 152.503
658.131 152.504
658.147 152.505
658.163 152.507
658.179 152.508
658.194 152.509
658.21 152.51
658.226 152.511
658.242 152.512
658.257 152.513
658.273 152.514
658.289 152.515
658.305 152.516
658.321 152.517
658.336 152.518
658.352 152.52
658.368 152.521
658.384 152.522
658.4 152.523
658.415 152.524
658.431 152.525
658.447 152.526
658.463 152.527
658.479 152.528
658.494 152.529
658.51 152.53
658.526 152.531
658.542 152.532
658.557 152.533
658.573 152.535
658.589 152.536
658.605 152.537
658.621 152.538
658.636 152.539
658.652 152.54
658.668 152.541
658.684 152.542
658.7 152.543
658.715 152.544
658.731 152.545
658.747 152.546
658.763 152.547
658.778 152.548
658.794 152.549
658.81 152.55
658.826 152.551
658.842 152.552
658.857 152.553
658.873 152.554
658.889 152.555
658.905 152.556
658.921 152.557
658.936 152.558
658.952 152.559
658.968 152.561
658.984 152.562
658.999 152.563
659.015 152.564
659.031 152.565
659.047 152.566
659.063 152.567
659.078 152.568
659.094 152.569
659.11 152.57
659.126 152.571
659.142 152.572
659.157 152.573
659.173 152.574
659.189 152.575
659.205 152.576
659.22 152.577
659.236 152.578
659.252 152.579
659.268 152.58
659.284 152.581
659.299 152.582
659.315 152.583
659.331 152.584
659.347 152.585
659.362 152.586
659.378 152.587
659.394 152.588
659.41 152.589
659.426 152.59
659.441 152.591
659.457 152.592
659.473 152.592
659.489 152.593
659.505 152.594
659.52 152.595
659.536 152.596
659.552 152.597
659.568 152.598
659.583 152.599
659.599 152.6
659.615 152.601
659.631 152.602
659.647 152.603
659.662 152.604
659.678 152.605
659.694 152.606
659.71 152.607
659.725 152.608
659.741 152.609
659.757 152.61
659.773 152.611
659.789 152.612
659.804 152.613
659.82 152.614
659.836 152.615
659.852 152.615
659.867 152.616
659.883 152.617
659.899 152.618
659.915 152.619
659.931 152.62
659.946 152.621
659.962 152.622
659.978 152.623
659.994 152.624
660.009 152.625
660.025 152.626
660.041 152.627
660.057 152.628
660.073 152.629
660.088 152.629
660.104 152.63
660.12 152.631
660.136 152.632
660.151 152.633
660.167 152.634
660.183 152.635
660.199 152.636
660.215 152.637
660.23 152.638
660.246 152.639
660.262 152.64
660.278 152.64
660.293 152.641
660.309 152.642
660.325 152.643
660.341 152.644
660.357 152.645
660.372 152.646
660.388 152.647
660.404 152.648
660.42 152.648
660.435 152.649
660.451 152.65
660.467 152.651
660.483 152.652
660.499 152.653
660.514 152.654
660.53 152.655
660.546 152.656
660.562 152.656
660.577 152.657
660.593 152.658
660.609 152.659
660.625 152.66
660.64 152.661
660.656 152.662
660.672 152.663
660.688 152.663
660.704 152.664
660.719 152.665
660.735 152.666
660.751 152.667
660.767 152.668
660.782 152.669
660.798 152.669
660.814 152.67
660.83 152.671
660.846 152.672
660.861 152.673
660.877 152.674
660.893 152.675
660.909 152.675
660.924 152.676
660.94 152.677
660.956 152.678
660.972 152.679
660.987 152.68
661.003 152.68
661.019 152.681
661.035 152.682
661.051 152.683
661.066 152.684
661.082 152.685
661.098 152.685
661.114 152.686
661.129 152.687
661.145 152.688
661.161 152.689
661.177 152.69
661.192 152.69
661.208 152.691
661.224 152.692
661.24 152.693
661.256 152.694
661.271 152.695
661.287 152.695
661.303 152.696
661.319 152.697
661.334 152.698
661.35 152.699
661.366 152.699
661.382 152.7
661.397 152.701
661.413 152.702
661.429 152.703
661.445 152.703
661.461 152.704
661.476 152.705
661.492 152.706
661.508 152.707
661.524 152.707
661.539 152.708
661.555 152.709
661.571 152.71
661.587 152.711
661.602 152.711
661.618 152.712
661.634 152.713
661.65 152.714
661.665 152.714
661.681 152.715
661.697 152.716
661.713 152.717
661.729 152.718
661.744 152.718
661.76 152.719
661.776 152.72
661.792 152.721
661.807 152.721
661.823 152.722
661.839 152.723
661.855 152.724
661.87 152.724
661.886 152.725
661.902 152.726
661.918 152.727
661.933 152.727
661.949 152.728
661.965 152.729
661.981 152.73
661.997 152.73
662.012 152.731
662.028 152.732
662.044 152.733
662.06 152.733
662.075 152.734
662.091 152.735
662.107 152.736
662.123 152.736
662.138 152.737
662.154 152.738
662.17 152.739
662.186 152.739
662.201 152.74
662.217 152.741
662.233 152.742
662.249 152.742
662.264 152.743
662.28 152.744
662.296 152.744
662.312 152.745
662.328 152.746
662.343 152.747
662.359 152.747
662.375 152.748
662.391 152.749
662.406 152.749
662.422 152.75
662.438 152.751
662.454 152.752
662.469 152.752
662.485 152.753
662.501 152.754
662.517 152.754
662.532 152.755
662.548 152.756
662.564 152.757
662.58 152.757
662.595 152.758
662.611 152.759
662.627 152.759
662.643 152.76
662.658 152.761
662.674 152.761
662.69 152.762
662.706 152.763
662.721 152.763
662.737 152.764
662.753 152.765
662.769 152.765
662.785 152.766
662.8 152.767
662.816 152.768
662.832 152.768
662.848 152.769
662.863 152.77
662.879 152.77
662.895 152.771
662.911 152.772
662.926 152.772
662.942 152.773
662.958 152.774
662.974 152.774
662.989 152.775
663.005 152.776
663.021 152.776
663.037 152.777
663.052 152.778
663.068 152.778
663.084 152.779
663.1 152.779
663.115 152.78
663.131 152.781
663.147 152.781
663.163 152.782
663.178 152.783
663.194 152.783
663.21 152.784
663.226 152.785
663.241 152.785
663.257 152.786
663.273 152.787
663.289 152.787
663.304 152.788
663.32 152.788
663.336 152.789
663.352 152.79
663.367 152.79
663.383 152.791
663.399 152.792
663.415 152.792
663.43 152.793
663.446 152.793
663.462 152.794
663.478 152.795
663.493 152.795
663.509 152.796
663.525 152.797
663.541 152.797
663.556 152.798
663.572 152.798
663.588 152.799
663.604 152.8
663.619 152.8
663.635 152.801
663.651 152.801
663.667 152.802
663.682 152.803
663.698 152.803
663.714 152.804
663.73 152.804
663.745 152.805
663.761 152.806
663.777 152.806
663.793 152.807
663.808 152.807
663.824 152.808
663.84 152.809
663.856 152.809
663.871 152.81
663.887 152.81
663.903 152.811
663.919 152.811
663.934 152.812
663.95 152.813
663.966 152.813
663.982 152.814
663.997 152.814
664.013 152.815
664.029 152.815
664.045 152.816
664.06 152.817
664.076 152.817
664.092 152.818
664.108 152.818
664.123 152.819
664.139 152.819
664.155 152.82
664.171 152.821
664.186 152.821
664.202 152.822
664.218 152.822
664.234 152.823
664.249 152.823
664.265 152.824
664.281 152.824
664.297 152.825
664.312 152.826
664.328 152.826
664.344 152.827
664.36 152.827
664.375 152.828
664.391 152.828
664.407 152.829
664.423 152.829
664.438 152.83
664.454 152.83
664.47 152.831
664.486 152.831
664.501 152.832
664.517 152.832
664.533 152.833
664.549 152.834
664.564 152.834
664.58 152.835
664.596 152.835
664.612 152.836
664.627 152.836
664.643 152.837
664.659 152.837
664.674 152.838
664.69 152.838
664.706 152.839
664.722 152.839
664.737 152.84
664.753 152.84
664.769 152.841
664.785 152.841
664.8 152.842
664.816 152.842
664.832 152.843
664.848 152.843
664.863 152.844
664.879 152.844
664.895 152.845
664.911 152.845
664.926 152.846
664.942 152.846
664.958 152.847
664.974 152.847
664.989 152.848
665.005 152.848
665.021 152.849
665.037 152.849
665.052 152.85
665.068 152.85
665.084 152.851
665.099 152.851
665.115 152.851
665.131 152.852
665.147 152.852
665.162 152.853
665.178 152.853
665.194 152.854
665.21 152.854
665.225 152.855
665.241 152.855
665.257 152.856
665.273 152.856
665.288 152.857
665.304 152.857
665.32 152.858
665.336 152.858
665.351 152.858
665.367 152.859
665.383 152.859
665.399 152.86
665.414 152.86
665.43 152.861
665.446 152.861
665.461 152.862
665.477 152.862
665.493 152.862
665.509 152.863
665.524 152.863
665.54 152.864
665.556 152.864
665.572 152.865
665.587 152.865
665.603 152.866
665.619 152.866
665.635 152.866
665.65 152.867
665.666 152.867
665.682 152.868
665.697 152.868
665.713 152.869
665.729 152.869
665.745 152.869
665.76 152.87
665.776 152.87
665.792 152.871
665.808 152.871
665.823 152.871
665.839 152.872
665.855 152.872
665.871 152.873
665.886 152.873
665.902 152.874
665.918 152.874
665.934 152.874
665.949 152.875
665.965 152.875
