479.933 0.000808768
480.006 0.000808856
480.079 0.000808943
480.151 0.000809031
480.224 0.000809118
480.297 0.000809206
480.37 0.000809293
480.442 0.000809381
480.515 0.000809468
480.588 0.000809556
480.66 0.000809644
480.733 0.000809732
480.806 0.000809819
480.878 0.000809907
480.951 0.000809995
481.024 0.000810083
481.096 0.000810171
481.169 0.000810259
481.242 0.000810347
481.314 0.000810435
481.387 0.000810523
481.46 0.000810611
481.532 0.000810699
481.605 0.000810787
481.678 0.000810875
481.75 0.000810963
481.823 0.000811051
481.895 0.00081114
481.968 0.000811228
482.041 0.000811316
482.113 0.000811405
482.186 0.000811493
482.258 0.000811581
482.331 0.00081167
482.403 0.000811758
482.476 0.000811847
482.549 0.000811936
482.621 0.000812024
482.694 0.000812113
482.766 0.000812201
482.839 0.00081229
482.911 0.000812379
482.984 0.000812468
483.056 0.000812556
483.129 0.000812645
483.201 0.000812734
483.274 0.000812823
483.346 0.000812912
483.419 0.000813001
483.491 0.00081309
483.564 0.000813179
483.636 0.000813268
483.708 0.000813357
483.781 0.000813446
483.853 0.000813535
483.926 0.000813624
483.998 0.000813714
484.071 0.000813803
484.143 0.000813892
484.215 0.000813981
484.288 0.000814071
484.36 0.00081416
484.433 0.00081425
484.505 0.000814339
484.577 0.000814429
484.65 0.000814518
484.722 0.000814608
484.794 0.000814697
484.867 0.000814787
484.939 0.000814876
485.012 0.000814966
485.084 0.000815056
485.156 0.000815146
485.229 0.000815235
485.301 0.000815325
485.373 0.000815415
485.445 0.000815505
485.518 0.000815595
485.59 0.000815685
485.662 0.000815775
485.735 0.000815865
485.807 0.000815955
485.879 0.000816045
485.951 0.000816135
486.024 0.000816225
486.096 0.000816316
486.168 0.000816406
486.24 0.000816496
486.313 0.000816586
486.385 0.000816677
486.457 0.000816767
486.529 0.000816857
486.602 0.000816948
486.674 0.000817038
486.746 0.000817129
486.818 0.000817219
486.89 0.00081731
486.962 0.000817401
487.035 0.000817491
487.107 0.000817582
487.179 0.000817673
487.251 0.000817763
487.323 0.000817854
487.395 0.000817945
487.468 0.000818036
487.54 0.000818127
487.612 0.000818217
487.684 0.000818308
487.756 0.000818399
487.828 0.00081849
487.9 0.000818581
487.972 0.000818672
488.044 0.000818764
488.117 0.000818855
488.189 0.000818946
488.261 0.000819037
488.333 0.000819128
488.405 0.00081922
488.477 0.000819311
488.549 0.000819402
488.621 0.000819494
488.693 0.000819585
488.765 0.000819677
488.837 0.000819768
488.909 0.00081986
488.981 0.000819951
489.053 0.000820043
489.125 0.000820134
489.197 0.000820226
489.269 0.000820318
489.341 0.000820409
489.413 0.000820501
489.485 0.000820593
489.557 0.000820685
489.629 0.000820777
489.701 0.000820869
489.773 0.000820961
489.845 0.000821052
489.916 0.000821144
489.988 0.000821237
490.06 0.000821329
490.132 0.000821421
490.204 0.000821513
490.276 0.000821605
490.348 0.000821697
490.42 0.000821789
490.492 0.000821882
490.564 0.000821974
490.635 0.000822066
490.707 0.000822159
490.779 0.000822251
490.851 0.000822344
490.923 0.000822436
490.995 0.000822529
491.066 0.000822621
491.138 0.000822714
491.21 0.000822806
491.282 0.000822899
491.354 0.000822992
491.425 0.000823085
491.497 0.000823177
491.569 0.00082327
491.641 0.000823363
491.713 0.000823456
491.784 0.000823549
491.856 0.000823642
491.928 0.000823735
492 0.000823828
492.071 0.000823921
492.143 0.000824014
492.215 0.000824107
492.286 0.0008242
492.358 0.000824293
492.43 0.000824386
492.502 0.00082448
492.573 0.000824573
492.645 0.000824666
492.717 0.00082476
492.788 0.000824853
492.86 0.000824946
492.932 0.00082504
493.003 0.000825133
493.075 0.000825227
493.147 0.000825321
493.218 0.000825414
493.29 0.000825508
493.361 0.000825601
493.433 0.000825695
493.505 0.000825789
493.576 0.000825883
493.648 0.000825976
493.719 0.00082607
493.791 0.000826164
493.863 0.000826258
493.934 0.000826352
494.006 0.000826446
494.077 0.00082654
494.149 0.000826634
494.22 0.000826728
494.292 0.000826822
494.363 0.000826917
494.435 0.000827011
494.506 0.000827105
494.578 0.000827199
494.649 0.000827294
494.721 0.000827388
494.792 0.000827482
494.864 0.000827577
494.935 0.000827671
495.007 0.000827766
495.078 0.00082786
495.15 0.000827955
495.221 0.000828049
495.293 0.000828144
495.364 0.000828239
495.436 0.000828333
495.507 0.000828428
495.578 0.000828523
495.65 0.000828618
495.721 0.000828712
495.793 0.000828807
495.864 0.000828902
495.935 0.000828997
496.007 0.000829092
496.078 0.000829187
496.15 0.000829282
496.221 0.000829377
496.292 0.000829472
496.364 0.000829568
496.435 0.000829663
496.506 0.000829758
496.578 0.000829853
496.649 0.000829949
496.72 0.000830044
496.792 0.000830139
496.863 0.000830235
496.934 0.00083033
497.005 0.000830426
497.077 0.000830521
497.148 0.000830617
497.219 0.000830712
497.291 0.000830808
497.362 0.000830904
497.433 0.000830999
497.504 0.000831095
497.575 0.000831191
497.647 0.000831287
497.718 0.000831382
497.789 0.000831478
497.86 0.000831574
497.932 0.00083167
498.003 0.000831766
498.074 0.000831862
498.145 0.000831958
498.216 0.000832054
498.287 0.00083215
498.359 0.000832247
498.43 0.000832343
498.501 0.000832439
498.572 0.000832535
498.643 0.000832632
498.714 0.000832728
498.785 0.000832824
498.857 0.000832921
498.928 0.000833017
498.999 0.000833114
499.07 0.00083321
499.141 0.000833307
499.212 0.000833403
499.283 0.0008335
499.354 0.000833597
499.425 0.000833693
499.496 0.00083379
499.567 0.000833887
499.638 0.000833984
499.709 0.000834081
499.78 0.000834178
499.851 0.000834274
499.922 0.000834371
499.993 0.000834468
500.064 0.000834565
500.135 0.000834663
500.206 0.00083476
500.277 0.000834857
500.348 0.000834954
500.419 0.000835051
500.49 0.000835148
500.561 0.000835246
500.632 0.000835343
500.703 0.00083544
500.774 0.000835538
500.845 0.000835635
500.916 0.000835733
500.987 0.00083583
501.058 0.000835928
501.129 0.000836025
501.2 0.000836123
501.27 0.000836221
501.341 0.000836318
501.412 0.000836416
501.483 0.000836514
501.554 0.000836612
501.625 0.000836709
501.696 0.000836807
501.766 0.000836905
501.837 0.000837003
501.908 0.000837101
501.979 0.000837199
502.05 0.000837297
502.12 0.000837395
502.191 0.000837494
502.262 0.000837592
502.333 0.00083769
502.404 0.000837788
502.474 0.000837886
502.545 0.000837985
502.616 0.000838083
502.687 0.000838182
502.757 0.00083828
502.828 0.000838378
502.899 0.000838477
502.97 0.000838575
503.04 0.000838674
503.111 0.000838773
503.182 0.000838871
503.252 0.00083897
503.323 0.000839069
503.394 0.000839167
503.464 0.000839266
503.535 0.000839365
503.606 0.000839464
503.676 0.000839563
503.747 0.000839662
503.818 0.000839761
503.888 0.00083986
503.959 0.000839959
504.029 0.000840058
504.1 0.000840157
504.171 0.000840256
504.241 0.000840356
504.312 0.000840455
504.382 0.000840554
504.453 0.000840653
504.524 0.000840753
504.594 0.000840852
504.665 0.000840952
504.735 0.000841051
504.806 0.000841151
504.876 0.00084125
504.947 0.00084135
505.017 0.000841449
505.088 0.000841549
505.158 0.000841649
505.229 0.000841748
505.299 0.000841848
505.37 0.000841948
505.44 0.000842048
505.511 0.000842148
505.581 0.000842248
505.652 0.000842348
505.722 0.000842448
505.793 0.000842548
505.863 0.000842648
505.933 0.000842748
506.004 0.000842848
506.074 0.000842948
506.145 0.000843048
506.215 0.000843149
506.285 0.000843249
506.356 0.000843349
506.426 0.00084345
506.497 0.00084355
506.567 0.00084365
506.637 0.000843751
506.708 0.000843852
506.778 0.000843952
506.848 0.000844053
506.919 0.000844153
506.989 0.000844254
507.059 0.000844355
507.13 0.000844455
507.2 0.000844556
507.27 0.000844657
507.34 0.000844758
507.411 0.000844859
507.481 0.00084496
507.551 0.000845061
507.622 0.000845162
507.692 0.000845263
507.762 0.000845364
507.832 0.000845465
507.902 0.000845566
507.973 0.000845667
508.043 0.000845769
508.113 0.00084587
508.183 0.000845971
508.253 0.000846073
508.324 0.000846174
508.394 0.000846275
508.464 0.000846377
508.534 0.000846478
508.604 0.00084658
508.674 0.000846682
508.745 0.000846783
508.815 0.000846885
508.885 0.000846987
508.955 0.000847088
509.025 0.00084719
509.095 0.000847292
509.165 0.000847394
509.235 0.000847496
509.305 0.000847598
509.376 0.0008477
509.446 0.000847802
509.516 0.000847904
509.586 0.000848006
509.656 0.000848108
509.726 0.00084821
509.796 0.000848312
509.866 0.000848414
509.936 0.000848517
510.006 0.000848619
510.076 0.000848721
510.146 0.000848824
510.216 0.000848926
510.286 0.000849029
510.356 0.000849131
510.426 0.000849234
510.496 0.000849336
510.566 0.000849439
510.636 0.000849542
510.706 0.000849644
510.776 0.000849747
510.845 0.00084985
510.915 0.000849953
510.985 0.000850056
511.055 0.000850158
511.125 0.000850261
511.195 0.000850364
511.265 0.000850467
511.335 0.00085057
511.405 0.000850673
511.474 0.000850777
511.544 0.00085088
511.614 0.000850983
511.684 0.000851086
511.754 0.00085119
511.824 0.000851293
511.893 0.000851396
511.963 0.0008515
512.033 0.000851603
512.103 0.000851707
512.173 0.00085181
512.242 0.000851914
512.312 0.000852017
512.382 0.000852121
512.452 0.000852225
512.521 0.000852328
512.591 0.000852432
512.661 0.000852536
512.731 0.00085264
512.8 0.000852743
512.87 0.000852847
512.94 0.000852951
513.009 0.000853055
513.079 0.000853159
513.149 0.000853263
513.218 0.000853368
513.288 0.000853472
513.358 0.000853576
513.427 0.00085368
513.497 0.000853784
513.567 0.000853889
513.636 0.000853993
513.706 0.000854097
513.776 0.000854202
513.845 0.000854306
513.915 0.000854411
513.984 0.000854515
514.054 0.00085462
514.124 0.000854724
514.193 0.000854829
514.263 0.000854934
514.332 0.000855039
514.402 0.000855143
514.471 0.000855248
514.541 0.000855353
514.61 0.000855458
514.68 0.000855563
514.749 0.000855668
514.819 0.000855773
514.888 0.000855878
514.958 0.000855983
515.027 0.000856088
515.097 0.000856193
515.166 0.000856298
515.236 0.000856404
515.305 0.000856509
515.375 0.000856614
515.444 0.00085672
515.513 0.000856825
515.583 0.000856931
515.652 0.000857036
515.722 0.000857142
515.791 0.000857247
515.861 0.000857353
515.93 0.000857458
515.999 0.000857564
516.069 0.00085767
516.138 0.000857776
516.207 0.000857881
516.277 0.000857987
516.346 0.000858093
516.415 0.000858199
516.485 0.000858305
516.554 0.000858411
516.623 0.000858517
516.693 0.000858623
516.762 0.000858729
516.831 0.000858835
516.9 0.000858942
516.97 0.000859048
517.039 0.000859154
517.108 0.00085926
517.177 0.000859367
517.247 0.000859473
517.316 0.00085958
517.385 0.000859686
517.454 0.000859793
517.524 0.000859899
517.593 0.000860006
517.662 0.000860112
517.731 0.000860219
517.8 0.000860326
517.869 0.000860433
517.939 0.000860539
518.008 0.000860646
518.077 0.000860753
518.146 0.00086086
518.215 0.000860967
518.284 0.000861074
518.353 0.000861181
518.423 0.000861288
518.492 0.000861395
518.561 0.000861503
518.63 0.00086161
518.699 0.000861717
518.768 0.000861824
518.837 0.000861932
518.906 0.000862039
518.975 0.000862146
519.044 0.000862254
519.113 0.000862361
519.182 0.000862469
519.251 0.000862576
519.32 0.000862684
519.389 0.000862792
519.458 0.000862899
519.527 0.000863007
519.596 0.000863115
519.665 0.000863223
519.734 0.000863331
519.803 0.000863439
519.872 0.000863546
519.941 0.000863654
520.01 0.000863762
520.079 0.000863871
520.148 0.000863979
520.217 0.000864087
520.286 0.000864195
520.354 0.000864303
520.423 0.000864411
520.492 0.00086452
520.561 0.000864628
520.63 0.000864737
520.699 0.000864845
520.768 0.000864953
520.836 0.000865062
520.905 0.000865171
520.974 0.000865279
521.043 0.000865388
521.112 0.000865496
521.181 0.000865605
521.249 0.000865714
521.318 0.000865823
521.387 0.000865932
521.456 0.00086604
521.524 0.000866149
521.593 0.000866258
521.662 0.000866367
521.731 0.000866476
521.799 0.000866585
521.868 0.000866695
521.937 0.000866804
522.006 0.000866913
522.074 0.000867022
522.143 0.000867132
522.212 0.000867241
522.28 0.00086735
522.349 0.00086746
522.418 0.000867569
522.486 0.000867679
522.555 0.000867788
522.624 0.000867898
522.692 0.000868007
522.761 0.000868117
522.829 0.000868227
522.898 0.000868336
522.967 0.000868446
523.035 0.000868556
523.104 0.000868666
523.172 0.000868776
523.241 0.000868886
523.309 0.000868996
523.378 0.000869106
523.447 0.000869216
523.515 0.000869326
523.584 0.000869436
523.652 0.000869546
523.721 0.000869657
523.789 0.000869767
523.858 0.000869877
523.926 0.000869988
523.995 0.000870098
524.063 0.000870209
524.131 0.000870319
524.2 0.00087043
524.268 0.00087054
524.337 0.000870651
524.405 0.000870762
524.474 0.000870872
524.542 0.000870983
524.61 0.000871094
524.679 0.000871205
524.747 0.000871315
524.816 0.000871426
524.884 0.000871537
524.952 0.000871648
525.021 0.000871759
525.089 0.000871871
525.157 0.000871982
525.226 0.000872093
525.294 0.000872204
525.362 0.000872315
525.431 0.000872427
525.499 0.000872538
525.567 0.000872649
525.636 0.000872761
525.704 0.000872872
525.772 0.000872984
525.84 0.000873095
525.909 0.000873207
525.977 0.000873318
526.045 0.00087343
526.113 0.000873542
526.182 0.000873654
526.25 0.000873765
526.318 0.000873877
526.386 0.000873989
526.454 0.000874101
526.523 0.000874213
526.591 0.000874325
526.659 0.000874437
526.727 0.000874549
526.795 0.000874661
526.863 0.000874774
526.931 0.000874886
527 0.000874998
527.068 0.00087511
527.136 0.000875223
527.204 0.000875335
527.272 0.000875448
527.34 0.00087556
527.408 0.000875673
527.476 0.000875785
527.544 0.000875898
527.612 0.00087601
527.68 0.000876123
527.748 0.000876236
527.816 0.000876349
527.885 0.000876461
527.953 0.000876574
528.021 0.000876687
528.089 0.0008768
528.156 0.000876913
528.224 0.000877026
528.292 0.000877139
528.36 0.000877252
528.428 0.000877366
528.496 0.000877479
528.564 0.000877592
528.632 0.000877705
528.7 0.000877819
528.768 0.000877932
528.836 0.000878045
528.904 0.000878159
528.972 0.000878272
529.04 0.000878386
529.107 0.0008785
529.175 0.000878613
529.243 0.000878727
529.311 0.000878841
529.379 0.000878954
529.447 0.000879068
529.515 0.000879182
529.582 0.000879296
529.65 0.00087941
529.718 0.000879524
529.786 0.000879638
529.854 0.000879752
529.921 0.000879866
529.989 0.00087998
530.057 0.000880094
530.125 0.000880209
530.192 0.000880323
530.26 0.000880437
530.328 0.000880552
530.395 0.000880666
530.463 0.00088078
530.531 0.000880895
530.599 0.00088101
530.666 0.000881124
530.734 0.000881239
530.802 0.000881353
530.869 0.000881468
530.937 0.000881583
531.005 0.000881698
531.072 0.000881813
531.14 0.000881927
531.207 0.000882042
531.275 0.000882157
531.343 0.000882272
531.41 0.000882387
531.478 0.000882503
531.545 0.000882618
531.613 0.000882733
531.681 0.000882848
531.748 0.000882963
531.816 0.000883079
531.883 0.000883194
531.951 0.00088331
532.018 0.000883425
532.086 0.000883541
532.153 0.000883656
532.221 0.000883772
532.288 0.000883887
532.356 0.000884003
532.423 0.000884119
532.491 0.000884234
532.558 0.00088435
532.626 0.000884466
532.693 0.000884582
532.76 0.000884698
532.828 0.000884814
532.895 0.00088493
532.963 0.000885046
533.03 0.000885162
533.097 0.000885278
533.165 0.000885395
533.232 0.000885511
533.3 0.000885627
533.367 0.000885743
533.434 0.00088586
533.502 0.000885976
533.569 0.000886093
533.636 0.000886209
533.704 0.000886326
533.771 0.000886442
533.838 0.000886559
533.905 0.000886676
533.973 0.000886792
534.04 0.000886909
534.107 0.000887026
534.174 0.000887143
534.242 0.00088726
534.309 0.000887377
534.376 0.000887494
534.443 0.000887611
534.511 0.000887728
534.578 0.000887845
534.645 0.000887962
534.712 0.00088808
534.779 0.000888197
534.847 0.000888314
534.914 0.000888431
534.981 0.000888549
535.048 0.000888666
535.115 0.000888784
535.182 0.000888901
535.249 0.000889019
535.316 0.000889137
535.384 0.000889254
535.451 0.000889372
535.518 0.00088949
535.585 0.000889607
535.652 0.000889725
535.719 0.000889843
535.786 0.000889961
535.853 0.000890079
535.92 0.000890197
535.987 0.000890315
536.054 0.000890433
536.121 0.000890552
536.188 0.00089067
536.255 0.000890788
536.322 0.000890906
536.389 0.000891025
536.456 0.000891143
536.523 0.000891261
536.59 0.00089138
536.657 0.000891498
536.724 0.000891617
536.791 0.000891736
536.858 0.000891854
536.925 0.000891973
536.991 0.000892092
537.058 0.000892211
537.125 0.000892329
537.192 0.000892448
537.259 0.000892567
537.326 0.000892686
537.393 0.000892805
537.459 0.000892924
537.526 0.000893043
537.593 0.000893163
537.66 0.000893282
537.727 0.000893401
537.794 0.00089352
537.86 0.00089364
537.927 0.000893759
537.994 0.000893878
538.061 0.000893998
538.127 0.000894117
538.194 0.000894237
538.261 0.000894357
538.328 0.000894476
538.394 0.000894596
538.461 0.000894716
538.528 0.000894835
538.594 0.000894955
538.661 0.000895075
538.728 0.000895195
538.794 0.000895315
538.861 0.000895435
538.928 0.000895555
538.994 0.000895675
539.061 0.000895795
539.128 0.000895916
539.194 0.000896036
539.261 0.000896156
539.327 0.000896277
539.394 0.000896397
539.461 0.000896517
539.527 0.000896638
539.594 0.000896758
539.66 0.000896879
539.727 0.000897
539.793 0.00089712
539.86 0.000897241
539.926 0.000897362
539.993 0.000897482
540.059 0.000897603
540.126 0.000897724
540.192 0.000897845
540.259 0.000897966
540.325 0.000898087
540.392 0.000898208
540.458 0.000898329
540.525 0.000898451
540.591 0.000898572
540.658 0.000898693
540.724 0.000898814
540.79 0.000898936
540.857 0.000899057
540.923 0.000899178
540.99 0.0008993
541.056 0.000899422
541.122 0.000899543
541.189 0.000899665
541.255 0.000899786
541.321 0.000899908
541.388 0.00090003
541.454 0.000900152
541.52 0.000900274
541.587 0.000900395
541.653 0.000900517
541.719 0.000900639
541.785 0.000900761
541.852 0.000900884
541.918 0.000901006
541.984 0.000901128
542.05 0.00090125
542.117 0.000901372
542.183 0.000901495
542.249 0.000901617
542.315 0.00090174
542.381 0.000901862
542.448 0.000901985
542.514 0.000902107
542.58 0.00090223
542.646 0.000902352
542.712 0.000902475
542.778 0.000902598
542.845 0.000902721
542.911 0.000902843
542.977 0.000902966
543.043 0.000903089
543.109 0.000903212
543.175 0.000903335
543.241 0.000903458
543.307 0.000903581
543.373 0.000903705
543.439 0.000903828
543.505 0.000903951
543.572 0.000904074
543.638 0.000904198
543.704 0.000904321
543.77 0.000904445
543.836 0.000904568
543.902 0.000904692
543.968 0.000904815
544.034 0.000904939
544.1 0.000905063
544.165 0.000905186
544.231 0.00090531
544.297 0.000905434
544.363 0.000905558
544.429 0.000905682
544.495 0.000905806
544.561 0.00090593
544.627 0.000906054
544.693 0.000906178
544.759 0.000906302
544.825 0.000906426
544.89 0.00090655
544.956 0.000906675
545.022 0.000906799
545.088 0.000906923
545.154 0.000907048
545.22 0.000907172
545.285 0.000907297
545.351 0.000907422
545.417 0.000907546
545.483 0.000907671
545.549 0.000907796
545.614 0.00090792
545.68 0.000908045
545.746 0.00090817
545.812 0.000908295
545.877 0.00090842
545.943 0.000908545
546.009 0.00090867
546.074 0.000908795
546.14 0.00090892
546.206 0.000909045
546.271 0.000909171
546.337 0.000909296
546.403 0.000909421
546.468 0.000909547
546.534 0.000909672
546.6 0.000909798
546.665 0.000909923
546.731 0.000910049
546.797 0.000910174
546.862 0.0009103
546.928 0.000910426
546.993 0.000910552
547.059 0.000910677
547.124 0.000910803
547.19 0.000910929
547.255 0.000911055
547.321 0.000911181
547.387 0.000911307
547.452 0.000911433
547.518 0.00091156
547.583 0.000911686
547.649 0.000911812
547.714 0.000911938
547.779 0.000912065
547.845 0.000912191
547.91 0.000912318
547.976 0.000912444
548.041 0.000912571
548.107 0.000912697
548.172 0.000912824
548.237 0.000912951
548.303 0.000913077
548.368 0.000913204
548.434 0.000913331
548.499 0.000913458
548.564 0.000913585
548.63 0.000913712
548.695 0.000913839
548.76 0.000913966
548.826 0.000914093
548.891 0.00091422
548.956 0.000914347
549.022 0.000914475
549.087 0.000914602
549.152 0.000914729
549.217 0.000914857
549.283 0.000914984
549.348 0.000915112
549.413 0.000915239
549.478 0.000915367
549.544 0.000915495
549.609 0.000915622
549.674 0.00091575
549.739 0.000915878
549.804 0.000916006
549.87 0.000916134
549.935 0.000916262
550 0.00091639
550.065 0.000916518
550.13 0.000916646
550.195 0.000916774
550.261 0.000916902
550.326 0.000917031
550.391 0.000917159
550.456 0.000917287
550.521 0.000917416
550.586 0.000917544
550.651 0.000917673
550.716 0.000917801
550.781 0.00091793
550.846 0.000918058
550.911 0.000918187
550.976 0.000918316
551.041 0.000918445
551.106 0.000918573
551.171 0.000918702
551.236 0.000918831
551.301 0.00091896
551.366 0.000919089
551.431 0.000919218
551.496 0.000919348
551.561 0.000919477
551.626 0.000919606
551.691 0.000919735
551.756 0.000919865
551.821 0.000919994
551.886 0.000920123
551.951 0.000920253
552.015 0.000920382
552.08 0.000920512
552.145 0.000920642
552.21 0.000920771
552.275 0.000920901
552.34 0.000921031
552.404 0.000921161
552.469 0.000921291
552.534 0.000921421
552.599 0.000921551
552.664 0.000921681
552.728 0.000921811
552.793 0.000921941
552.858 0.000922071
552.923 0.000922201
552.987 0.000922331
553.052 0.000922462
553.117 0.000922592
553.182 0.000922723
553.246 0.000922853
553.311 0.000922984
553.376 0.000923114
553.44 0.000923245
553.505 0.000923376
553.57 0.000923506
553.634 0.000923637
553.699 0.000923768
553.764 0.000923899
553.828 0.00092403
553.893 0.000924161
553.957 0.000924292
554.022 0.000924423
554.087 0.000924554
554.151 0.000924685
554.216 0.000924816
554.28 0.000924948
554.345 0.000925079
554.409 0.00092521
554.474 0.000925342
554.538 0.000925473
554.603 0.000925605
554.667 0.000925736
554.732 0.000925868
554.796 0.000926
554.861 0.000926132
554.925 0.000926263
554.99 0.000926395
555.054 0.000926527
555.119 0.000926659
555.183 0.000926791
555.247 0.000926923
555.312 0.000927055
555.376 0.000927187
555.441 0.000927319
555.505 0.000927452
555.569 0.000927584
555.634 0.000927716
555.698 0.000927849
555.762 0.000927981
555.827 0.000928114
555.891 0.000928246
555.955 0.000928379
556.02 0.000928512
556.084 0.000928644
556.148 0.000928777
556.213 0.00092891
556.277 0.000929043
556.341 0.000929176
556.405 0.000929309
556.47 0.000929442
556.534 0.000929575
556.598 0.000929708
556.662 0.000929841
556.726 0.000929974
556.791 0.000930107
556.855 0.000930241
556.919 0.000930374
556.983 0.000930507
557.047 0.000930641
557.111 0.000930774
557.176 0.000930908
557.24 0.000931042
557.304 0.000931175
557.368 0.000931309
557.432 0.000931443
557.496 0.000931577
557.56 0.000931711
557.624 0.000931844
557.688 0.000931978
557.752 0.000932113
557.816 0.000932247
557.88 0.000932381
557.944 0.000932515
558.008 0.000932649
558.072 0.000932783
558.136 0.000932918
558.2 0.000933052
558.264 0.000933187
558.328 0.000933321
558.392 0.000933456
558.456 0.00093359
558.52 0.000933725
558.584 0.00093386
558.648 0.000933994
558.712 0.000934129
558.776 0.000934264
558.84 0.000934399
558.904 0.000934534
558.967 0.000934669
559.031 0.000934804
559.095 0.000934939
559.159 0.000935074
559.223 0.00093521
559.287 0.000935345
559.35 0.00093548
559.414 0.000935616
559.478 0.000935751
559.542 0.000935887
559.606 0.000936022
559.669 0.000936158
559.733 0.000936293
559.797 0.000936429
559.861 0.000936565
559.924 0.000936701
559.988 0.000936836
560.052 0.000936972
560.115 0.000937108
560.179 0.000937244
560.243 0.00093738
560.306 0.000937516
560.37 0.000937653
560.434 0.000937789
560.497 0.000937925
560.561 0.000938061
560.625 0.000938198
560.688 0.000938334
560.752 0.000938471
560.815 0.000938607
560.879 0.000938744
560.943 0.00093888
561.006 0.000939017
561.07 0.000939154
561.133 0.000939291
561.197 0.000939428
561.26 0.000939564
561.324 0.000939701
561.387 0.000939838
561.451 0.000939975
561.514 0.000940113
561.578 0.00094025
561.641 0.000940387
561.705 0.000940524
561.768 0.000940662
561.832 0.000940799
561.895 0.000940936
561.958 0.000941074
562.022 0.000941211
562.085 0.000941349
562.149 0.000941487
562.212 0.000941624
562.275 0.000941762
562.339 0.0009419
562.402 0.000942038
562.465 0.000942176
562.529 0.000942314
562.592 0.000942452
562.655 0.00094259
562.719 0.000942728
562.782 0.000942866
562.845 0.000943004
562.909 0.000943143
562.972 0.000943281
563.035 0.000943419
563.098 0.000943558
563.162 0.000943696
563.225 0.000943835
563.288 0.000943973
563.351 0.000944112
563.414 0.000944251
563.478 0.000944389
563.541 0.000944528
563.604 0.000944667
563.667 0.000944806
563.73 0.000944945
563.793 0.000945084
563.857 0.000945223
563.92 0.000945362
563.983 0.000945501
564.046 0.000945641
564.109 0.00094578
564.172 0.000945919
564.235 0.000946059
564.298 0.000946198
564.361 0.000946338
564.424 0.000946477
564.487 0.000946617
564.55 0.000946757
564.613 0.000946896
564.676 0.000947036
564.739 0.000947176
564.802 0.000947316
564.865 0.000947456
564.928 0.000947596
564.991 0.000947736
565.054 0.000947876
565.117 0.000948016
565.18 0.000948156
565.243 0.000948297
565.306 0.000948437
565.369 0.000948577
565.432 0.000948718
565.495 0.000948858
565.557 0.000948999
565.62 0.000949139
565.683 0.00094928
565.746 0.000949421
565.809 0.000949561
565.872 0.000949702
565.934 0.000949843
565.997 0.000949984
566.06 0.000950125
566.123 0.000950266
566.186 0.000950407
566.248 0.000950548
566.311 0.000950689
566.374 0.000950831
566.437 0.000950972
566.499 0.000951113
566.562 0.000951255
566.625 0.000951396
566.687 0.000951538
566.75 0.000951679
566.813 0.000951821
566.875 0.000951963
566.938 0.000952104
567.001 0.000952246
567.063 0.000952388
567.126 0.00095253
567.189 0.000952672
567.251 0.000952814
567.314 0.000952956
567.376 0.000953098
567.439 0.00095324
567.501 0.000953383
567.564 0.000953525
567.627 0.000953667
567.689 0.00095381
567.752 0.000953952
567.814 0.000954095
567.877 0.000954237
567.939 0.00095438
568.002 0.000954522
568.064 0.000954665
568.127 0.000954808
568.189 0.000954951
568.251 0.000955094
568.314 0.000955237
568.376 0.00095538
568.439 0.000955523
568.501 0.000955666
568.564 0.000955809
568.626 0.000955952
568.688 0.000956096
568.751 0.000956239
568.813 0.000956382
568.875 0.000956526
568.938 0.000956669
569 0.000956813
569.062 0.000956956
569.125 0.0009571
569.187 0.000957244
569.249 0.000957388
569.312 0.000957531
569.374 0.000957675
569.436 0.000957819
569.498 0.000957963
569.561 0.000958107
569.623 0.000958251
569.685 0.000958396
569.747 0.00095854
569.809 0.000958684
569.872 0.000958829
569.934 0.000958973
569.996 0.000959117
570.058 0.000959262
570.12 0.000959406
570.182 0.000959551
570.245 0.000959696
570.307 0.00095984
570.369 0.000959985
570.431 0.00096013
570.493 0.000960275
570.555 0.00096042
570.617 0.000960565
570.679 0.00096071
570.741 0.000960855
570.803 0.000961
570.865 0.000961146
570.927 0.000961291
570.989 0.000961436
571.051 0.000961582
571.113 0.000961727
571.175 0.000961873
571.237 0.000962018
571.299 0.000962164
571.361 0.00096231
571.423 0.000962455
571.485 0.000962601
571.547 0.000962747
571.609 0.000962893
571.671 0.000963039
571.733 0.000963185
571.795 0.000963331
571.856 0.000963477
571.918 0.000963623
571.98 0.00096377
572.042 0.000963916
572.104 0.000964062
572.166 0.000964209
572.227 0.000964355
572.289 0.000964502
572.351 0.000964648
572.413 0.000964795
572.475 0.000964942
572.536 0.000965089
572.598 0.000965235
572.66 0.000965382
572.722 0.000965529
572.783 0.000965676
572.845 0.000965823
572.907 0.00096597
572.968 0.000966118
573.03 0.000966265
573.092 0.000966412
573.153 0.000966559
573.215 0.000966707
573.277 0.000966854
573.338 0.000967002
573.4 0.000967149
573.462 0.000967297
573.523 0.000967445
573.585 0.000967592
573.646 0.00096774
573.708 0.000967888
573.769 0.000968036
573.831 0.000968184
573.893 0.000968332
573.954 0.00096848
574.016 0.000968628
574.077 0.000968776
574.139 0.000968925
574.2 0.000969073
574.262 0.000969221
574.323 0.00096937
574.384 0.000969518
574.446 0.000969667
574.507 0.000969815
574.569 0.000969964
574.63 0.000970113
574.692 0.000970262
574.753 0.00097041
574.814 0.000970559
574.876 0.000970708
574.937 0.000970857
574.998 0.000971006
575.06 0.000971156
575.121 0.000971305
575.183 0.000971454
575.244 0.000971603
575.305 0.000971753
575.366 0.000971902
575.428 0.000972052
575.489 0.000972201
575.55 0.000972351
575.612 0.0009725
575.673 0.00097265
575.734 0.0009728
575.795 0.00097295
575.856 0.0009731
575.918 0.000973249
575.979 0.000973399
576.04 0.00097355
576.101 0.0009737
576.162 0.00097385
576.224 0.000974
576.285 0.00097415
576.346 0.000974301
576.407 0.000974451
576.468 0.000974602
576.529 0.000974752
576.59 0.000974903
576.651 0.000975053
576.712 0.000975204
576.773 0.000975355
576.835 0.000975506
576.896 0.000975657
576.957 0.000975807
577.018 0.000975958
577.079 0.00097611
577.14 0.000976261
577.201 0.000976412
577.262 0.000976563
577.323 0.000976714
577.384 0.000976866
577.444 0.000977017
577.505 0.000977169
577.566 0.00097732
577.627 0.000977472
577.688 0.000977623
577.749 0.000977775
577.81 0.000977927
577.871 0.000978079
577.932 0.000978231
577.993 0.000978382
578.053 0.000978534
578.114 0.000978687
578.175 0.000978839
578.236 0.000978991
578.297 0.000979143
578.358 0.000979295
578.418 0.000979448
578.479 0.0009796
578.54 0.000979753
578.601 0.000979905
578.661 0.000980058
578.722 0.00098021
578.783 0.000980363
578.844 0.000980516
578.904 0.000980669
578.965 0.000980822
579.026 0.000980975
579.086 0.000981128
579.147 0.000981281
579.208 0.000981434
579.268 0.000981587
579.329 0.00098174
579.39 0.000981894
579.45 0.000982047
579.511 0.0009822
579.571 0.000982354
579.632 0.000982507
579.692 0.000982661
579.753 0.000982815
579.814 0.000982969
579.874 0.000983122
579.935 0.000983276
579.995 0.00098343
580.056 0.000983584
580.116 0.000983738
580.177 0.000983892
580.237 0.000984046
580.298 0.000984201
580.358 0.000984355
580.419 0.000984509
580.479 0.000984664
580.539 0.000984818
580.6 0.000984973
580.66 0.000985127
580.721 0.000985282
580.781 0.000985436
580.841 0.000985591
580.902 0.000985746
580.962 0.000985901
581.022 0.000986056
581.083 0.000986211
581.143 0.000986366
581.203 0.000986521
581.264 0.000986676
581.324 0.000986831
581.384 0.000986987
581.445 0.000987142
581.505 0.000987298
581.565 0.000987453
581.625 0.000987609
581.686 0.000987764
581.746 0.00098792
581.806 0.000988076
581.866 0.000988231
581.926 0.000988387
581.987 0.000988543
582.047 0.000988699
582.107 0.000988855
582.167 0.000989011
582.227 0.000989167
582.287 0.000989324
582.347 0.00098948
582.408 0.000989636
582.468 0.000989793
582.528 0.000989949
582.588 0.000990106
582.648 0.000990262
582.708 0.000990419
582.768 0.000990576
582.828 0.000990732
582.888 0.000990889
582.948 0.000991046
583.008 0.000991203
583.068 0.00099136
583.128 0.000991517
583.188 0.000991674
583.248 0.000991832
583.308 0.000991989
583.368 0.000992146
583.428 0.000992303
583.488 0.000992461
583.548 0.000992618
583.607 0.000992776
583.667 0.000992934
583.727 0.000993091
583.787 0.000993249
583.847 0.000993407
583.907 0.000993565
583.967 0.000993723
584.026 0.000993881
584.086 0.000994039
584.146 0.000994197
584.206 0.000994355
584.266 0.000994513
584.325 0.000994672
584.385 0.00099483
584.445 0.000994989
584.505 0.000995147
584.564 0.000995306
584.624 0.000995464
584.684 0.000995623
584.744 0.000995782
584.803 0.00099594
584.863 0.000996099
584.923 0.000996258
584.982 0.000996417
585.042 0.000996576
585.102 0.000996735
585.161 0.000996895
585.221 0.000997054
585.28 0.000997213
585.34 0.000997373
585.4 0.000997532
585.459 0.000997692
585.519 0.000997851
585.578 0.000998011
585.638 0.00099817
585.697 0.00099833
585.757 0.00099849
585.816 0.00099865
585.876 0.00099881
585.935 0.00099897
585.995 0.00099913
586.054 0.00099929
586.114 0.00099945
586.173 0.00099961
586.233 0.000999771
586.292 0.000999931
586.352 0.00100009
586.411 0.00100025
586.47 0.00100041
586.53 0.00100057
586.589 0.00100073
586.648 0.00100089
586.708 0.00100106
586.767 0.00100122
586.826 0.00100138
586.886 0.00100154
586.945 0.0010017
587.004 0.00100186
587.064 0.00100202
587.123 0.00100218
587.182 0.00100234
587.241 0.00100251
587.301 0.00100267
587.36 0.00100283
587.419 0.00100299
587.478 0.00100315
587.538 0.00100331
587.597 0.00100348
587.656 0.00100364
587.715 0.0010038
587.774 0.00100396
587.833 0.00100412
587.893 0.00100429
587.952 0.00100445
588.011 0.00100461
588.07 0.00100477
588.129 0.00100493
588.188 0.0010051
588.247 0.00100526
588.306 0.00100542
588.365 0.00100558
588.424 0.00100575
588.483 0.00100591
588.543 0.00100607
588.602 0.00100624
588.661 0.0010064
588.72 0.00100656
588.779 0.00100672
588.837 0.00100689
588.896 0.00100705
588.955 0.00100721
589.014 0.00100738
589.073 0.00100754
589.132 0.0010077
589.191 0.00100787
589.25 0.00100803
589.309 0.00100819
589.368 0.00100836
589.427 0.00100852
589.485 0.00100869
589.544 0.00100885
589.603 0.00100901
589.662 0.00100918
589.721 0.00100934
589.78 0.00100951
589.838 0.00100967
589.897 0.00100983
589.956 0.00101
590.015 0.00101016
590.073 0.00101033
590.132 0.00101049
590.191 0.00101066
590.25 0.00101082
590.308 0.00101099
590.367 0.00101115
590.426 0.00101132
590.484 0.00101148
590.543 0.00101165
590.602 0.00101181
590.66 0.00101198
590.719 0.00101214
590.778 0.00101231
590.836 0.00101247
590.895 0.00101264
590.953 0.0010128
591.012 0.00101297
591.071 0.00101313
591.129 0.0010133
591.188 0.00101347
591.246 0.00101363
591.305 0.0010138
591.363 0.00101396
591.422 0.00101413
591.48 0.00101429
591.539 0.00101446
591.597 0.00101463
591.656 0.00101479
591.714 0.00101496
591.773 0.00101513
591.831 0.00101529
591.889 0.00101546
591.948 0.00101563
592.006 0.00101579
592.065 0.00101596
592.123 0.00101613
592.181 0.00101629
592.24 0.00101646
592.298 0.00101663
592.356 0.00101679
592.415 0.00101696
592.473 0.00101713
592.531 0.00101729
592.59 0.00101746
592.648 0.00101763
592.706 0.0010178
592.764 0.00101796
592.823 0.00101813
592.881 0.0010183
592.939 0.00101847
592.997 0.00101863
593.056 0.0010188
593.114 0.00101897
593.172 0.00101914
593.23 0.00101931
593.288 0.00101947
593.346 0.00101964
593.405 0.00101981
593.463 0.00101998
593.521 0.00102015
593.579 0.00102032
593.637 0.00102048
593.695 0.00102065
593.753 0.00102082
593.811 0.00102099
593.869 0.00102116
593.927 0.00102133
593.985 0.0010215
594.043 0.00102167
594.101 0.00102183
594.159 0.001022
594.217 0.00102217
594.275 0.00102234
594.333 0.00102251
594.391 0.00102268
594.449 0.00102285
594.507 0.00102302
594.565 0.00102319
594.623 0.00102336
594.681 0.00102353
594.739 0.0010237
594.797 0.00102387
594.854 0.00102404
594.912 0.00102421
594.97 0.00102438
595.028 0.00102455
595.086 0.00102472
595.144 0.00102489
595.201 0.00102506
595.259 0.00102523
595.317 0.0010254
595.375 0.00102557
595.433 0.00102574
595.49 0.00102591
595.548 0.00102608
595.606 0.00102625
595.664 0.00102642
595.721 0.00102659
595.779 0.00102677
595.837 0.00102694
595.894 0.00102711
595.952 0.00102728
596.01 0.00102745
596.067 0.00102762
596.125 0.00102779
596.183 0.00102796
596.24 0.00102814
596.298 0.00102831
596.355 0.00102848
596.413 0.00102865
596.47 0.00102882
596.528 0.00102899
596.586 0.00102917
596.643 0.00102934
596.701 0.00102951
596.758 0.00102968
596.816 0.00102986
596.873 0.00103003
596.931 0.0010302
596.988 0.00103037
597.046 0.00103054
597.103 0.00103072
597.16 0.00103089
597.218 0.00103106
597.275 0.00103124
597.333 0.00103141
597.39 0.00103158
597.447 0.00103175
597.505 0.00103193
597.562 0.0010321
597.62 0.00103227
597.677 0.00103245
597.734 0.00103262
597.791 0.00103279
597.849 0.00103297
597.906 0.00103314
597.963 0.00103331
598.021 0.00103349
598.078 0.00103366
598.135 0.00103383
598.192 0.00103401
598.25 0.00103418
598.307 0.00103436
598.364 0.00103453
598.421 0.0010347
598.478 0.00103488
598.536 0.00103505
598.593 0.00103523
598.65 0.0010354
598.707 0.00103558
598.764 0.00103575
598.821 0.00103593
598.878 0.0010361
598.936 0.00103628
598.993 0.00103645
599.05 0.00103662
599.107 0.0010368
599.164 0.00103697
599.221 0.00103715
599.278 0.00103733
599.335 0.0010375
599.392 0.00103768
599.449 0.00103785
599.506 0.00103803
599.563 0.0010382
599.62 0.00103838
599.677 0.00103855
599.734 0.00103873
599.791 0.0010389
599.848 0.00103908
599.905 0.00103926
599.961 0.00103943
600.018 0.00103961
600.075 0.00103978
600.132 0.00103996
600.189 0.00104014
600.246 0.00104031
600.303 0.00104049
600.359 0.00104067
600.416 0.00104084
600.473 0.00104102
600.53 0.0010412
600.587 0.00104137
600.643 0.00104155
600.7 0.00104173
600.757 0.0010419
600.814 0.00104208
600.87 0.00104226
600.927 0.00104244
600.984 0.00104261
601.04 0.00104279
601.097 0.00104297
601.154 0.00104315
601.21 0.00104332
601.267 0.0010435
601.324 0.00104368
601.38 0.00104386
601.437 0.00104403
601.494 0.00104421
601.55 0.00104439
601.607 0.00104457
601.663 0.00104475
601.72 0.00104492
601.776 0.0010451
601.833 0.00104528
601.89 0.00104546
601.946 0.00104564
602.003 0.00104582
602.059 0.00104599
602.116 0.00104617
602.172 0.00104635
602.228 0.00104653
602.285 0.00104671
602.341 0.00104689
602.398 0.00104707
602.454 0.00104725
602.511 0.00104743
602.567 0.00104761
602.623 0.00104779
602.68 0.00104796
602.736 0.00104814
602.792 0.00104832
602.849 0.0010485
602.905 0.00104868
602.961 0.00104886
603.018 0.00104904
603.074 0.00104922
603.13 0.0010494
603.187 0.00104958
603.243 0.00104976
603.299 0.00104994
603.355 0.00105012
603.412 0.0010503
603.468 0.00105048
603.524 0.00105066
603.58 0.00105085
603.636 0.00105103
603.693 0.00105121
603.749 0.00105139
603.805 0.00105157
603.861 0.00105175
603.917 0.00105193
603.973 0.00105211
604.029 0.00105229
604.085 0.00105247
604.142 0.00105265
604.198 0.00105284
604.254 0.00105302
604.31 0.0010532
604.366 0.00105338
604.422 0.00105356
604.478 0.00105374
604.534 0.00105393
604.59 0.00105411
604.646 0.00105429
604.702 0.00105447
604.758 0.00105465
604.814 0.00105484
604.87 0.00105502
604.926 0.0010552
604.982 0.00105538
605.037 0.00105557
605.093 0.00105575
605.149 0.00105593
605.205 0.00105611
605.261 0.0010563
605.317 0.00105648
605.373 0.00105666
605.428 0.00105684
605.484 0.00105703
605.54 0.00105721
605.596 0.00105739
605.652 0.00105758
605.707 0.00105776
605.763 0.00105794
605.819 0.00105813
605.875 0.00105831
605.93 0.0010585
605.986 0.00105868
606.042 0.00105886
606.098 0.00105905
606.153 0.00105923
606.209 0.00105941
606.265 0.0010596
606.32 0.00105978
606.376 0.00105997
606.432 0.00106015
606.487 0.00106034
606.543 0.00106052
606.598 0.0010607
606.654 0.00106089
606.709 0.00106107
606.765 0.00106126
606.821 0.00106144
606.876 0.00106163
606.932 0.00106181
606.987 0.001062
607.043 0.00106218
607.098 0.00106237
607.154 0.00106255
607.209 0.00106274
607.265 0.00106292
607.32 0.00106311
607.376 0.0010633
607.431 0.00106348
607.486 0.00106367
607.542 0.00106385
607.597 0.00106404
607.653 0.00106422
607.708 0.00106441
607.763 0.0010646
607.819 0.00106478
607.874 0.00106497
607.929 0.00106516
607.985 0.00106534
608.04 0.00106553
608.095 0.00106572
608.15 0.0010659
608.206 0.00106609
608.261 0.00106628
608.316 0.00106646
608.372 0.00106665
608.427 0.00106684
608.482 0.00106702
608.537 0.00106721
608.592 0.0010674
608.648 0.00106758
608.703 0.00106777
608.758 0.00106796
608.813 0.00106815
608.868 0.00106833
608.923 0.00106852
608.978 0.00106871
609.034 0.0010689
609.089 0.00106909
609.144 0.00106927
609.199 0.00106946
609.254 0.00106965
609.309 0.00106984
609.364 0.00107003
609.419 0.00107021
609.474 0.0010704
609.529 0.00107059
609.584 0.00107078
609.639 0.00107097
609.694 0.00107116
609.749 0.00107135
609.804 0.00107154
609.859 0.00107172
609.914 0.00107191
609.969 0.0010721
610.023 0.00107229
610.078 0.00107248
610.133 0.00107267
610.188 0.00107286
610.243 0.00107305
610.298 0.00107324
610.353 0.00107343
610.407 0.00107362
610.462 0.00107381
610.517 0.001074
610.572 0.00107419
610.627 0.00107438
610.681 0.00107457
610.736 0.00107476
610.791 0.00107495
