296.686 0.0490245
296.931 0.0490239
297.176 0.0490233
297.421 0.0490227
297.666 0.0490221
297.911 0.0490214
298.157 0.0490208
298.402 0.0490202
298.647 0.0490196
298.892 0.049019
299.137 0.0490184
299.382 0.0490178
299.627 0.0490171
299.872 0.0490165
300.118 0.0490159
300.363 0.0490153
300.608 0.0490147
300.853 0.0490141
301.098 0.0490135
301.343 0.0490129
301.589 0.0490122
301.834 0.0490116
302.079 0.049011
302.324 0.0490104
302.569 0.0490098
302.814 0.0490092
303.06 0.0490086
303.305 0.049008
303.55 0.0490074
303.795 0.0490067
304.041 0.0490061
304.286 0.0490055
304.531 0.0490049
304.776 0.0490043
305.022 0.0490037
305.267 0.0490031
305.512 0.0490025
305.757 0.0490019
306.003 0.0490013
306.248 0.0490007
306.493 0.0490001
306.739 0.0489995
306.984 0.0489988
307.229 0.0489982
307.475 0.0489976
307.72 0.048997
307.965 0.0489964
308.21 0.0489958
308.456 0.0489952
308.701 0.0489946
308.947 0.048994
309.192 0.0489934
309.437 0.0489928
309.683 0.0489922
309.928 0.0489916
310.173 0.048991
310.419 0.0489904
310.664 0.0489898
310.91 0.0489892
311.155 0.0489886
311.4 0.048988
311.646 0.0489874
311.891 0.0489868
312.137 0.0489862
312.382 0.0489856
312.627 0.048985
312.873 0.0489844
313.118 0.0489838
313.364 0.0489832
313.609 0.0489826
313.855 0.048982
314.1 0.0489814
314.346 0.0489808
314.591 0.0489802
314.837 0.0489796
315.082 0.048979
315.328 0.0489784
315.573 0.0489778
315.819 0.0489772
316.064 0.0489766
316.31 0.048976
316.555 0.0489754
316.801 0.0489749
317.046 0.0489743
317.292 0.0489737
317.537 0.0489731
317.783 0.0489725
318.028 0.0489719
318.274 0.0489713
318.52 0.0489707
318.765 0.0489701
319.011 0.0489695
319.256 0.0489689
319.502 0.0489683
319.748 0.0489677
319.993 0.0489671
320.239 0.0489666
320.484 0.048966
320.73 0.0489654
320.976 0.0489648
321.221 0.0489642
321.467 0.0489636
321.712 0.048963
321.958 0.0489624
322.204 0.0489618
322.449 0.0489613
322.695 0.0489607
322.941 0.0489601
323.186 0.0489595
323.432 0.0489589
323.678 0.0489583
323.924 0.0489577
324.169 0.0489571
324.415 0.0489566
324.661 0.048956
324.906 0.0489554
325.152 0.0489548
325.398 0.0489542
325.644 0.0489536
325.889 0.0489531
326.135 0.0489525
326.381 0.0489519
326.626 0.0489513
326.872 0.0489507
327.118 0.0489501
327.364 0.0489496
327.61 0.048949
327.855 0.0489484
328.101 0.0489478
328.347 0.0489472
328.593 0.0489466
328.838 0.0489461
329.084 0.0489455
329.33 0.0489449
329.576 0.0489443
329.822 0.0489437
330.068 0.0489432
330.313 0.0489426
330.559 0.048942
330.805 0.0489414
331.051 0.0489409
331.297 0.0489403
331.543 0.0489397
331.788 0.0489391
332.034 0.0489385
332.28 0.048938
332.526 0.0489374
332.772 0.0489368
333.018 0.0489362
333.264 0.0489357
333.51 0.0489351
333.756 0.0489345
334.001 0.0489339
334.247 0.0489334
334.493 0.0489328
334.739 0.0489322
334.985 0.0489316
335.231 0.0489311
335.477 0.0489305
335.723 0.0489299
335.969 0.0489294
336.215 0.0489288
336.461 0.0489282
336.707 0.0489276
336.953 0.0489271
337.199 0.0489265
337.445 0.0489259
337.691 0.0489254
337.937 0.0489248
338.183 0.0489242
338.429 0.0489236
338.675 0.0489231
338.921 0.0489225
339.167 0.0489219
339.413 0.0489214
339.659 0.0489208
339.905 0.0489202
340.151 0.0489197
340.397 0.0489191
340.643 0.0489185
340.889 0.048918
341.135 0.0489174
341.381 0.0489168
341.627 0.0489163
341.873 0.0489157
342.119 0.0489151
342.366 0.0489146
342.612 0.048914
342.858 0.0489134
343.104 0.0489129
343.35 0.0489123
343.596 0.0489117
343.842 0.0489112
344.088 0.0489106
344.334 0.0489101
344.581 0.0489095
344.827 0.0489089
345.073 0.0489084
345.319 0.0489078
345.565 0.0489072
345.811 0.0489067
346.058 0.0489061
346.304 0.0489056
346.55 0.048905
346.796 0.0489044
347.042 0.0489039
347.288 0.0489033
347.535 0.0489028
347.781 0.0489022
348.027 0.0489016
348.273 0.0489011
348.519 0.0489005
348.766 0.0489
349.012 0.0488994
349.258 0.0488989
349.504 0.0488983
349.751 0.0488977
349.997 0.0488972
350.243 0.0488966
350.489 0.0488961
350.736 0.0488955
350.982 0.048895
351.228 0.0488944
351.474 0.0488938
351.721 0.0488933
351.967 0.0488927
352.213 0.0488922
352.46 0.0488916
352.706 0.0488911
352.952 0.0488905
353.199 0.04889
353.445 0.0488894
353.691 0.0488889
353.937 0.0488883
354.184 0.0488878
354.43 0.0488872
354.676 0.0488867
354.923 0.0488861
355.169 0.0488856
355.416 0.048885
355.662 0.0488845
355.908 0.0488839
356.155 0.0488834
356.401 0.0488828
356.647 0.0488823
356.894 0.0488817
357.14 0.0488812
357.387 0.0488806
357.633 0.0488801
357.879 0.0488795
358.126 0.048879
358.372 0.0488784
358.619 0.0488779
358.865 0.0488773
359.111 0.0488768
359.358 0.0488762
359.604 0.0488757
359.851 0.0488751
360.097 0.0488746
360.344 0.0488741
360.59 0.0488735
360.837 0.048873
361.083 0.0488724
361.33 0.0488719
361.576 0.0488713
361.823 0.0488708
362.069 0.0488703
362.316 0.0488697
362.562 0.0488692
362.809 0.0488686
363.055 0.0488681
363.302 0.0488675
363.548 0.048867
363.795 0.0488665
364.041 0.0488659
364.288 0.0488654
364.534 0.0488648
364.781 0.0488643
365.027 0.0488638
365.274 0.0488632
365.52 0.0488627
365.767 0.0488621
366.013 0.0488616
366.26 0.0488611
366.507 0.0488605
366.753 0.04886
367 0.0488595
367.246 0.0488589
367.493 0.0488584
367.74 0.0488578
367.986 0.0488573
368.233 0.0488568
368.479 0.0488562
368.726 0.0488557
368.973 0.0488552
369.219 0.0488546
369.466 0.0488541
369.713 0.0488536
369.959 0.048853
370.206 0.0488525
370.452 0.048852
370.699 0.0488514
370.946 0.0488509
371.192 0.0488504
371.439 0.0488498
371.686 0.0488493
371.932 0.0488488
372.179 0.0488482
372.426 0.0488477
372.673 0.0488472
372.919 0.0488466
373.166 0.0488461
373.413 0.0488456
373.659 0.0488451
373.906 0.0488445
374.153 0.048844
374.399 0.0488435
374.646 0.0488429
374.893 0.0488424
375.14 0.0488419
375.386 0.0488414
375.633 0.0488408
375.88 0.0488403
376.127 0.0488398
376.373 0.0488393
376.62 0.0488387
376.867 0.0488382
377.114 0.0488377
377.361 0.0488371
377.607 0.0488366
377.854 0.0488361
378.101 0.0488356
378.348 0.0488351
378.595 0.0488345
378.841 0.048834
379.088 0.0488335
379.335 0.048833
379.582 0.0488324
379.829 0.0488319
380.075 0.0488314
380.322 0.0488309
380.569 0.0488303
380.816 0.0488298
381.063 0.0488293
381.31 0.0488288
381.557 0.0488283
381.803 0.0488277
382.05 0.0488272
382.297 0.0488267
382.544 0.0488262
382.791 0.0488257
383.038 0.0488251
383.285 0.0488246
383.532 0.0488241
383.778 0.0488236
384.025 0.0488231
384.272 0.0488226
384.519 0.048822
384.766 0.0488215
385.013 0.048821
385.26 0.0488205
385.507 0.04882
385.754 0.0488195
386.001 0.0488189
386.248 0.0488184
386.495 0.0488179
386.742 0.0488174
386.989 0.0488169
387.235 0.0488164
387.482 0.0488158
387.729 0.0488153
387.976 0.0488148
388.223 0.0488143
388.47 0.0488138
388.717 0.0488133
388.964 0.0488128
389.211 0.0488123
389.458 0.0488117
389.705 0.0488112
389.952 0.0488107
390.199 0.0488102
390.446 0.0488097
390.693 0.0488092
390.94 0.0488087
391.187 0.0488082
391.434 0.0488077
391.682 0.0488072
391.929 0.0488066
392.176 0.0488061
392.423 0.0488056
392.67 0.0488051
392.917 0.0488046
393.164 0.0488041
393.411 0.0488036
393.658 0.0488031
393.905 0.0488026
394.152 0.0488021
394.399 0.0488016
394.646 0.0488011
394.893 0.0488006
395.141 0.0488001
395.388 0.0487996
395.635 0.048799
395.882 0.0487985
396.129 0.048798
396.376 0.0487975
396.623 0.048797
396.87 0.0487965
397.117 0.048796
397.365 0.0487955
397.612 0.048795
397.859 0.0487945
398.106 0.048794
398.353 0.0487935
398.6 0.048793
398.848 0.0487925
399.095 0.048792
399.342 0.0487915
399.589 0.048791
399.836 0.0487905
400.083 0.04879
400.331 0.0487895
400.578 0.048789
400.825 0.0487885
401.072 0.048788
401.319 0.0487875
401.567 0.048787
401.814 0.0487865
402.061 0.048786
402.308 0.0487855
402.555 0.048785
402.803 0.0487845
403.05 0.048784
403.297 0.0487835
403.544 0.048783
403.792 0.0487826
404.039 0.0487821
404.286 0.0487816
404.533 0.0487811
404.781 0.0487806
405.028 0.0487801
405.275 0.0487796
405.523 0.0487791
405.77 0.0487786
406.017 0.0487781
406.264 0.0487776
406.512 0.0487771
406.759 0.0487766
407.006 0.0487761
407.254 0.0487756
407.501 0.0487752
407.748 0.0487747
407.995 0.0487742
408.243 0.0487737
408.49 0.0487732
408.737 0.0487727
408.985 0.0487722
409.232 0.0487717
409.479 0.0487712
409.727 0.0487707
409.974 0.0487703
410.222 0.0487698
410.469 0.0487693
410.716 0.0487688
410.964 0.0487683
411.211 0.0487678
411.458 0.0487673
411.706 0.0487668
411.953 0.0487664
412.201 0.0487659
412.448 0.0487654
412.695 0.0487649
412.943 0.0487644
413.19 0.0487639
413.437 0.0487634
413.685 0.048763
413.932 0.0487625
414.18 0.048762
414.427 0.0487615
414.675 0.048761
414.922 0.0487605
415.169 0.0487601
415.417 0.0487596
415.664 0.0487591
415.912 0.0487586
416.159 0.0487581
416.407 0.0487577
416.654 0.0487572
416.902 0.0487567
417.149 0.0487562
417.397 0.0487557
417.644 0.0487553
417.891 0.0487548
418.139 0.0487543
418.386 0.0487538
418.634 0.0487533
418.881 0.0487529
419.129 0.0487524
419.376 0.0487519
419.624 0.0487514
419.871 0.048751
420.119 0.0487505
420.366 0.04875
420.614 0.0487495
420.862 0.048749
421.109 0.0487486
421.357 0.0487481
421.604 0.0487476
421.852 0.0487471
422.099 0.0487467
422.347 0.0487462
422.594 0.0487457
422.842 0.0487452
423.089 0.0487448
423.337 0.0487443
423.585 0.0487438
423.832 0.0487434
424.08 0.0487429
424.327 0.0487424
424.575 0.0487419
424.822 0.0487415
425.07 0.048741
425.318 0.0487405
425.565 0.0487401
425.813 0.0487396
426.06 0.0487391
426.308 0.0487386
426.556 0.0487382
426.803 0.0487377
427.051 0.0487372
427.298 0.0487368
427.546 0.0487363
427.794 0.0487358
428.041 0.0487354
428.289 0.0487349
428.537 0.0487344
428.784 0.048734
429.032 0.0487335
429.28 0.048733
429.527 0.0487326
429.775 0.0487321
430.023 0.0487316
430.27 0.0487312
430.518 0.0487307
430.766 0.0487302
431.013 0.0487298
431.261 0.0487293
431.509 0.0487288
431.756 0.0487284
432.004 0.0487279
432.252 0.0487274
432.499 0.048727
432.747 0.0487265
432.995 0.0487261
433.243 0.0487256
433.49 0.0487251
433.738 0.0487247
433.986 0.0487242
434.233 0.0487238
434.481 0.0487233
434.729 0.0487228
434.977 0.0487224
435.224 0.0487219
435.472 0.0487215
435.72 0.048721
435.968 0.0487205
436.215 0.0487201
436.463 0.0487196
436.711 0.0487192
436.959 0.0487187
437.206 0.0487182
437.454 0.0487178
437.702 0.0487173
437.95 0.0487169
438.198 0.0487164
438.445 0.048716
438.693 0.0487155
438.941 0.048715
439.189 0.0487146
439.436 0.0487141
439.684 0.0487137
439.932 0.0487132
440.18 0.0487128
440.428 0.0487123
440.676 0.0487119
440.923 0.0487114
441.171 0.048711
441.419 0.0487105
441.667 0.0487101
441.915 0.0487096
442.163 0.0487091
442.41 0.0487087
442.658 0.0487082
442.906 0.0487078
443.154 0.0487073
443.402 0.0487069
443.65 0.0487064
443.898 0.048706
444.145 0.0487055
444.393 0.0487051
444.641 0.0487046
444.889 0.0487042
445.137 0.0487037
445.385 0.0487033
445.633 0.0487028
445.881 0.0487024
446.128 0.048702
446.376 0.0487015
446.624 0.0487011
446.872 0.0487006
447.12 0.0487002
447.368 0.0486997
447.616 0.0486993
447.864 0.0486988
448.112 0.0486984
448.36 0.0486979
448.608 0.0486975
448.856 0.048697
449.104 0.0486966
449.351 0.0486962
449.599 0.0486957
449.847 0.0486953
450.095 0.0486948
450.343 0.0486944
450.591 0.0486939
450.839 0.0486935
451.087 0.0486931
451.335 0.0486926
451.583 0.0486922
451.831 0.0486917
452.079 0.0486913
452.327 0.0486909
452.575 0.0486904
452.823 0.04869
453.071 0.0486895
453.319 0.0486891
453.567 0.0486887
453.815 0.0486882
454.063 0.0486878
454.311 0.0486873
454.559 0.0486869
454.807 0.0486865
455.055 0.048686
455.303 0.0486856
455.551 0.0486852
455.799 0.0486847
456.047 0.0486843
456.295 0.0486838
456.543 0.0486834
456.791 0.048683
457.039 0.0486825
457.287 0.0486821
457.535 0.0486817
457.783 0.0486812
458.031 0.0486808
458.28 0.0486804
458.528 0.0486799
458.776 0.0486795
459.024 0.0486791
459.272 0.0486786
459.52 0.0486782
459.768 0.0486778
460.016 0.0486773
460.264 0.0486769
460.512 0.0486765
460.76 0.048676
461.008 0.0486756
461.257 0.0486752
461.505 0.0486748
461.753 0.0486743
462.001 0.0486739
462.249 0.0486735
462.497 0.048673
462.745 0.0486726
462.993 0.0486722
463.241 0.0486717
463.49 0.0486713
463.738 0.0486709
463.986 0.0486705
464.234 0.04867
464.482 0.0486696
464.73 0.0486692
464.978 0.0486688
465.227 0.0486683
465.475 0.0486679
465.723 0.0486675
465.971 0.0486671
466.219 0.0486666
466.467 0.0486662
466.715 0.0486658
466.964 0.0486654
467.212 0.0486649
467.46 0.0486645
467.708 0.0486641
467.956 0.0486637
468.205 0.0486632
468.453 0.0486628
468.701 0.0486624
468.949 0.048662
469.197 0.0486616
469.446 0.0486611
469.694 0.0486607
469.942 0.0486603
470.19 0.0486599
470.438 0.0486594
470.687 0.048659
470.935 0.0486586
471.183 0.0486582
471.431 0.0486578
471.679 0.0486574
471.928 0.0486569
472.176 0.0486565
472.424 0.0486561
472.672 0.0486557
472.921 0.0486553
473.169 0.0486548
473.417 0.0486544
473.665 0.048654
473.914 0.0486536
474.162 0.0486532
474.41 0.0486528
474.658 0.0486523
474.907 0.0486519
475.155 0.0486515
475.403 0.0486511
475.652 0.0486507
475.9 0.0486503
476.148 0.0486499
476.396 0.0486494
476.645 0.048649
476.893 0.0486486
477.141 0.0486482
477.39 0.0486478
477.638 0.0486474
477.886 0.048647
478.134 0.0486466
478.383 0.0486462
478.631 0.0486457
478.879 0.0486453
479.128 0.0486449
479.376 0.0486445
479.624 0.0486441
479.873 0.0486437
480.121 0.0486433
480.369 0.0486429
480.618 0.0486425
480.866 0.0486421
481.114 0.0486416
481.363 0.0486412
481.611 0.0486408
481.859 0.0486404
482.108 0.04864
482.356 0.0486396
482.604 0.0486392
482.853 0.0486388
483.101 0.0486384
483.35 0.048638
483.598 0.0486376
483.846 0.0486372
484.095 0.0486368
484.343 0.0486364
484.591 0.048636
484.84 0.0486356
485.088 0.0486352
485.337 0.0486347
485.585 0.0486343
485.833 0.0486339
486.082 0.0486335
486.33 0.0486331
486.579 0.0486327
486.827 0.0486323
487.075 0.0486319
487.324 0.0486315
487.572 0.0486311
487.821 0.0486307
488.069 0.0486303
488.318 0.0486299
488.566 0.0486295
488.814 0.0486291
489.063 0.0486287
489.311 0.0486283
489.56 0.0486279
489.808 0.0486275
490.057 0.0486271
490.305 0.0486267
490.553 0.0486263
490.802 0.0486259
491.05 0.0486255
491.299 0.0486252
491.547 0.0486248
491.796 0.0486244
492.044 0.048624
492.293 0.0486236
492.541 0.0486232
492.79 0.0486228
493.038 0.0486224
493.287 0.048622
493.535 0.0486216
493.783 0.0486212
494.032 0.0486208
494.28 0.0486204
494.529 0.04862
494.777 0.0486196
495.026 0.0486192
495.274 0.0486188
495.523 0.0486184
495.771 0.0486181
496.02 0.0486177
496.268 0.0486173
496.517 0.0486169
496.765 0.0486165
497.014 0.0486161
497.262 0.0486157
497.511 0.0486153
497.76 0.0486149
498.008 0.0486145
498.257 0.0486142
498.505 0.0486138
498.754 0.0486134
499.002 0.048613
499.251 0.0486126
499.499 0.0486122
499.748 0.0486118
499.996 0.0486114
500.245 0.0486111
500.493 0.0486107
500.742 0.0486103
500.991 0.0486099
501.239 0.0486095
501.488 0.0486091
501.736 0.0486087
501.985 0.0486084
502.233 0.048608
502.482 0.0486076
502.731 0.0486072
502.979 0.0486068
503.228 0.0486064
503.476 0.0486061
503.725 0.0486057
503.973 0.0486053
504.222 0.0486049
504.471 0.0486045
504.719 0.0486041
504.968 0.0486038
505.216 0.0486034
505.465 0.048603
505.714 0.0486026
505.962 0.0486022
506.211 0.0486019
506.459 0.0486015
506.708 0.0486011
506.957 0.0486007
507.205 0.0486003
507.454 0.0486
507.703 0.0485996
507.951 0.0485992
508.2 0.0485988
508.448 0.0485984
508.697 0.0485981
508.946 0.0485977
509.194 0.0485973
509.443 0.0485969
509.692 0.0485966
509.94 0.0485962
510.189 0.0485958
510.438 0.0485954
510.686 0.0485951
510.935 0.0485947
511.183 0.0485943
511.432 0.0485939
511.681 0.0485936
511.929 0.0485932
512.178 0.0485928
512.427 0.0485924
512.675 0.0485921
512.924 0.0485917
513.173 0.0485913
513.421 0.048591
513.67 0.0485906
513.919 0.0485902
514.168 0.0485898
514.416 0.0485895
514.665 0.0485891
514.914 0.0485887
515.162 0.0485884
515.411 0.048588
515.66 0.0485876
515.908 0.0485873
516.157 0.0485869
516.406 0.0485865
516.655 0.0485861
516.903 0.0485858
517.152 0.0485854
517.401 0.048585
517.649 0.0485847
517.898 0.0485843
518.147 0.0485839
518.396 0.0485836
518.644 0.0485832
518.893 0.0485828
519.142 0.0485825
519.39 0.0485821
519.639 0.0485817
519.888 0.0485814
520.137 0.048581
520.385 0.0485807
520.634 0.0485803
520.883 0.0485799
521.132 0.0485796
521.38 0.0485792
521.629 0.0485788
521.878 0.0485785
522.127 0.0485781
522.375 0.0485778
522.624 0.0485774
522.873 0.048577
523.122 0.0485767
523.37 0.0485763
523.619 0.0485759
523.868 0.0485756
524.117 0.0485752
524.366 0.0485749
524.614 0.0485745
524.863 0.0485741
525.112 0.0485738
525.361 0.0485734
525.609 0.0485731
525.858 0.0485727
526.107 0.0485724
526.356 0.048572
526.605 0.0485716
526.853 0.0485713
527.102 0.0485709
527.351 0.0485706
527.6 0.0485702
527.849 0.0485699
528.097 0.0485695
528.346 0.0485691
528.595 0.0485688
528.844 0.0485684
529.093 0.0485681
529.341 0.0485677
529.59 0.0485674
529.839 0.048567
530.088 0.0485667
530.337 0.0485663
530.586 0.048566
530.834 0.0485656
531.083 0.0485653
531.332 0.0485649
531.581 0.0485646
531.83 0.0485642
532.079 0.0485639
532.327 0.0485635
532.576 0.0485632
532.825 0.0485628
533.074 0.0485625
533.323 0.0485621
533.572 0.0485618
533.821 0.0485614
534.069 0.0485611
534.318 0.0485607
534.567 0.0485604
534.816 0.04856
535.065 0.0485597
535.314 0.0485593
535.563 0.048559
535.811 0.0485586
536.06 0.0485583
536.309 0.0485579
536.558 0.0485576
536.807 0.0485572
537.056 0.0485569
537.305 0.0485565
537.554 0.0485562
537.802 0.0485559
538.051 0.0485555
538.3 0.0485552
538.549 0.0485548
538.798 0.0485545
539.047 0.0485541
539.296 0.0485538
539.545 0.0485534
539.794 0.0485531
540.042 0.0485528
540.291 0.0485524
540.54 0.0485521
540.789 0.0485517
541.038 0.0485514
541.287 0.0485511
541.536 0.0485507
541.785 0.0485504
542.034 0.04855
542.283 0.0485497
542.532 0.0485494
542.781 0.048549
543.029 0.0485487
543.278 0.0485483
543.527 0.048548
543.776 0.0485477
544.025 0.0485473
544.274 0.048547
544.523 0.0485467
544.772 0.0485463
545.021 0.048546
545.27 0.0485456
545.519 0.0485453
545.768 0.048545
546.017 0.0485446
546.266 0.0485443
546.515 0.048544
546.763 0.0485436
547.012 0.0485433
547.261 0.048543
547.51 0.0485426
547.759 0.0485423
548.008 0.048542
548.257 0.0485416
548.506 0.0485413
548.755 0.048541
549.004 0.0485406
549.253 0.0485403
549.502 0.04854
549.751 0.0485396
550 0.0485393
550.249 0.048539
550.498 0.0485386
550.747 0.0485383
550.996 0.048538
551.245 0.0485377
551.494 0.0485373
551.743 0.048537
551.992 0.0485367
552.241 0.0485363
552.49 0.048536
552.739 0.0485357
552.988 0.0485354
553.237 0.048535
553.486 0.0485347
553.735 0.0485344
553.984 0.048534
554.233 0.0485337
554.482 0.0485334
554.731 0.0485331
554.98 0.0485327
555.229 0.0485324
555.478 0.0485321
555.727 0.0485318
555.976 0.0485314
556.225 0.0485311
556.474 0.0485308
556.723 0.0485305
556.972 0.0485301
557.221 0.0485298
557.47 0.0485295
557.719 0.0485292
557.968 0.0485289
558.217 0.0485285
558.466 0.0485282
558.715 0.0485279
558.964 0.0485276
559.213 0.0485272
559.462 0.0485269
559.711 0.0485266
559.96 0.0485263
560.209 0.048526
560.458 0.0485256
560.707 0.0485253
560.956 0.048525
561.205 0.0485247
561.454 0.0485244
561.704 0.0485241
561.953 0.0485237
562.202 0.0485234
562.451 0.0485231
562.7 0.0485228
562.949 0.0485225
563.198 0.0485222
563.447 0.0485218
563.696 0.0485215
563.945 0.0485212
564.194 0.0485209
564.443 0.0485206
564.692 0.0485203
564.941 0.0485199
565.19 0.0485196
565.439 0.0485193
565.689 0.048519
565.938 0.0485187
566.187 0.0485184
566.436 0.0485181
566.685 0.0485178
566.934 0.0485174
567.183 0.0485171
567.432 0.0485168
567.681 0.0485165
567.93 0.0485162
568.179 0.0485159
568.428 0.0485156
568.677 0.0485153
568.927 0.048515
569.176 0.0485146
569.425 0.0485143
569.674 0.048514
569.923 0.0485137
570.172 0.0485134
570.421 0.0485131
570.67 0.0485128
570.919 0.0485125
571.168 0.0485122
571.418 0.0485119
571.667 0.0485116
571.916 0.0485113
572.165 0.0485109
572.414 0.0485106
572.663 0.0485103
572.912 0.04851
573.161 0.0485097
573.41 0.0485094
573.66 0.0485091
573.909 0.0485088
574.158 0.0485085
574.407 0.0485082
574.656 0.0485079
574.905 0.0485076
575.154 0.0485073
575.403 0.048507
575.652 0.0485067
575.902 0.0485064
576.151 0.0485061
576.4 0.0485058
576.649 0.0485055
576.898 0.0485052
577.147 0.0485049
577.396 0.0485046
577.646 0.0485043
577.895 0.048504
578.144 0.0485037
578.393 0.0485034
578.642 0.0485031
578.891 0.0485028
579.14 0.0485025
579.39 0.0485022
579.639 0.0485019
579.888 0.0485016
580.137 0.0485013
580.386 0.048501
580.635 0.0485007
580.884 0.0485004
581.134 0.0485001
581.383 0.0484998
581.632 0.0484995
581.881 0.0484992
582.13 0.0484989
582.379 0.0484986
582.628 0.0484983
582.878 0.048498
583.127 0.0484977
583.376 0.0484974
583.625 0.0484972
583.874 0.0484969
584.123 0.0484966
584.373 0.0484963
584.622 0.048496
584.871 0.0484957
585.12 0.0484954
585.369 0.0484951
585.618 0.0484948
585.868 0.0484945
586.117 0.0484942
586.366 0.0484939
586.615 0.0484936
586.864 0.0484934
587.114 0.0484931
587.363 0.0484928
587.612 0.0484925
587.861 0.0484922
588.11 0.0484919
588.359 0.0484916
588.609 0.0484913
588.858 0.048491
589.107 0.0484908
589.356 0.0484905
589.605 0.0484902
589.855 0.0484899
590.104 0.0484896
590.353 0.0484893
590.602 0.048489
590.851 0.0484888
591.101 0.0484885
591.35 0.0484882
591.599 0.0484879
591.848 0.0484876
592.097 0.0484873
592.347 0.048487
592.596 0.0484868
592.845 0.0484865
593.094 0.0484862
593.343 0.0484859
593.593 0.0484856
593.842 0.0484853
594.091 0.0484851
594.34 0.0484848
594.589 0.0484845
594.839 0.0484842
595.088 0.0484839
595.337 0.0484837
595.586 0.0484834
595.835 0.0484831
596.085 0.0484828
596.334 0.0484825
596.583 0.0484823
596.832 0.048482
597.082 0.0484817
597.331 0.0484814
597.58 0.0484811
597.829 0.0484809
598.078 0.0484806
598.328 0.0484803
598.577 0.04848
598.826 0.0484798
599.075 0.0484795
599.325 0.0484792
599.574 0.0484789
599.823 0.0484787
600.072 0.0484784
600.321 0.0484781
600.571 0.0484778
600.82 0.0484776
601.069 0.0484773
601.318 0.048477
601.568 0.0484767
601.817 0.0484765
602.066 0.0484762
602.315 0.0484759
602.565 0.0484756
602.814 0.0484754
603.063 0.0484751
603.312 0.0484748
603.562 0.0484746
603.811 0.0484743
604.06 0.048474
604.309 0.0484737
604.558 0.0484735
604.808 0.0484732
605.057 0.0484729
605.306 0.0484727
605.555 0.0484724
605.805 0.0484721
606.054 0.0484719
606.303 0.0484716
606.552 0.0484713
606.802 0.048471
607.051 0.0484708
607.3 0.0484705
607.549 0.0484702
607.799 0.04847
608.048 0.0484697
608.297 0.0484694
608.546 0.0484692
608.796 0.0484689
609.045 0.0484686
609.294 0.0484684
609.544 0.0484681
609.793 0.0484679
610.042 0.0484676
610.291 0.0484673
610.541 0.0484671
610.79 0.0484668
611.039 0.0484665
611.288 0.0484663
611.538 0.048466
611.787 0.0484657
612.036 0.0484655
612.285 0.0484652
612.535 0.048465
612.784 0.0484647
613.033 0.0484644
613.282 0.0484642
613.532 0.0484639
613.781 0.0484637
614.03 0.0484634
614.28 0.0484631
614.529 0.0484629
614.778 0.0484626
615.027 0.0484624
615.277 0.0484621
615.526 0.0484618
615.775 0.0484616
616.024 0.0484613
616.274 0.0484611
616.523 0.0484608
616.772 0.0484606
617.022 0.0484603
617.271 0.04846
617.52 0.0484598
617.769 0.0484595
618.019 0.0484593
618.268 0.048459
618.517 0.0484588
618.767 0.0484585
619.016 0.0484583
619.265 0.048458
619.514 0.0484577
619.764 0.0484575
620.013 0.0484572
620.262 0.048457
620.512 0.0484567
620.761 0.0484565
621.01 0.0484562
621.259 0.048456
621.509 0.0484557
621.758 0.0484555
622.007 0.0484552
622.257 0.048455
622.506 0.0484547
622.755 0.0484545
623.004 0.0484542
623.254 0.048454
623.503 0.0484537
623.752 0.0484535
624.002 0.0484532
624.251 0.048453
624.5 0.0484527
624.749 0.0484525
624.999 0.0484522
625.248 0.048452
625.497 0.0484517
625.747 0.0484515
625.996 0.0484512
626.245 0.048451
626.495 0.0484507
626.744 0.0484505
626.993 0.0484503
627.242 0.04845
627.492 0.0484498
627.741 0.0484495
627.99 0.0484493
628.24 0.048449
628.489 0.0484488
628.738 0.0484485
628.987 0.0484483
629.237 0.0484481
629.486 0.0484478
629.735 0.0484476
629.985 0.0484473
630.234 0.0484471
630.483 0.0484468
630.733 0.0484466
630.982 0.0484464
631.231 0.0484461
631.481 0.0484459
631.73 0.0484456
631.979 0.0484454
632.228 0.0484452
632.478 0.0484449
632.727 0.0484447
632.976 0.0484444
633.226 0.0484442
633.475 0.048444
633.724 0.0484437
633.974 0.0484435
634.223 0.0484433
634.472 0.048443
634.721 0.0484428
634.971 0.0484425
635.22 0.0484423
635.469 0.0484421
635.719 0.0484418
635.968 0.0484416
636.217 0.0484414
636.467 0.0484411
636.716 0.0484409
636.965 0.0484407
637.215 0.0484404
637.464 0.0484402
637.713 0.04844
637.962 0.0484397
638.212 0.0484395
638.461 0.0484393
638.71 0.048439
638.96 0.0484388
639.209 0.0484386
639.458 0.0484383
639.708 0.0484381
639.957 0.0484379
640.206 0.0484376
640.456 0.0484374
640.705 0.0484372
640.954 0.0484369
641.204 0.0484367
641.453 0.0484365
641.702 0.0484363
641.951 0.048436
642.201 0.0484358
642.45 0.0484356
642.699 0.0484353
642.949 0.0484351
643.198 0.0484349
643.447 0.0484347
643.697 0.0484344
643.946 0.0484342
644.195 0.048434
644.445 0.0484337
644.694 0.0484335
644.943 0.0484333
645.193 0.0484331
645.442 0.0484328
645.691 0.0484326
645.941 0.0484324
646.19 0.0484322
646.439 0.0484319
646.688 0.0484317
646.938 0.0484315
647.187 0.0484313
647.436 0.0484311
647.686 0.0484308
647.935 0.0484306
648.184 0.0484304
648.434 0.0484302
648.683 0.0484299
648.932 0.0484297
649.182 0.0484295
649.431 0.0484293
649.68 0.0484291
649.93 0.0484288
650.179 0.0484286
650.428 0.0484284
650.677 0.0484282
650.927 0.048428
651.176 0.0484277
651.425 0.0484275
651.675 0.0484273
651.924 0.0484271
652.173 0.0484269
652.423 0.0484267
652.672 0.0484264
652.921 0.0484262
653.171 0.048426
653.42 0.0484258
653.669 0.0484256
653.919 0.0484254
654.168 0.0484251
654.417 0.0484249
654.667 0.0484247
654.916 0.0484245
655.165 0.0484243
655.414 0.0484241
655.664 0.0484238
655.913 0.0484236
656.162 0.0484234
656.412 0.0484232
656.661 0.048423
656.91 0.0484228
657.16 0.0484226
657.409 0.0484224
657.658 0.0484221
657.908 0.0484219
658.157 0.0484217
658.406 0.0484215
658.656 0.0484213
658.905 0.0484211
659.154 0.0484209
659.404 0.0484207
659.653 0.0484205
659.902 0.0484203
660.151 0.04842
660.401 0.0484198
660.65 0.0484196
660.899 0.0484194
661.149 0.0484192
661.398 0.048419
661.647 0.0484188
661.897 0.0484186
662.146 0.0484184
662.395 0.0484182
662.645 0.048418
662.894 0.0484178
663.143 0.0484176
663.392 0.0484174
663.642 0.0484171
663.891 0.0484169
664.14 0.0484167
664.39 0.0484165
664.639 0.0484163
664.888 0.0484161
665.138 0.0484159
665.387 0.0484157
665.636 0.0484155
665.886 0.0484153
666.135 0.0484151
666.384 0.0484149
666.634 0.0484147
666.883 0.0484145
667.132 0.0484143
667.381 0.0484141
667.631 0.0484139
667.88 0.0484137
668.129 0.0484135
668.379 0.0484133
668.628 0.0484131
668.877 0.0484129
669.127 0.0484127
669.376 0.0484125
669.625 0.0484123
669.874 0.0484121
670.124 0.0484119
670.373 0.0484117
670.622 0.0484115
670.872 0.0484113
671.121 0.0484111
671.37 0.0484109
671.62 0.0484107
671.869 0.0484105
672.118 0.0484103
672.367 0.0484101
672.617 0.0484099
672.866 0.0484097
673.115 0.0484096
673.365 0.0484094
673.614 0.0484092
673.863 0.048409
674.113 0.0484088
674.362 0.0484086
674.611 0.0484084
674.86 0.0484082
675.11 0.048408
675.359 0.0484078
675.608 0.0484076
675.858 0.0484074
676.107 0.0484072
676.356 0.048407
676.606 0.0484069
676.855 0.0484067
677.104 0.0484065
677.353 0.0484063
677.603 0.0484061
677.852 0.0484059
678.101 0.0484057
678.351 0.0484055
678.6 0.0484053
678.849 0.0484051
679.098 0.048405
679.348 0.0484048
679.597 0.0484046
679.846 0.0484044
680.096 0.0484042
680.345 0.048404
680.594 0.0484038
680.843 0.0484036
681.093 0.0484035
681.342 0.0484033
681.591 0.0484031
681.841 0.0484029
682.09 0.0484027
682.339 0.0484025
682.588 0.0484024
682.838 0.0484022
683.087 0.048402
683.336 0.0484018
683.586 0.0484016
683.835 0.0484014
684.084 0.0484013
684.333 0.0484011
684.583 0.0484009
684.832 0.0484007
685.081 0.0484005
685.33 0.0484003
685.58 0.0484002
685.829 0.0484
686.078 0.0483998
686.328 0.0483996
686.577 0.0483994
686.826 0.0483993
687.075 0.0483991
687.325 0.0483989
687.574 0.0483987
687.823 0.0483985
688.072 0.0483984
688.322 0.0483982
688.571 0.048398
688.82 0.0483978
689.07 0.0483977
689.319 0.0483975
689.568 0.0483973
689.817 0.0483971
690.067 0.0483969
690.316 0.0483968
690.565 0.0483966
690.814 0.0483964
691.064 0.0483962
691.313 0.0483961
691.562 0.0483959
691.811 0.0483957
692.061 0.0483956
692.31 0.0483954
692.559 0.0483952
692.808 0.048395
693.058 0.0483949
693.307 0.0483947
693.556 0.0483945
693.805 0.0483943
694.055 0.0483942
694.304 0.048394
694.553 0.0483938
694.802 0.0483937
695.052 0.0483935
695.301 0.0483933
695.55 0.0483931
695.799 0.048393
696.049 0.0483928
696.298 0.0483926
696.547 0.0483925
696.796 0.0483923
697.046 0.0483921
697.295 0.048392
697.544 0.0483918
697.793 0.0483916
698.043 0.0483915
698.292 0.0483913
698.541 0.0483911
698.79 0.048391
699.04 0.0483908
699.289 0.0483906
699.538 0.0483905
699.787 0.0483903
700.037 0.0483901
700.286 0.04839
700.535 0.0483898
700.784 0.0483896
701.033 0.0483895
701.283 0.0483893
701.532 0.0483891
701.781 0.048389
702.03 0.0483888
702.28 0.0483887
702.529 0.0483885
702.778 0.0483883
703.027 0.0483882
703.276 0.048388
703.526 0.0483878
703.775 0.0483877
704.024 0.0483875
704.273 0.0483874
704.523 0.0483872
704.772 0.048387
705.021 0.0483869
705.27 0.0483867
705.519 0.0483866
705.769 0.0483864
706.018 0.0483862
706.267 0.0483861
706.516 0.0483859
706.765 0.0483858
707.015 0.0483856
707.264 0.0483855
707.513 0.0483853
707.762 0.0483851
708.011 0.048385
708.261 0.0483848
708.51 0.0483847
708.759 0.0483845
709.008 0.0483844
709.258 0.0483842
709.507 0.0483841
709.756 0.0483839
710.005 0.0483837
710.254 0.0483836
710.503 0.0483834
710.753 0.0483833
711.002 0.0483831
711.251 0.048383
711.5 0.0483828
711.749 0.0483827
711.999 0.0483825
712.248 0.0483824
712.497 0.0483822
712.746 0.0483821
712.995 0.0483819
713.245 0.0483818
713.494 0.0483816
713.743 0.0483815
713.992 0.0483813
714.241 0.0483812
714.49 0.048381
714.74 0.0483809
714.989 0.0483807
715.238 0.0483806
715.487 0.0483804
715.736 0.0483803
715.986 0.0483801
716.235 0.04838
716.484 0.0483798
716.733 0.0483797
716.982 0.0483795
717.231 0.0483794
717.481 0.0483792
717.73 0.0483791
717.979 0.048379
718.228 0.0483788
718.477 0.0483787
718.726 0.0483785
718.975 0.0483784
719.225 0.0483782
719.474 0.0483781
719.723 0.0483779
719.972 0.0483778
720.221 0.0483777
720.47 0.0483775
720.72 0.0483774
720.969 0.0483772
721.218 0.0483771
721.467 0.0483769
721.716 0.0483768
721.965 0.0483767
722.214 0.0483765
722.464 0.0483764
722.713 0.0483762
722.962 0.0483761
723.211 0.048376
723.46 0.0483758
723.709 0.0483757
723.958 0.0483755
724.208 0.0483754
724.457 0.0483753
724.706 0.0483751
724.955 0.048375
725.204 0.0483748
725.453 0.0483747
725.702 0.0483746
725.951 0.0483744
726.201 0.0483743
726.45 0.0483742
726.699 0.048374
726.948 0.0483739
727.197 0.0483738
727.446 0.0483736
727.695 0.0483735
727.944 0.0483734
728.193 0.0483732
728.443 0.0483731
728.692 0.048373
728.941 0.0483728
729.19 0.0483727
729.439 0.0483726
729.688 0.0483724
729.937 0.0483723
730.186 0.0483722
730.435 0.048372
730.685 0.0483719
730.934 0.0483718
731.183 0.0483716
731.432 0.0483715
731.681 0.0483714
731.93 0.0483712
732.179 0.0483711
732.428 0.048371
732.677 0.0483708
732.926 0.0483707
733.175 0.0483706
733.425 0.0483705
733.674 0.0483703
733.923 0.0483702
734.172 0.0483701
734.421 0.0483699
734.67 0.0483698
734.919 0.0483697
735.168 0.0483696
735.417 0.0483694
735.666 0.0483693
735.915 0.0483692
736.164 0.0483691
736.413 0.0483689
736.662 0.0483688
736.912 0.0483687
737.161 0.0483686
737.41 0.0483684
737.659 0.0483683
737.908 0.0483682
738.157 0.0483681
738.406 0.0483679
738.655 0.0483678
738.904 0.0483677
739.153 0.0483676
739.402 0.0483675
739.651 0.0483673
739.9 0.0483672
740.149 0.0483671
740.398 0.048367
740.647 0.0483668
740.896 0.0483667
741.145 0.0483666
741.394 0.0483665
741.643 0.0483664
741.893 0.0483662
742.142 0.0483661
742.391 0.048366
742.64 0.0483659
742.889 0.0483658
743.138 0.0483657
743.387 0.0483655
743.636 0.0483654
743.885 0.0483653
744.134 0.0483652
744.383 0.0483651
744.632 0.048365
744.881 0.0483648
745.13 0.0483647
745.379 0.0483646
745.628 0.0483645
745.877 0.0483644
746.126 0.0483643
746.375 0.0483641
746.624 0.048364
746.873 0.0483639
747.122 0.0483638
747.371 0.0483637
747.62 0.0483636
747.869 0.0483635
748.118 0.0483634
748.367 0.0483632
748.616 0.0483631
748.865 0.048363
749.114 0.0483629
749.363 0.0483628
749.612 0.0483627
749.861 0.0483626
750.11 0.0483625
750.359 0.0483624
750.608 0.0483622
750.857 0.0483621
751.106 0.048362
751.355 0.0483619
751.604 0.0483618
751.853 0.0483617
752.102 0.0483616
752.351 0.0483615
752.599 0.0483614
752.848 0.0483613
753.097 0.0483612
753.346 0.048361
753.595 0.0483609
753.844 0.0483608
754.093 0.0483607
754.342 0.0483606
754.591 0.0483605
754.84 0.0483604
755.089 0.0483603
755.338 0.0483602
755.587 0.0483601
755.836 0.04836
756.085 0.0483599
756.334 0.0483598
756.583 0.0483597
756.832 0.0483596
757.081 0.0483595
757.329 0.0483594
757.578 0.0483593
757.827 0.0483592
758.076 0.0483591
758.325 0.048359
758.574 0.0483589
758.823 0.0483588
759.072 0.0483587
759.321 0.0483586
759.57 0.0483585
759.819 0.0483584
760.068 0.0483583
760.317 0.0483582
760.565 0.0483581
760.814 0.048358
761.063 0.0483579
761.312 0.0483578
761.561 0.0483577
761.81 0.0483576
762.059 0.0483575
762.308 0.0483574
762.557 0.0483573
762.806 0.0483572
763.054 0.0483571
763.303 0.048357
763.552 0.0483569
763.801 0.0483568
764.05 0.0483567
764.299 0.0483566
764.548 0.0483565
764.797 0.0483564
765.045 0.0483563
765.294 0.0483562
765.543 0.0483561
765.792 0.0483561
766.041 0.048356
766.29 0.0483559
766.539 0.0483558
766.787 0.0483557
767.036 0.0483556
767.285 0.0483555
767.534 0.0483554
767.783 0.0483553
768.032 0.0483552
768.281 0.0483551
768.529 0.048355
768.778 0.048355
769.027 0.0483549
769.276 0.0483548
769.525 0.0483547
769.774 0.0483546
770.022 0.0483545
770.271 0.0483544
770.52 0.0483543
770.769 0.0483542
771.018 0.0483542
771.267 0.0483541
771.515 0.048354
771.764 0.0483539
772.013 0.0483538
772.262 0.0483537
772.511 0.0483536
772.76 0.0483535
773.008 0.0483535
773.257 0.0483534
773.506 0.0483533
773.755 0.0483532
774.004 0.0483531
774.252 0.048353
774.501 0.048353
774.75 0.0483529
774.999 0.0483528
775.248 0.0483527
775.496 0.0483526
775.745 0.0483525
775.994 0.0483525
776.243 0.0483524
776.491 0.0483523
776.74 0.0483522
776.989 0.0483521
777.238 0.048352
777.487 0.048352
777.735 0.0483519
777.984 0.0483518
778.233 0.0483517
778.482 0.0483516
778.73 0.0483516
778.979 0.0483515
779.228 0.0483514
779.477 0.0483513
779.725 0.0483513
779.974 0.0483512
780.223 0.0483511
780.472 0.048351
780.72 0.0483509
780.969 0.0483509
781.218 0.0483508
781.467 0.0483507
781.715 0.0483506
781.964 0.0483506
782.213 0.0483505
782.462 0.0483504
782.71 0.0483503
782.959 0.0483503
783.208 0.0483502
783.456 0.0483501
783.705 0.04835
783.954 0.04835
784.203 0.0483499
784.451 0.0483498
784.7 0.0483497
784.949 0.0483497
785.197 0.0483496
785.446 0.0483495
785.695 0.0483495
785.944 0.0483494
786.192 0.0483493
786.441 0.0483492
786.69 0.0483492
786.938 0.0483491
787.187 0.048349
787.436 0.048349
787.684 0.0483489
787.933 0.0483488
788.182 0.0483488
788.43 0.0483487
788.679 0.0483486
788.928 0.0483486
789.176 0.0483485
789.425 0.0483484
789.674 0.0483483
789.922 0.0483483
790.171 0.0483482
790.42 0.0483481
790.668 0.0483481
790.917 0.048348
791.166 0.048348
791.414 0.0483479
791.663 0.0483478
791.912 0.0483478
792.16 0.0483477
792.409 0.0483476
792.658 0.0483476
792.906 0.0483475
793.155 0.0483474
793.403 0.0483474
793.652 0.0483473
793.901 0.0483472
794.149 0.0483472
794.398 0.0483471
794.647 0.0483471
794.895 0.048347
795.144 0.0483469
795.392 0.0483469
795.641 0.0483468
795.89 0.0483468
796.138 0.0483467
796.387 0.0483466
796.635 0.0483466
796.884 0.0483465
797.133 0.0483465
797.381 0.0483464
797.63 0.0483463
797.878 0.0483463
798.127 0.0483462
798.375 0.0483462
798.624 0.0483461
798.873 0.048346
799.121 0.048346
799.37 0.0483459
799.618 0.0483459
799.867 0.0483458
800.115 0.0483458
800.364 0.0483457
800.613 0.0483457
800.861 0.0483456
801.11 0.0483455
801.358 0.0483455
801.607 0.0483454
801.855 0.0483454
802.104 0.0483453
802.352 0.0483453
802.601 0.0483452
802.849 0.0483452
803.098 0.0483451
803.347 0.0483451
803.595 0.048345
803.844 0.048345
804.092 0.0483449
804.341 0.0483449
804.589 0.0483448
804.838 0.0483448
