645.824 1
645.834 1
645.843 1
645.853 1
645.863 1
645.873 1
645.883 1
645.893 1
645.902 1
645.912 1
645.922 1
645.932 1
645.941 1
645.951 1
645.961 1
645.971 1
645.98 1
645.99 1
646 1
646.009 1
646.019 1
646.029 1
646.038 1
646.048 1
646.057 1
646.067 1
646.077 1
646.086 1
646.096 1
646.105 1
646.115 1
646.124 1
646.134 1
646.143 1
646.153 1
646.162 1
646.172 1
646.181 1
646.191 1
646.2 1
646.21 1
646.219 1
646.229 1
646.238 1
646.247 1
646.257 1
646.266 1
646.275 1
646.285 1
646.294 1
646.303 1
646.313 1
646.322 1
646.331 1
646.341 1
646.35 1
646.359 1
646.368 1
646.378 1
646.387 1
646.396 1
646.405 1
646.414 1
646.424 1
646.433 1
646.442 1
646.451 1
646.46 1
646.469 1
646.478 1
646.488 1
646.497 1
646.506 1
646.515 1
646.524 1
646.533 1
646.542 1
646.551 1
646.56 1
646.569 1
646.578 1
646.587 1
646.596 1
646.605 1
646.614 1
646.623 1
646.632 1
646.64 1
646.649 1
646.658 1
646.667 1
646.676 1
646.685 1
646.694 1
646.703 1
646.711 1
646.72 1
646.729 1
646.738 1
646.747 1
646.755 1
646.764 1
646.773 1
646.781 1
646.79 1
646.799 1
646.808 1
646.816 1
646.825 1
646.834 1
646.842 1
646.851 1
646.86 1
646.868 1
646.877 1
646.885 1
646.894 1
646.903 1
646.911 1
646.92 1
646.928 1
646.937 1
646.945 1
646.954 1
646.962 1
646.971 1
646.979 1
646.988 1
646.996 1
647.004 1
647.013 1
647.021 1
647.03 1
647.038 1
647.046 1
647.055 1
647.063 1
647.072 1
647.08 1
647.088 1
647.097 1
647.105 1
647.113 1
647.121 1
647.13 1
647.138 1
647.146 1
647.154 1
647.163 1
647.171 1
647.179 1
647.187 1
647.195 1
647.204 1
647.212 1
647.22 1
647.228 1
647.236 1
647.244 1
647.252 1
647.26 1
647.268 1
647.276 1
647.285 1
647.293 1
647.301 1
647.309 1
647.317 1
647.325 1
647.333 1
647.341 1
647.349 1
647.356 1
647.364 1
647.372 1
647.38 1
647.388 1
647.396 1
647.404 1
647.412 1
647.42 1
647.427 1
647.435 1
647.443 1
647.451 1
647.459 1
647.467 1
647.474 1
647.482 1
647.49 1
647.498 1
647.505 1
647.513 1
647.521 1
647.528 1
647.536 1
647.544 1
647.551 1
647.559 1
647.567 1
647.574 1
647.582 1
647.59 1
647.597 1
647.605 1
647.612 1
647.62 1
647.627 1
647.635 1
647.643 1
647.65 1
647.658 1
647.665 1
647.672 1
647.68 1
647.687 1
647.695 1
647.702 1
647.71 1
647.717 1
647.725 1
647.732 1
647.739 1
647.747 1
647.754 1
647.761 1
647.769 1
647.776 1
647.783 1
647.791 1
647.798 1
647.805 1
647.812 1
647.82 1
647.827 1
647.834 1
647.841 1
647.849 1
647.856 1
647.863 1
647.87 1
647.877 1
647.884 1
647.892 1
647.899 1
647.906 1
647.913 1
647.92 1
647.927 1
647.934 1
647.941 1
647.948 1
647.955 1
647.962 1
647.969 1
647.976 1
647.983 1
647.99 1
647.997 1
648.004 1
648.011 1
648.018 1
648.025 1
648.032 1
648.039 1
648.046 1
648.052 1
648.059 1
648.066 1
648.073 1
648.08 1
648.087 1
648.093 1
648.1 1
648.107 1
648.114 1
648.121 1
648.127 1
648.134 1
648.141 1
648.147 1
648.154 1
648.161 1
648.167 1
648.174 1
648.181 1
648.187 1
648.194 1
648.201 1
648.207 1
648.214 1
648.22 1
648.227 1
648.234 1
648.24 1
648.247 1
648.253 1
648.26 1
648.266 1
648.273 1
648.279 1
648.286 1
648.292 1
648.298 1
648.305 1
648.311 1
648.318 1
648.324 1
648.331 1
648.337 1
648.343 1
648.35 1
648.356 1
648.362 1
648.369 1
648.375 1
648.381 1
648.387 1
648.394 1
648.4 1
648.406 1
648.412 1
648.419 1
648.425 1
648.431 1
648.437 1
648.443 1
648.45 1
648.456 1
648.462 1
648.468 1
648.474 1
648.48 1
648.486 1
648.492 1
648.498 1
648.505 1
648.511 1
648.517 1
648.523 1
648.529 1
648.535 1
648.541 1
648.547 1
648.553 1
648.559 1
648.564 1
648.57 1
648.576 1
648.582 1
648.588 1
648.594 1
648.6 1
648.606 1
648.612 1
648.617 1
648.623 1
648.629 1
648.635 1
648.641 1
648.646 1
648.652 1
648.658 1
648.664 1
648.669 1
648.675 1
648.681 1
648.687 1
648.692 1
648.698 1
648.704 1
648.709 1
648.715 1
648.72 1
648.726 1
648.732 1
648.737 1
648.743 1
648.748 1
648.754 1
648.76 1
648.765 1
648.771 1
648.776 1
648.782 1
648.787 1
648.793 1
648.798 1
648.803 1
648.809 1
648.814 1
648.82 1
648.825 1
648.831 1
648.836 1
648.841 1
648.847 1
648.852 1
648.857 1
648.863 1
648.868 1
648.873 1
648.879 1
648.884 1
648.889 1
648.894 1
648.9 1
648.905 1
648.91 1
648.915 1
648.92 1
648.926 1
648.931 1
648.936 1
648.941 1
648.946 1
648.951 1
648.956 1
648.962 1
648.967 1
648.972 1
648.977 1
648.982 1
648.987 1
648.992 1
648.997 1
649.002 1
649.007 1
649.012 1
649.017 1
649.022 1
649.027 1
649.032 1
649.037 1
649.042 1
649.046 1
649.051 1
649.056 1
649.061 1
649.066 1
649.071 1
649.076 1
649.08 1
649.085 1
649.09 1
649.095 1
649.1 1
649.104 1
649.109 1
649.114 1
649.119 1
649.123 1
649.128 1
649.133 1
649.137 1
649.142 1
649.147 1
649.151 1
649.156 1
649.16 1
649.165 1
649.17 1
649.174 1
649.179 1
649.183 1
649.188 1
649.192 1
649.197 1
649.202 1
649.206 1
649.211 1
649.215 1
649.219 1
649.224 1
649.228 1
649.233 1
649.237 1
649.242 1
649.246 1
649.25 1
649.255 1
649.259 1
649.263 1
649.268 1
649.272 1
649.276 1
649.281 1
649.285 1
649.289 1
649.294 1
649.298 1
649.302 1
649.306 1
649.31 1
649.315 1
649.319 1
649.323 1
649.327 1
649.331 1
649.335 1
649.34 1
649.344 1
649.348 1
649.352 1
649.356 1
649.36 1
649.364 1
649.368 1
649.372 1
649.376 1
649.38 1
649.384 1
649.388 1
649.392 1
649.396 1
649.4 1
649.404 1
649.408 1
649.412 1
649.416 1
649.42 1
649.424 1
649.428 1
649.431 1
649.435 1
649.439 1
649.443 1
649.447 1
649.451 1
649.454 1
649.458 1
649.462 1
649.466 1
649.469 1
649.473 1
649.477 1
649.481 1
649.484 1
649.488 1
649.492 1
649.495 1
649.499 1
649.503 1
649.506 1
649.51 1
649.513 1
649.517 1
649.52 1
649.524 1
649.528 1
649.531 1
649.535 1
649.538 1
649.542 1
649.545 1
649.549 1
649.552 1
649.556 1
649.559 1
649.562 1
649.566 1
649.569 1
649.573 1
649.576 1
649.579 1
649.583 1
649.586 1
649.59 1
649.593 1
649.596 1
649.599 1
649.603 1
649.606 1
649.609 1
649.613 1
649.616 1
649.619 1
649.622 1
649.625 1
649.629 1
649.632 1
649.635 1
649.638 1
649.641 1
649.644 1
649.648 1
649.651 1
649.654 1
649.657 1
649.66 1
649.663 1
649.666 1
649.669 1
649.672 1
649.675 1
649.678 1
649.681 1
649.684 1
649.687 1
649.69 1
649.693 1
649.696 1
649.699 1
649.702 1
649.705 1
649.708 1
649.71 1
649.713 1
649.716 1
649.719 1
649.722 1
649.725 1
649.727 1
649.73 1
649.733 1
649.736 1
649.739 1
649.741 1
649.744 1
649.747 1
649.749 1
649.752 1
649.755 1
649.758 1
649.76 1
649.763 1
649.765 1
649.768 1
649.771 1
649.773 1
649.776 1
649.778 1
649.781 1
649.784 1
649.786 1
649.789 1
649.791 1
649.794 1
649.796 1
649.799 1
649.801 1
649.804 1
649.806 1
649.808 1
649.811 1
649.813 1
649.816 1
649.818 1
649.82 1
649.823 1
649.825 1
649.828 1
649.83 1
649.832 1
649.834 1
649.837 1
649.839 1
649.841 1
649.844 1
649.846 1
649.848 1
649.85 1
649.852 1
649.855 1
649.857 1
649.859 1
649.861 1
649.863 1
649.865 1
649.868 1
649.87 1
649.872 1
649.874 1
649.876 1
649.878 1
649.88 1
649.882 1
649.884 1
649.886 1
649.888 1
649.89 1
649.892 1
649.894 1
649.896 1
649.898 1
649.9 1
649.902 1
649.904 1
649.906 1
649.908 1
649.909 1
649.911 1
649.913 1
649.915 1
649.917 1
649.919 1
649.92 1
649.922 1
649.924 1
649.926 1
649.928 1
649.929 1
649.931 1
649.933 1
649.934 1
649.936 1
649.938 1
649.939 1
649.941 1
649.943 1
649.944 1
649.946 1
649.948 1
649.949 1
649.951 1
649.952 1
649.954 1
649.956 1
649.957 1
649.959 1
649.96 1
649.962 1
649.963 1
649.965 1
649.966 1
649.967 1
649.969 1
649.97 1
649.972 1
649.973 1
649.975 1
649.976 1
649.977 1
649.979 1
649.98 1
649.981 1
649.983 1
649.984 1
649.985 1
649.987 1
649.988 1
649.989 1
649.99 1
649.992 1
649.993 1
649.994 1
649.995 1
649.996 1
649.998 1
649.999 1
650 1
650.001 1
650.002 1
650.003 1
650.005 1
650.006 1
650.007 1
650.008 1
650.009 1
650.01 1
650.011 1
650.012 1
650.013 1
650.014 1
650.015 1
650.016 1
650.017 1
650.018 1
650.019 1
650.02 1
650.021 1
650.022 1
650.022 1
650.023 1
650.024 1
650.025 1
650.026 1
650.027 1
650.028 1
650.028 1
650.029 1
650.03 1
650.031 1
650.031 1
650.032 1
650.033 1
650.034 1
650.034 1
650.035 1
650.036 1
650.036 1
650.037 1
650.038 1
650.038 1
650.039 1
650.04 1
650.04 1
650.041 1
650.042 1
650.042 1
650.043 1
650.043 1
650.044 1
650.044 1
650.045 1
650.045 1
650.046 1
650.046 1
650.047 1
650.047 1
650.048 1
650.048 1
650.048 1
650.049 1
650.049 1
650.05 1
650.05 1
650.05 1
650.051 1
650.051 1
650.051 1
650.052 1
650.052 1
650.052 1
650.052 1
650.053 1
650.053 1
650.053 1
650.053 1
650.054 1
650.054 1
650.054 1
650.054 1
650.054 1
650.055 1
650.055 1
650.055 1
650.055 1
650.055 1
650.055 1
650.055 1
650.055 1
650.055 1
650.055 1
650.055 1
650.055 1
650.055 1
650.055 1
650.055 1
650.055 1
650.055 1
650.055 1
650.055 1
650.055 1
650.055 1
650.055 1
650.055 1
650.055 1
650.055 1
650.055 1
650.054 1
650.054 1
650.054 1
650.054 1
650.054 1
650.053 1
650.053 1
650.053 1
650.053 1
650.052 1
650.052 1
650.052 1
650.052 1
650.051 1
650.051 1
650.051 1
650.05 1
650.05 1
650.05 1
650.049 1
650.049 1
650.048 1
650.048 1
650.047 1
650.047 1
650.047 1
650.046 1
650.046 1
650.045 1
650.045 1
650.044 1
650.044 1
650.043 1
650.043 1
650.042 1
650.041 1
650.041 1
650.04 1
650.04 1
650.039 1
650.038 1
650.038 1
650.037 1
650.036 1
650.036 1
650.035 1
650.034 1
650.034 1
650.033 1
650.032 1
650.031 1
650.031 1
650.03 1
650.029 1
650.028 1
650.027 1
650.027 1
650.026 1
650.025 1
650.024 1
650.023 1
650.022 1
650.021 1
650.02 1
650.02 1
650.019 1
650.018 1
650.017 1
650.016 1
650.015 1
650.014 1
650.013 1
650.012 1
650.011 1
650.01 1
650.009 1
650.008 1
650.006 1
650.005 1
650.004 1
650.003 1
650.002 1
650.001 1
650 1
649.999 1
649.997 1
649.996 1
649.995 1
649.994 1
649.993 1
649.991 1
649.99 1
649.989 1
649.988 1
649.986 1
649.985 1
649.984 1
649.982 1
649.981 1
649.98 1
649.978 1
649.977 1
649.976 1
649.974 1
649.973 1
649.972 1
649.97 1
649.969 1
649.967 1
649.966 1
649.964 1
649.963 1
649.961 1
649.96 1
649.958 1
649.957 1
649.955 1
649.954 1
649.952 1
649.951 1
649.949 1
649.947 1
649.946 1
649.944 1
649.943 1
649.941 1
649.939 1
649.938 1
649.936 1
649.934 1
649.932 1
649.931 1
649.929 1
649.927 1
649.926 1
649.924 1
649.922 1
649.92 1
649.918 1
649.917 1
649.915 1
649.913 1
649.911 1
649.909 1
649.907 1
649.905 1
649.904 1
649.902 1
649.9 1
649.898 1
649.896 1
649.894 1
649.892 1
649.89 1
649.888 1
649.886 1
649.884 1
649.882 1
649.88 1
649.878 1
649.876 1
649.874 1
649.872 1
649.87 1
649.867 1
649.865 1
649.863 1
649.861 1
649.859 1
649.857 1
649.855 1
649.852 1
649.85 1
649.848 1
649.846 1
649.843 1
649.841 1
649.839 1
649.837 1
649.834 1
649.832 1
649.83 1
649.827 1
649.825 1
649.823 1
649.82 1
649.818 1
649.816 1
649.813 1
649.811 1
649.808 1
649.806 1
649.804 1
649.801 1
649.799 1
649.796 1
649.794 1
649.791 1
649.789 1
649.786 1
649.784 1
649.781 1
649.779 1
649.776 1
649.773 1
649.771 1
649.768 1
649.766 1
649.763 1
649.76 1
649.758 1
649.755 1
649.752 1
649.75 1
649.747 1
649.744 1
649.741 1
649.739 1
649.736 1
649.733 1
649.73 1
649.728 1
649.725 1
649.722 1
649.719 1
649.716 1
649.714 1
649.711 1
649.708 1
649.705 1
649.702 1
649.699 1
649.696 1
649.693 1
649.69 1
649.687 1
649.684 1
649.681 1
649.679 1
649.676 1
649.672 1
649.669 1
649.666 1
649.663 1
649.66 1
649.657 1
649.654 1
649.651 1
649.648 1
649.645 1
649.642 1
649.639 1
649.635 1
649.632 1
649.629 1
649.626 1
649.623 1
649.62 1
649.616 1
649.613 1
649.61 1
649.607 1
649.603 1
649.6 1
649.597 1
649.593 1
649.59 1
649.587 1
649.583 1
649.58 1
649.577 1
649.573 1
649.57 1
649.567 1
649.563 1
649.56 1
649.556 1
649.553 1
649.549 1
649.546 1
649.543 1
649.539 1
649.536 1
649.532 1
649.528 1
649.525 1
649.521 1
649.518 1
649.514 1
649.511 1
649.507 1
649.503 1
649.5 1
649.496 1
649.493 1
649.489 1
649.485 1
649.482 1
649.478 1
649.474 1
649.47 1
649.467 1
649.463 1
649.459 1
649.456 1
649.452 1
649.448 1
649.444 1
649.44 1
649.437 1
649.433 1
649.429 1
649.425 1
649.421 1
649.417 1
649.413 1
649.409 1
649.406 1
649.402 1
649.398 1
649.394 1
649.39 1
649.386 1
649.382 1
649.378 1
649.374 1
649.37 1
649.366 1
649.362 1
649.358 1
649.354 1
649.35 1
649.345 1
649.341 1
649.337 1
649.333 1
649.329 1
649.325 1
649.321 1
649.317 1
649.312 1
649.308 1
649.304 1
649.3 1
649.295 1
649.291 1
649.287 1
649.283 1
649.278 1
649.274 1
649.27 1
649.266 1
649.261 1
649.257 1
649.253 1
649.248 1
649.244 1
649.239 1
649.235 1
649.231 1
649.226 1
649.222 1
649.217 1
649.213 1
649.208 1
649.204 1
649.2 1
649.195 1
649.19 1
649.186 1
649.181 1
649.177 1
649.172 1
649.168 1
649.163 1
649.159 1
649.154 1
649.149 1
649.145 1
649.14 1
649.135 1
649.131 1
649.126 1
649.121 1
649.117 1
649.112 1
649.107 1
649.103 1
649.098 1
649.093 1
649.088 1
649.084 1
649.079 1
649.074 1
649.069 1
649.064 1
649.06 1
649.055 1
649.05 1
649.045 1
649.04 1
649.035 1
649.03 1
649.025 1
649.02 1
649.016 1
649.011 1
649.006 1
649.001 1
648.996 1
648.991 1
648.986 1
648.981 1
648.976 1
648.971 1
648.965 1
648.96 1
648.955 1
648.95 1
648.945 1
648.94 1
648.935 1
648.93 1
648.925 1
648.919 1
648.914 1
648.909 1
648.904 1
648.899 1
648.894 1
648.888 1
648.883 1
648.878 1
648.873 1
648.867 1
648.862 1
648.857 1
648.851 1
648.846 1
648.841 1
648.835 1
648.83 1
648.825 1
648.819 1
648.814 1
648.808 1
648.803 1
648.798 1
648.792 1
648.787 1
648.781 1
648.776 1
648.77 1
648.765 1
648.759 1
648.754 1
648.748 1
648.743 1
648.737 1
648.732 1
648.726 1
648.72 1
648.715 1
648.709 1
648.704 1
648.698 1
648.692 1
648.687 1
648.681 1
648.675 1
648.67 1
648.664 1
648.658 1
648.653 1
648.647 1
648.641 1
648.635 1
648.63 1
648.624 1
648.618 1
648.612 1
648.606 1
648.601 1
648.595 1
648.589 1
648.583 1
648.577 1
648.571 1
648.565 1
648.559 1
648.554 1
648.548 1
648.542 1
648.536 1
648.53 1
648.524 1
648.518 1
648.512 1
648.506 1
648.5 1
648.494 1
648.488 1
648.482 1
648.476 1
648.469 1
648.463 1
648.457 1
648.451 1
648.445 1
648.439 1
648.433 1
648.427 1
648.42 1
648.414 1
648.408 1
648.402 1
648.396 1
648.389 1
648.383 1
648.377 1
648.371 1
648.364 1
648.358 1
648.352 1
648.345 1
648.339 1
648.333 1
648.326 1
648.32 1
648.314 1
648.307 1
648.301 1
648.295 1
648.288 1
648.282 1
648.275 1
648.269 1
648.262 1
648.256 1
648.25 1
648.243 1
648.237 1
648.23 1
648.223 1
648.217 1
648.21 1
648.204 1
648.197 1
648.191 1
648.184 1
648.177 1
648.171 1
648.164 1
648.158 1
648.151 1
648.144 1
648.138 1
648.131 1
648.124 1
648.118 1
648.111 1
648.104 1
648.097 1
648.091 1
648.084 1
648.077 1
648.07 1
648.064 1
648.057 1
648.05 1
648.043 1
648.036 1
648.029 1
648.022 1
648.016 1
648.009 1
648.002 1
647.995 1
647.988 1
647.981 1
647.974 1
647.967 1
647.96 1
647.953 1
647.946 1
647.939 1
647.932 1
647.925 1
647.918 1
647.911 1
647.904 1
647.897 1
647.89 1
647.883 1
647.876 1
647.869 1
647.862 1
647.854 1
647.847 1
647.84 1
647.833 1
647.826 1
647.819 1
647.811 1
647.804 1
647.797 1
647.79 1
647.782 1
647.775 1
647.768 1
647.761 1
647.753 1
647.746 1
647.739 1
647.731 1
647.724 1
647.717 1
647.709 1
647.702 1
647.695 1
647.687 1
647.68 1
647.672 1
647.665 1
647.657 1
647.65 1
647.643 1
647.635 1
647.628 1
647.62 1
647.613 1
647.605 1
647.598 1
647.59 1
647.582 1
647.575 1
647.567 1
647.56 1
647.552 1
647.545 1
