296.686 1
296.931 1
297.176 1
297.421 1
297.666 1
297.911 1
298.157 1
298.402 1
298.647 1
298.892 1
299.137 1
299.382 1
299.627 1
299.872 1
300.118 1
300.363 1
300.608 1
300.853 1
301.098 1
301.343 1
301.589 1
301.834 1
302.079 1
302.324 1
302.569 1
302.814 1
303.06 1
303.305 1
303.55 1
303.795 1
304.041 1
304.286 1
304.531 1
304.776 1
305.022 1
305.267 1
305.512 1
305.757 1
306.003 1
306.248 1
306.493 1
306.739 1
306.984 1
307.229 1
307.475 1
307.72 1
307.965 1
308.21 1
308.456 1
308.701 1
308.947 1
309.192 1
309.437 1
309.683 1
309.928 1
310.173 1
310.419 1
310.664 1
310.91 1
311.155 1
311.4 1
311.646 1
311.891 1
312.137 1
312.382 1
312.627 1
312.873 1
313.118 1
313.364 1
313.609 1
313.855 1
314.1 1
314.346 1
314.591 1
314.837 1
315.082 1
315.328 1
315.573 1
315.819 1
316.064 1
316.31 1
316.555 1
316.801 1
317.046 1
317.292 1
317.537 1
317.783 1
318.028 1
318.274 1
318.52 1
318.765 1
319.011 1
319.256 1
319.502 1
319.748 1
319.993 1
320.239 1
320.484 1
320.73 1
320.976 1
321.221 1
321.467 1
321.712 1
321.958 1
322.204 1
322.449 1
322.695 1
322.941 1
323.186 1
323.432 1
323.678 1
323.924 1
324.169 1
324.415 1
324.661 1
324.906 1
325.152 1
325.398 1
325.644 1
325.889 1
326.135 1
326.381 1
326.626 1
326.872 1
327.118 1
327.364 1
327.61 1
327.855 1
328.101 1
328.347 1
328.593 1
328.838 1
329.084 1
329.33 1
329.576 1
329.822 1
330.068 1
330.313 1
330.559 1
330.805 1
331.051 1
331.297 1
331.543 1
331.788 1
332.034 1
332.28 1
332.526 1
332.772 1
333.018 1
333.264 1
333.51 1
333.756 1
334.001 1
334.247 1
334.493 1
334.739 1
334.985 1
335.231 1
335.477 1
335.723 1
335.969 1
336.215 1
336.461 1
336.707 1
336.953 1
337.199 1
337.445 1
337.691 1
337.937 1
338.183 1
338.429 1
338.675 1
338.921 1
339.167 1
339.413 1
339.659 1
339.905 1
340.151 1
340.397 1
340.643 1
340.889 1
341.135 1
341.381 1
341.627 1
341.873 1
342.119 1
342.366 1
342.612 1
342.858 1
343.104 1
343.35 1
343.596 1
343.842 1
344.088 1
344.334 1
344.581 1
344.827 1
345.073 1
345.319 1
345.565 1
345.811 1
346.058 1
346.304 1
346.55 1
346.796 1
347.042 1
347.288 1
347.535 1
347.781 1
348.027 1
348.273 1
348.519 1
348.766 1
349.012 1
349.258 1
349.504 1
349.751 1
349.997 1
350.243 1
350.489 1
350.736 1
350.982 1
351.228 1
351.474 1
351.721 1
351.967 1
352.213 1
352.46 1
352.706 1
352.952 1
353.199 1
353.445 1
353.691 1
353.937 1
354.184 1
354.43 1
354.676 1
354.923 1
355.169 1
355.416 1
355.662 1
355.908 1
356.155 1
356.401 1
356.647 1
356.894 1
357.14 1
357.387 1
357.633 1
357.879 1
358.126 1
358.372 1
358.619 1
358.865 1
359.111 1
359.358 1
359.604 1
359.851 1
360.097 1
360.344 1
360.59 1
360.837 1
361.083 1
361.33 1
361.576 1
361.823 1
362.069 1
362.316 1
362.562 1
362.809 1
363.055 1
363.302 1
363.548 1
363.795 1
364.041 1
364.288 1
364.534 1
364.781 1
365.027 1
365.274 1
365.52 1
365.767 1
366.013 1
366.26 1
366.507 1
366.753 1
367 1
367.246 1
367.493 1
367.74 1
367.986 1
368.233 1
368.479 1
368.726 1
368.973 1
369.219 1
369.466 1
369.713 1
369.959 1
370.206 1
370.452 1
370.699 1
370.946 1
371.192 1
371.439 1
371.686 1
371.932 1
372.179 1
372.426 1
372.673 1
372.919 1
373.166 1
373.413 1
373.659 1
373.906 1
374.153 1
374.399 1
374.646 1
374.893 1
375.14 1
375.386 1
375.633 1
375.88 1
376.127 1
376.373 1
376.62 1
376.867 1
377.114 1
377.361 1
377.607 1
377.854 1
378.101 1
378.348 1
378.595 1
378.841 1
379.088 1
379.335 1
379.582 1
379.829 1
380.075 1
380.322 1
380.569 1
380.816 1
381.063 1
381.31 1
381.557 1
381.803 1
382.05 1
382.297 1
382.544 1
382.791 1
383.038 1
383.285 1
383.532 1
383.778 1
384.025 1
384.272 1
384.519 1
384.766 1
385.013 1
385.26 1
385.507 1
385.754 1
386.001 1
386.248 1
386.495 1
386.742 1
386.989 1
387.235 1
387.482 1
387.729 1
387.976 1
388.223 1
388.47 1
388.717 1
388.964 1
389.211 1
389.458 1
389.705 1
389.952 1
390.199 1
390.446 1
390.693 1
390.94 1
391.187 1
391.434 1
391.682 1
391.929 1
392.176 1
392.423 1
392.67 1
392.917 1
393.164 1
393.411 1
393.658 1
393.905 1
394.152 1
394.399 1
394.646 1
394.893 1
395.141 1
395.388 1
395.635 1
395.882 1
396.129 1
396.376 1
396.623 1
396.87 1
397.117 1
397.365 1
397.612 1
397.859 1
398.106 1
398.353 1
398.6 1
398.848 1
399.095 1
399.342 1
399.589 1
399.836 1
400.083 1
400.331 1
400.578 1
400.825 1
401.072 1
401.319 1
401.567 1
401.814 1
402.061 1
402.308 1
402.555 1
402.803 1
403.05 1
403.297 1
403.544 1
403.792 1
404.039 1
404.286 1
404.533 1
404.781 1
405.028 1
405.275 1
405.523 1
405.77 1
406.017 1
406.264 1
406.512 1
406.759 1
407.006 1
407.254 1
407.501 1
407.748 1
407.995 1
408.243 1
408.49 1
408.737 1
408.985 1
409.232 1
409.479 1
409.727 1
409.974 1
410.222 1
410.469 1
410.716 1
410.964 1
411.211 1
411.458 1
411.706 1
411.953 1
412.201 1
412.448 1
412.695 1
412.943 1
413.19 1
413.437 1
413.685 1
413.932 1
414.18 1
414.427 1
414.675 1
414.922 1
415.169 1
415.417 1
415.664 1
415.912 1
416.159 1
416.407 1
416.654 1
416.902 1
417.149 1
417.397 1
417.644 1
417.891 1
418.139 1
418.386 1
418.634 1
418.881 1
419.129 1
419.376 1
419.624 1
419.871 1
420.119 1
420.366 1
420.614 1
420.862 1
421.109 1
421.357 1
421.604 1
421.852 1
422.099 1
422.347 1
422.594 1
422.842 1
423.089 1
423.337 1
423.585 1
423.832 1
424.08 1
424.327 1
424.575 1
424.822 1
425.07 1
425.318 1
425.565 1
425.813 1
426.06 1
426.308 1
426.556 1
426.803 1
427.051 1
427.298 1
427.546 1
427.794 1
428.041 1
428.289 1
428.537 1
428.784 1
429.032 1
429.28 1
429.527 1
429.775 1
430.023 1
430.27 1
430.518 1
430.766 1
431.013 1
431.261 1
431.509 1
431.756 1
432.004 1
432.252 1
432.499 1
432.747 1
432.995 1
433.243 1
433.49 1
433.738 1
433.986 1
434.233 1
434.481 1
434.729 1
434.977 1
435.224 1
435.472 1
435.72 1
435.968 1
436.215 1
436.463 1
436.711 1
436.959 1
437.206 1
437.454 1
437.702 1
437.95 1
438.198 1
438.445 1
438.693 1
438.941 1
439.189 1
439.436 1
439.684 1
439.932 1
440.18 1
440.428 1
440.676 1
440.923 1
441.171 1
441.419 1
441.667 1
441.915 1
442.163 1
442.41 1
442.658 1
442.906 1
443.154 1
443.402 1
443.65 1
443.898 1
444.145 1
444.393 1
444.641 1
444.889 1
445.137 1
445.385 1
445.633 1
445.881 1
446.128 1
446.376 1
446.624 1
446.872 1
447.12 1
447.368 1
447.616 1
447.864 1
448.112 1
448.36 1
448.608 1
448.856 1
449.104 1
449.351 1
449.599 1
449.847 1
450.095 1
450.343 1
450.591 1
450.839 1
451.087 1
451.335 1
451.583 1
451.831 1
452.079 1
452.327 1
452.575 1
452.823 1
453.071 1
453.319 1
453.567 1
453.815 1
454.063 1
454.311 1
454.559 1
454.807 1
455.055 1
455.303 1
455.551 1
455.799 1
456.047 1
456.295 1
456.543 1
456.791 1
457.039 1
457.287 1
457.535 1
457.783 1
458.031 1
458.28 1
458.528 1
458.776 1
459.024 1
459.272 1
459.52 1
459.768 1
460.016 1
460.264 1
460.512 1
460.76 1
461.008 1
461.257 1
461.505 1
461.753 1
462.001 1
462.249 1
462.497 1
462.745 1
462.993 1
463.241 1
463.49 1
463.738 1
463.986 1
464.234 1
464.482 1
464.73 1
464.978 1
465.227 1
465.475 1
465.723 1
465.971 1
466.219 1
466.467 1
466.715 1
466.964 1
467.212 1
467.46 1
467.708 1
467.956 1
468.205 1
468.453 1
468.701 1
468.949 1
469.197 1
469.446 1
469.694 1
469.942 1
470.19 1
470.438 1
470.687 1
470.935 1
471.183 1
471.431 1
471.679 1
471.928 1
472.176 1
472.424 1
472.672 1
472.921 1
473.169 1
473.417 1
473.665 1
473.914 1
474.162 1
474.41 1
474.658 1
474.907 1
475.155 1
475.403 1
475.652 1
475.9 1
476.148 1
476.396 1
476.645 1
476.893 1
477.141 1
477.39 1
477.638 1
477.886 1
478.134 1
478.383 1
478.631 1
478.879 1
479.128 1
479.376 1
479.624 1
479.873 1
480.121 1
480.369 1
480.618 1
480.866 1
481.114 1
481.363 1
481.611 1
481.859 1
482.108 1
482.356 1
482.604 1
482.853 1
483.101 1
483.35 1
483.598 1
483.846 1
484.095 1
484.343 1
484.591 1
484.84 1
485.088 1
485.337 1
485.585 1
485.833 1
486.082 1
486.33 1
486.579 1
486.827 1
487.075 1
487.324 1
487.572 1
487.821 1
488.069 1
488.318 1
488.566 1
488.814 1
489.063 1
489.311 1
489.56 1
489.808 1
490.057 1
490.305 1
490.553 1
490.802 1
491.05 1
491.299 1
491.547 1
491.796 1
492.044 1
492.293 1
492.541 1
492.79 1
493.038 1
493.287 1
493.535 1
493.783 1
494.032 1
494.28 1
494.529 1
494.777 1
495.026 1
495.274 1
495.523 1
495.771 1
496.02 1
496.268 1
496.517 1
496.765 1
497.014 1
497.262 1
497.511 1
497.76 1
498.008 1
498.257 1
498.505 1
498.754 1
499.002 1
499.251 1
499.499 1
499.748 1
499.996 1
500.245 1
500.493 1
500.742 1
500.991 1
501.239 1
501.488 1
501.736 1
501.985 1
502.233 1
502.482 1
502.731 1
502.979 1
503.228 1
503.476 1
503.725 1
503.973 1
504.222 1
504.471 1
504.719 1
504.968 1
505.216 1
505.465 1
505.714 1
505.962 1
506.211 1
506.459 1
506.708 1
506.957 1
507.205 1
507.454 1
507.703 1
507.951 1
508.2 1
508.448 1
508.697 1
508.946 1
509.194 1
509.443 1
509.692 1
509.94 1
510.189 1
510.438 1
510.686 1
510.935 1
511.183 1
511.432 1
511.681 1
511.929 1
512.178 1
512.427 1
512.675 1
512.924 1
513.173 1
513.421 1
513.67 1
513.919 1
514.168 1
514.416 1
514.665 1
514.914 1
515.162 1
515.411 1
515.66 1
515.908 1
516.157 1
516.406 1
516.655 1
516.903 1
517.152 1
517.401 1
517.649 1
517.898 1
518.147 1
518.396 1
518.644 1
518.893 1
519.142 1
519.39 1
519.639 1
519.888 1
520.137 1
520.385 1
520.634 1
520.883 1
521.132 1
521.38 1
521.629 1
521.878 1
522.127 1
522.375 1
522.624 1
522.873 1
523.122 1
523.37 1
523.619 1
523.868 1
524.117 1
524.366 1
524.614 1
524.863 1
525.112 1
525.361 1
525.609 1
525.858 1
526.107 1
526.356 1
526.605 1
526.853 1
527.102 1
527.351 1
527.6 1
527.849 1
528.097 1
528.346 1
528.595 1
528.844 1
529.093 1
529.341 1
529.59 1
529.839 1
530.088 1
530.337 1
530.586 1
530.834 1
531.083 1
531.332 1
531.581 1
531.83 1
532.079 1
532.327 1
532.576 1
532.825 1
533.074 1
533.323 1
533.572 1
533.821 1
534.069 1
534.318 1
534.567 1
534.816 1
535.065 1
535.314 1
535.563 1
535.811 1
536.06 1
536.309 1
536.558 1
536.807 1
537.056 1
537.305 1
537.554 1
537.802 1
538.051 1
538.3 1
538.549 1
538.798 1
539.047 1
539.296 1
539.545 1
539.794 1
540.042 1
540.291 1
540.54 1
540.789 1
541.038 1
541.287 1
541.536 1
541.785 1
542.034 1
542.283 1
542.532 1
542.781 1
543.029 1
543.278 1
543.527 1
543.776 1
544.025 1
544.274 1
544.523 1
544.772 1
545.021 1
545.27 1
545.519 1
545.768 1
546.017 1
546.266 1
546.515 1
546.763 1
547.012 1
547.261 1
547.51 1
547.759 1
548.008 1
548.257 1
548.506 1
548.755 1
549.004 1
549.253 1
549.502 1
549.751 1
550 1
550.249 1
550.498 1
550.747 1
550.996 1
551.245 1
551.494 1
551.743 1
551.992 1
552.241 1
552.49 1
552.739 1
552.988 1
553.237 1
553.486 1
553.735 1
553.984 1
554.233 1
554.482 1
554.731 1
554.98 1
555.229 1
555.478 1
555.727 1
555.976 1
556.225 1
556.474 1
556.723 1
556.972 1
557.221 1
557.47 1
557.719 1
557.968 1
558.217 1
558.466 1
558.715 1
558.964 1
559.213 1
559.462 1
559.711 1
559.96 1
560.209 1
560.458 1
560.707 1
560.956 1
561.205 1
561.454 1
561.704 1
561.953 1
562.202 1
562.451 1
562.7 1
562.949 1
563.198 1
563.447 1
563.696 1
563.945 1
564.194 1
564.443 1
564.692 1
564.941 1
565.19 1
565.439 1
565.689 1
565.938 1
566.187 1
566.436 1
566.685 1
566.934 1
567.183 1
567.432 1
567.681 1
567.93 1
568.179 1
568.428 1
568.677 1
568.927 1
569.176 1
569.425 1
569.674 1
569.923 1
570.172 1
570.421 1
570.67 1
570.919 1
571.168 1
571.418 1
571.667 1
571.916 1
572.165 1
572.414 1
572.663 1
572.912 1
573.161 1
573.41 1
573.66 1
573.909 1
574.158 1
574.407 1
574.656 1
574.905 1
575.154 1
575.403 1
575.652 1
575.902 1
576.151 1
576.4 1
576.649 1
576.898 1
577.147 1
577.396 1
577.646 1
577.895 1
578.144 1
578.393 1
578.642 1
578.891 1
579.14 1
579.39 1
579.639 1
579.888 1
580.137 1
580.386 1
580.635 1
580.884 1
581.134 1
581.383 1
581.632 1
581.881 1
582.13 1
582.379 1
582.628 1
582.878 1
583.127 1
583.376 1
583.625 1
583.874 1
584.123 1
584.373 1
584.622 1
584.871 1
585.12 1
585.369 1
585.618 1
585.868 1
586.117 1
586.366 1
586.615 1
586.864 1
587.114 1
587.363 1
587.612 1
587.861 1
588.11 1
588.359 1
588.609 1
588.858 1
589.107 1
589.356 1
589.605 1
589.855 1
590.104 1
590.353 1
590.602 1
590.851 1
591.101 1
591.35 1
591.599 1
591.848 1
592.097 1
592.347 1
592.596 1
592.845 1
593.094 1
593.343 1
593.593 1
593.842 1
594.091 1
594.34 1
594.589 1
594.839 1
595.088 1
595.337 1
595.586 1
595.835 1
596.085 1
596.334 1
596.583 1
596.832 1
597.082 1
597.331 1
597.58 1
597.829 1
598.078 1
598.328 1
598.577 1
598.826 1
599.075 1
599.325 1
599.574 1
599.823 1
600.072 1
600.321 1
600.571 1
600.82 1
601.069 1
601.318 1
601.568 1
601.817 1
602.066 1
602.315 1
602.565 1
602.814 1
603.063 1
603.312 1
603.562 1
603.811 1
604.06 1
604.309 1
604.558 1
604.808 1
605.057 1
605.306 1
605.555 1
605.805 1
606.054 1
606.303 1
606.552 1
606.802 1
607.051 1
607.3 1
607.549 1
607.799 1
608.048 1
608.297 1
608.546 1
608.796 1
609.045 1
609.294 1
609.544 1
609.793 1
610.042 1
610.291 1
610.541 1
610.79 1
611.039 1
611.288 1
611.538 1
611.787 1
612.036 1
612.285 1
612.535 1
612.784 1
613.033 1
613.282 1
613.532 1
613.781 1
614.03 1
614.28 1
614.529 1
614.778 1
615.027 1
615.277 1
615.526 1
615.775 1
616.024 1
616.274 1
616.523 1
616.772 1
617.022 1
617.271 1
617.52 1
617.769 1
618.019 1
618.268 1
618.517 1
618.767 1
619.016 1
619.265 1
619.514 1
619.764 1
620.013 1
620.262 1
620.512 1
620.761 1
621.01 1
621.259 1
621.509 1
621.758 1
622.007 1
622.257 1
622.506 1
622.755 1
623.004 1
623.254 1
623.503 1
623.752 1
624.002 1
624.251 1
624.5 1
624.749 1
624.999 1
625.248 1
625.497 1
625.747 1
625.996 1
626.245 1
626.495 1
626.744 1
626.993 1
627.242 1
627.492 1
627.741 1
627.99 1
628.24 1
628.489 1
628.738 1
628.987 1
629.237 1
629.486 1
629.735 1
629.985 1
630.234 1
630.483 1
630.733 1
630.982 1
631.231 1
631.481 1
631.73 1
631.979 1
632.228 1
632.478 1
632.727 1
632.976 1
633.226 1
633.475 1
633.724 1
633.974 1
634.223 1
634.472 1
634.721 1
634.971 1
635.22 1
635.469 1
635.719 1
635.968 1
636.217 1
636.467 1
636.716 1
636.965 1
637.215 1
637.464 1
637.713 1
637.962 1
638.212 1
638.461 1
638.71 1
638.96 1
639.209 1
639.458 1
639.708 1
639.957 1
640.206 1
640.456 1
640.705 1
640.954 1
641.204 1
641.453 1
641.702 1
641.951 1
642.201 1
642.45 1
642.699 1
642.949 1
643.198 1
643.447 1
643.697 1
643.946 1
644.195 1
644.445 1
644.694 1
644.943 1
645.193 1
645.442 1
645.691 1
645.941 1
646.19 1
646.439 1
646.688 1
646.938 1
647.187 1
647.436 1
647.686 1
647.935 1
648.184 1
648.434 1
648.683 1
648.932 1
649.182 1
649.431 1
649.68 1
649.93 1
650.179 1
650.428 1
650.677 1
650.927 1
651.176 1
651.425 1
651.675 1
651.924 1
652.173 1
652.423 1
652.672 1
652.921 1
653.171 1
653.42 1
653.669 1
653.919 1
654.168 1
654.417 1
654.667 1
654.916 1
655.165 1
655.414 1
655.664 1
655.913 1
656.162 1
656.412 1
656.661 1
656.91 1
657.16 1
657.409 1
657.658 1
657.908 1
658.157 1
658.406 1
658.656 1
658.905 1
659.154 1
659.404 1
659.653 1
659.902 1
660.151 1
660.401 1
660.65 1
660.899 1
661.149 1
661.398 1
661.647 1
661.897 1
662.146 1
662.395 1
662.645 1
662.894 1
663.143 1
663.392 1
663.642 1
663.891 1
664.14 1
664.39 1
664.639 1
664.888 1
665.138 1
665.387 1
665.636 1
665.886 1
666.135 1
666.384 1
666.634 1
666.883 1
667.132 1
667.381 1
667.631 1
667.88 1
668.129 1
668.379 1
668.628 1
668.877 1
669.127 1
669.376 1
669.625 1
669.874 1
670.124 1
670.373 1
670.622 1
670.872 1
671.121 1
671.37 1
671.62 1
671.869 1
672.118 1
672.367 1
672.617 1
672.866 1
673.115 1
673.365 1
673.614 1
673.863 1
674.113 1
674.362 1
674.611 1
674.86 1
675.11 1
675.359 1
675.608 1
675.858 1
676.107 1
676.356 1
676.606 1
676.855 1
677.104 1
677.353 1
677.603 1
677.852 1
678.101 1
678.351 1
678.6 1
678.849 1
679.098 1
679.348 1
679.597 1
679.846 1
680.096 1
680.345 1
680.594 1
680.843 1
681.093 1
681.342 1
681.591 1
681.841 1
682.09 1
682.339 1
682.588 1
682.838 1
683.087 1
683.336 1
683.586 1
683.835 1
684.084 1
684.333 1
684.583 1
684.832 1
685.081 1
685.33 1
685.58 1
685.829 1
686.078 1
686.328 1
686.577 1
686.826 1
687.075 1
687.325 1
687.574 1
687.823 1
688.072 1
688.322 1
688.571 1
688.82 1
689.07 1
689.319 1
689.568 1
689.817 1
690.067 1
690.316 1
690.565 1
690.814 1
691.064 1
691.313 1
691.562 1
691.811 1
692.061 1
692.31 1
692.559 1
692.808 1
693.058 1
693.307 1
693.556 1
693.805 1
694.055 1
694.304 1
694.553 1
694.802 1
695.052 1
695.301 1
695.55 1
695.799 1
696.049 1
696.298 1
696.547 1
696.796 1
697.046 1
697.295 1
697.544 1
697.793 1
698.043 1
698.292 1
698.541 1
698.79 1
699.04 1
699.289 1
699.538 1
699.787 1
700.037 1
700.286 1
700.535 1
700.784 1
701.033 1
701.283 1
701.532 1
701.781 1
702.03 1
702.28 1
702.529 1
702.778 1
703.027 1
703.276 1
703.526 1
703.775 1
704.024 1
704.273 1
704.523 1
704.772 1
705.021 1
705.27 1
705.519 1
705.769 1
706.018 1
706.267 1
706.516 1
706.765 1
707.015 1
707.264 1
707.513 1
707.762 1
708.011 1
708.261 1
708.51 1
708.759 1
709.008 1
709.258 1
709.507 1
709.756 1
710.005 1
710.254 1
710.503 1
710.753 1
711.002 1
711.251 1
711.5 1
711.749 1
711.999 1
712.248 1
712.497 1
712.746 1
712.995 1
713.245 1
713.494 1
713.743 1
713.992 1
714.241 1
714.49 1
714.74 1
714.989 1
715.238 1
715.487 1
715.736 1
715.986 1
716.235 1
716.484 1
716.733 1
716.982 1
717.231 1
717.481 1
717.73 1
717.979 1
718.228 1
718.477 1
718.726 1
718.975 1
719.225 1
719.474 1
719.723 1
719.972 1
720.221 1
720.47 1
720.72 1
720.969 1
721.218 1
721.467 1
721.716 1
721.965 1
722.214 1
722.464 1
722.713 1
722.962 1
723.211 1
723.46 1
723.709 1
723.958 1
724.208 1
724.457 1
724.706 1
724.955 1
725.204 1
725.453 1
725.702 1
725.951 1
726.201 1
726.45 1
726.699 1
726.948 1
727.197 1
727.446 1
727.695 1
727.944 1
728.193 1
728.443 1
728.692 1
728.941 1
729.19 1
729.439 1
729.688 1
729.937 1
730.186 1
730.435 1
730.685 1
730.934 1
731.183 1
731.432 1
731.681 1
731.93 1
732.179 1
732.428 1
732.677 1
732.926 1
733.175 1
733.425 1
733.674 1
733.923 1
734.172 1
734.421 1
734.67 1
734.919 1
735.168 1
735.417 1
735.666 1
735.915 1
736.164 1
736.413 1
736.662 1
736.912 1
737.161 1
737.41 1
737.659 1
737.908 1
738.157 1
738.406 1
738.655 1
738.904 1
739.153 1
739.402 1
739.651 1
739.9 1
740.149 1
740.398 1
740.647 1
740.896 1
741.145 1
741.394 1
741.643 1
741.893 1
742.142 1
742.391 1
742.64 1
742.889 1
743.138 1
743.387 1
743.636 1
743.885 1
744.134 1
744.383 1
744.632 1
744.881 1
745.13 1
745.379 1
745.628 1
745.877 1
746.126 1
746.375 1
746.624 1
746.873 1
747.122 1
747.371 1
747.62 1
747.869 1
748.118 1
748.367 1
748.616 1
748.865 1
749.114 1
749.363 1
749.612 1
749.861 1
750.11 1
750.359 1
750.608 1
750.857 1
751.106 1
751.355 1
751.604 1
751.853 1
752.102 1
752.351 1
752.599 1
752.848 1
753.097 1
753.346 1
753.595 1
753.844 1
754.093 1
754.342 1
754.591 1
754.84 1
755.089 1
755.338 1
755.587 1
755.836 1
756.085 1
756.334 1
756.583 1
756.832 1
757.081 1
757.329 1
757.578 1
757.827 1
758.076 1
758.325 1
758.574 1
758.823 1
759.072 1
759.321 1
759.57 1
759.819 1
760.068 1
760.317 1
760.565 1
760.814 1
761.063 1
761.312 1
761.561 1
761.81 1
762.059 1
762.308 1
762.557 1
762.806 1
763.054 1
763.303 1
763.552 1
763.801 1
764.05 1
764.299 1
764.548 1
764.797 1
765.045 1
765.294 1
765.543 1
765.792 1
766.041 1
766.29 1
766.539 1
766.787 1
767.036 1
767.285 1
767.534 1
767.783 1
768.032 1
768.281 1
768.529 1
768.778 1
769.027 1
769.276 1
769.525 1
769.774 1
770.022 1
770.271 1
770.52 1
770.769 1
771.018 1
771.267 1
771.515 1
771.764 1
772.013 1
772.262 1
772.511 1
772.76 1
773.008 1
773.257 1
773.506 1
773.755 1
774.004 1
774.252 1
774.501 1
774.75 1
774.999 1
775.248 1
775.496 1
775.745 1
775.994 1
776.243 1
776.491 1
776.74 1
776.989 1
777.238 1
777.487 1
777.735 1
777.984 1
778.233 1
778.482 1
778.73 1
778.979 1
779.228 1
779.477 1
779.725 1
779.974 1
780.223 1
780.472 1
780.72 1
780.969 1
781.218 1
781.467 1
781.715 1
781.964 1
782.213 1
782.462 1
782.71 1
782.959 1
783.208 1
783.456 1
783.705 1
783.954 1
784.203 1
784.451 1
784.7 1
784.949 1
785.197 1
785.446 1
785.695 1
785.944 1
786.192 1
786.441 1
786.69 1
786.938 1
787.187 1
787.436 1
787.684 1
787.933 1
788.182 1
788.43 1
788.679 1
788.928 1
789.176 1
789.425 1
789.674 1
789.922 1
790.171 1
790.42 1
790.668 1
790.917 1
791.166 1
791.414 1
791.663 1
791.912 1
792.16 1
792.409 1
792.658 1
792.906 1
793.155 1
793.403 1
793.652 1
793.901 1
794.149 1
794.398 1
794.647 1
794.895 1
795.144 1
795.392 1
795.641 1
795.89 1
796.138 1
796.387 1
796.635 1
796.884 1
797.133 1
797.381 1
797.63 1
797.878 1
798.127 1
798.375 1
798.624 1
798.873 1
799.121 1
799.37 1
799.618 1
799.867 1
800.115 1
800.364 1
800.613 1
800.861 1
801.11 1
801.358 1
801.607 1
801.855 1
802.104 1
802.352 1
802.601 1
802.849 1
803.098 1
803.347 1
803.595 1
803.844 1
804.092 1
804.341 1
804.589 1
804.838 1
