645.824 3818.55
645.834 3818.59
645.843 3818.64
645.853 3818.68
645.863 3818.72
645.873 3818.77
645.883 3818.81
645.893 3818.85
645.902 3818.89
645.912 3818.94
645.922 3818.98
645.932 3819.02
645.941 3819.06
645.951 3819.11
645.961 3819.15
645.971 3819.19
645.98 3819.23
645.99 3819.28
646 3819.32
646.009 3819.36
646.019 3819.4
646.029 3819.44
646.038 3819.49
646.048 3819.53
646.057 3819.57
646.067 3819.61
646.077 3819.65
646.086 3819.69
646.096 3819.74
646.105 3819.78
646.115 3819.82
646.124 3819.86
646.134 3819.9
646.143 3819.94
646.153 3819.98
646.162 3820.03
646.172 3820.07
646.181 3820.11
646.191 3820.15
646.2 3820.19
646.21 3820.23
646.219 3820.27
646.229 3820.31
646.238 3820.35
646.247 3820.39
646.257 3820.43
646.266 3820.48
646.275 3820.52
646.285 3820.56
646.294 3820.6
646.303 3820.64
646.313 3820.68
646.322 3820.72
646.331 3820.76
646.341 3820.8
646.35 3820.84
646.359 3820.88
646.368 3820.92
646.378 3820.96
646.387 3821
646.396 3821.04
646.405 3821.08
646.414 3821.12
646.424 3821.16
646.433 3821.2
646.442 3821.24
646.451 3821.28
646.46 3821.32
646.469 3821.36
646.478 3821.4
646.488 3821.43
646.497 3821.47
646.506 3821.51
646.515 3821.55
646.524 3821.59
646.533 3821.63
646.542 3821.67
646.551 3821.71
646.56 3821.75
646.569 3821.79
646.578 3821.83
646.587 3821.86
646.596 3821.9
646.605 3821.94
646.614 3821.98
646.623 3822.02
646.632 3822.06
646.64 3822.1
646.649 3822.13
646.658 3822.17
646.667 3822.21
646.676 3822.25
646.685 3822.29
646.694 3822.33
646.703 3822.36
646.711 3822.4
646.72 3822.44
646.729 3822.48
646.738 3822.52
646.747 3822.55
646.755 3822.59
646.764 3822.63
646.773 3822.67
646.781 3822.71
646.79 3822.74
646.799 3822.78
646.808 3822.82
646.816 3822.86
646.825 3822.89
646.834 3822.93
646.842 3822.97
646.851 3823
646.86 3823.04
646.868 3823.08
646.877 3823.12
646.885 3823.15
646.894 3823.19
646.903 3823.23
646.911 3823.26
646.92 3823.3
646.928 3823.34
646.937 3823.37
646.945 3823.41
646.954 3823.45
646.962 3823.48
646.971 3823.52
646.979 3823.56
646.988 3823.59
646.996 3823.63
647.004 3823.67
647.013 3823.7
647.021 3823.74
647.03 3823.77
647.038 3823.81
647.046 3823.85
647.055 3823.88
647.063 3823.92
647.072 3823.95
647.08 3823.99
647.088 3824.03
647.097 3824.06
647.105 3824.1
647.113 3824.13
647.121 3824.17
647.13 3824.2
647.138 3824.24
647.146 3824.27
647.154 3824.31
647.163 3824.35
647.171 3824.38
647.179 3824.42
647.187 3824.45
647.195 3824.49
647.204 3824.52
647.212 3824.56
647.22 3824.59
647.228 3824.63
647.236 3824.66
647.244 3824.7
647.252 3824.73
647.26 3824.77
647.268 3824.8
647.276 3824.83
647.285 3824.87
647.293 3824.9
647.301 3824.94
647.309 3824.97
647.317 3825.01
647.325 3825.04
647.333 3825.07
647.341 3825.11
647.349 3825.14
647.356 3825.18
647.364 3825.21
647.372 3825.25
647.38 3825.28
647.388 3825.31
647.396 3825.35
647.404 3825.38
647.412 3825.41
647.42 3825.45
647.427 3825.48
647.435 3825.51
647.443 3825.55
647.451 3825.58
647.459 3825.62
647.467 3825.65
647.474 3825.68
647.482 3825.71
647.49 3825.75
647.498 3825.78
647.505 3825.81
647.513 3825.85
647.521 3825.88
647.528 3825.91
647.536 3825.95
647.544 3825.98
647.551 3826.01
647.559 3826.04
647.567 3826.08
647.574 3826.11
647.582 3826.14
647.59 3826.17
647.597 3826.21
647.605 3826.24
647.612 3826.27
647.62 3826.3
647.627 3826.34
647.635 3826.37
647.643 3826.4
647.65 3826.43
647.658 3826.46
647.665 3826.5
647.672 3826.53
647.68 3826.56
647.687 3826.59
647.695 3826.62
647.702 3826.66
647.71 3826.69
647.717 3826.72
647.725 3826.75
647.732 3826.78
647.739 3826.81
647.747 3826.85
647.754 3826.88
647.761 3826.91
647.769 3826.94
647.776 3826.97
647.783 3827
647.791 3827.03
647.798 3827.06
647.805 3827.09
647.812 3827.13
647.82 3827.16
647.827 3827.19
647.834 3827.22
647.841 3827.25
647.849 3827.28
647.856 3827.31
647.863 3827.34
647.87 3827.37
647.877 3827.4
647.884 3827.43
647.892 3827.46
647.899 3827.49
647.906 3827.52
647.913 3827.55
647.92 3827.58
647.927 3827.61
647.934 3827.64
647.941 3827.67
647.948 3827.7
647.955 3827.73
647.962 3827.76
647.969 3827.79
647.976 3827.82
647.983 3827.85
647.99 3827.88
647.997 3827.91
648.004 3827.94
648.011 3827.97
648.018 3828
648.025 3828.03
648.032 3828.06
648.039 3828.09
648.046 3828.12
648.052 3828.15
648.059 3828.18
648.066 3828.21
648.073 3828.23
648.08 3828.26
648.087 3828.29
648.093 3828.32
648.1 3828.35
648.107 3828.38
648.114 3828.41
648.121 3828.44
648.127 3828.47
648.134 3828.49
648.141 3828.52
648.147 3828.55
648.154 3828.58
648.161 3828.61
648.167 3828.64
648.174 3828.66
648.181 3828.69
648.187 3828.72
648.194 3828.75
648.201 3828.78
648.207 3828.8
648.214 3828.83
648.22 3828.86
648.227 3828.89
648.234 3828.92
648.24 3828.94
648.247 3828.97
648.253 3829
648.26 3829.03
648.266 3829.05
648.273 3829.08
648.279 3829.11
648.286 3829.14
648.292 3829.16
648.298 3829.19
648.305 3829.22
648.311 3829.25
648.318 3829.27
648.324 3829.3
648.331 3829.33
648.337 3829.35
648.343 3829.38
648.35 3829.41
648.356 3829.44
648.362 3829.46
648.369 3829.49
648.375 3829.52
648.381 3829.54
648.387 3829.57
648.394 3829.6
648.4 3829.62
648.406 3829.65
648.412 3829.67
648.419 3829.7
648.425 3829.73
648.431 3829.75
648.437 3829.78
648.443 3829.81
648.45 3829.83
648.456 3829.86
648.462 3829.88
648.468 3829.91
648.474 3829.94
648.48 3829.96
648.486 3829.99
648.492 3830.01
648.498 3830.04
648.505 3830.06
648.511 3830.09
648.517 3830.12
648.523 3830.14
648.529 3830.17
648.535 3830.19
648.541 3830.22
648.547 3830.24
648.553 3830.27
648.559 3830.29
648.564 3830.32
648.57 3830.34
648.576 3830.37
648.582 3830.39
648.588 3830.42
648.594 3830.44
648.6 3830.47
648.606 3830.49
648.612 3830.52
648.617 3830.54
648.623 3830.57
648.629 3830.59
648.635 3830.61
648.641 3830.64
648.646 3830.66
648.652 3830.69
648.658 3830.71
648.664 3830.74
648.669 3830.76
648.675 3830.78
648.681 3830.81
648.687 3830.83
648.692 3830.86
648.698 3830.88
648.704 3830.9
648.709 3830.93
648.715 3830.95
648.72 3830.98
648.726 3831
648.732 3831.02
648.737 3831.05
648.743 3831.07
648.748 3831.09
648.754 3831.12
648.76 3831.14
648.765 3831.16
648.771 3831.19
648.776 3831.21
648.782 3831.23
648.787 3831.26
648.793 3831.28
648.798 3831.3
648.803 3831.33
648.809 3831.35
648.814 3831.37
648.82 3831.39
648.825 3831.42
648.831 3831.44
648.836 3831.46
648.841 3831.49
648.847 3831.51
648.852 3831.53
648.857 3831.55
648.863 3831.58
648.868 3831.6
648.873 3831.62
648.879 3831.64
648.884 3831.66
648.889 3831.69
648.894 3831.71
648.9 3831.73
648.905 3831.75
648.91 3831.77
648.915 3831.8
648.92 3831.82
648.926 3831.84
648.931 3831.86
648.936 3831.88
648.941 3831.91
648.946 3831.93
648.951 3831.95
648.956 3831.97
648.962 3831.99
648.967 3832.01
648.972 3832.03
648.977 3832.06
648.982 3832.08
648.987 3832.1
648.992 3832.12
648.997 3832.14
649.002 3832.16
649.007 3832.18
649.012 3832.2
649.017 3832.22
649.022 3832.24
649.027 3832.27
649.032 3832.29
649.037 3832.31
649.042 3832.33
649.046 3832.35
649.051 3832.37
649.056 3832.39
649.061 3832.41
649.066 3832.43
649.071 3832.45
649.076 3832.47
649.08 3832.49
649.085 3832.51
649.09 3832.53
649.095 3832.55
649.1 3832.57
649.104 3832.59
649.109 3832.61
649.114 3832.63
649.119 3832.65
649.123 3832.67
649.128 3832.69
649.133 3832.71
649.137 3832.73
649.142 3832.75
649.147 3832.77
649.151 3832.79
649.156 3832.81
649.16 3832.83
649.165 3832.85
649.17 3832.87
649.174 3832.89
649.179 3832.9
649.183 3832.92
649.188 3832.94
649.192 3832.96
649.197 3832.98
649.202 3833
649.206 3833.02
649.211 3833.04
649.215 3833.06
649.219 3833.07
649.224 3833.09
649.228 3833.11
649.233 3833.13
649.237 3833.15
649.242 3833.17
649.246 3833.19
649.25 3833.2
649.255 3833.22
649.259 3833.24
649.263 3833.26
649.268 3833.28
649.272 3833.3
649.276 3833.31
649.281 3833.33
649.285 3833.35
649.289 3833.37
649.294 3833.38
649.298 3833.4
649.302 3833.42
649.306 3833.44
649.31 3833.46
649.315 3833.47
649.319 3833.49
649.323 3833.51
649.327 3833.53
649.331 3833.54
649.335 3833.56
649.34 3833.58
649.344 3833.6
649.348 3833.61
649.352 3833.63
649.356 3833.65
649.36 3833.66
649.364 3833.68
649.368 3833.7
649.372 3833.71
649.376 3833.73
649.38 3833.75
649.384 3833.77
649.388 3833.78
649.392 3833.8
649.396 3833.82
649.4 3833.83
649.404 3833.85
649.408 3833.86
649.412 3833.88
649.416 3833.9
649.42 3833.91
649.424 3833.93
649.428 3833.95
649.431 3833.96
649.435 3833.98
649.439 3833.99
649.443 3834.01
649.447 3834.03
649.451 3834.04
649.454 3834.06
649.458 3834.07
649.462 3834.09
649.466 3834.11
649.469 3834.12
649.473 3834.14
649.477 3834.15
649.481 3834.17
649.484 3834.18
649.488 3834.2
649.492 3834.21
649.495 3834.23
649.499 3834.24
649.503 3834.26
649.506 3834.27
649.51 3834.29
649.513 3834.3
649.517 3834.32
649.52 3834.33
649.524 3834.35
649.528 3834.36
649.531 3834.38
649.535 3834.39
649.538 3834.41
649.542 3834.42
649.545 3834.44
649.549 3834.45
649.552 3834.47
649.556 3834.48
649.559 3834.5
649.562 3834.51
649.566 3834.52
649.569 3834.54
649.573 3834.55
649.576 3834.57
649.579 3834.58
649.583 3834.6
649.586 3834.61
649.59 3834.62
649.593 3834.64
649.596 3834.65
649.599 3834.66
649.603 3834.68
649.606 3834.69
649.609 3834.71
649.613 3834.72
649.616 3834.73
649.619 3834.75
649.622 3834.76
649.625 3834.77
649.629 3834.79
649.632 3834.8
649.635 3834.81
649.638 3834.83
649.641 3834.84
649.644 3834.85
649.648 3834.87
649.651 3834.88
649.654 3834.89
649.657 3834.9
649.66 3834.92
649.663 3834.93
649.666 3834.94
649.669 3834.96
649.672 3834.97
649.675 3834.98
649.678 3834.99
649.681 3835.01
649.684 3835.02
649.687 3835.03
649.69 3835.04
649.693 3835.05
649.696 3835.07
649.699 3835.08
649.702 3835.09
649.705 3835.1
649.708 3835.12
649.71 3835.13
649.713 3835.14
649.716 3835.15
649.719 3835.16
649.722 3835.18
649.725 3835.19
649.727 3835.2
649.73 3835.21
649.733 3835.22
649.736 3835.23
649.739 3835.24
649.741 3835.26
649.744 3835.27
649.747 3835.28
649.749 3835.29
649.752 3835.3
649.755 3835.31
649.758 3835.32
649.76 3835.33
649.763 3835.35
649.765 3835.36
649.768 3835.37
649.771 3835.38
649.773 3835.39
649.776 3835.4
649.778 3835.41
649.781 3835.42
649.784 3835.43
649.786 3835.44
649.789 3835.45
649.791 3835.46
649.794 3835.47
649.796 3835.48
649.799 3835.5
649.801 3835.51
649.804 3835.52
649.806 3835.53
649.808 3835.54
649.811 3835.55
649.813 3835.56
649.816 3835.57
649.818 3835.58
649.82 3835.59
649.823 3835.6
649.825 3835.61
649.828 3835.62
649.83 3835.62
649.832 3835.63
649.834 3835.64
649.837 3835.65
649.839 3835.66
649.841 3835.67
649.844 3835.68
649.846 3835.69
649.848 3835.7
649.85 3835.71
649.852 3835.72
649.855 3835.73
649.857 3835.74
649.859 3835.75
649.861 3835.76
649.863 3835.76
649.865 3835.77
649.868 3835.78
649.87 3835.79
649.872 3835.8
649.874 3835.81
649.876 3835.82
649.878 3835.83
649.88 3835.83
649.882 3835.84
649.884 3835.85
649.886 3835.86
649.888 3835.87
649.89 3835.88
649.892 3835.88
649.894 3835.89
649.896 3835.9
649.898 3835.91
649.9 3835.92
649.902 3835.92
649.904 3835.93
649.906 3835.94
649.908 3835.95
649.909 3835.96
649.911 3835.96
649.913 3835.97
649.915 3835.98
649.917 3835.99
649.919 3835.99
649.92 3836
649.922 3836.01
649.924 3836.02
649.926 3836.02
649.928 3836.03
649.929 3836.04
649.931 3836.05
649.933 3836.05
649.934 3836.06
649.936 3836.07
649.938 3836.07
649.939 3836.08
649.941 3836.09
649.943 3836.09
649.944 3836.1
649.946 3836.11
649.948 3836.12
649.949 3836.12
649.951 3836.13
649.952 3836.13
649.954 3836.14
649.956 3836.15
649.957 3836.15
649.959 3836.16
649.96 3836.17
649.962 3836.17
649.963 3836.18
649.965 3836.19
649.966 3836.19
649.967 3836.2
649.969 3836.2
649.97 3836.21
649.972 3836.22
649.973 3836.22
649.975 3836.23
649.976 3836.23
649.977 3836.24
649.979 3836.24
649.98 3836.25
649.981 3836.26
649.983 3836.26
649.984 3836.27
649.985 3836.27
649.987 3836.28
649.988 3836.28
649.989 3836.29
649.99 3836.29
649.992 3836.3
649.993 3836.3
649.994 3836.31
649.995 3836.31
649.996 3836.32
649.998 3836.32
649.999 3836.33
650 3836.33
650.001 3836.34
650.002 3836.34
650.003 3836.35
650.005 3836.35
650.006 3836.36
650.007 3836.36
650.008 3836.36
650.009 3836.37
650.01 3836.37
650.011 3836.38
650.012 3836.38
650.013 3836.39
650.014 3836.39
650.015 3836.39
650.016 3836.4
650.017 3836.4
650.018 3836.41
650.019 3836.41
650.02 3836.41
650.021 3836.42
650.022 3836.42
650.022 3836.43
650.023 3836.43
650.024 3836.43
650.025 3836.44
650.026 3836.44
650.027 3836.44
650.028 3836.45
650.028 3836.45
650.029 3836.45
650.03 3836.46
650.031 3836.46
650.031 3836.46
650.032 3836.47
650.033 3836.47
650.034 3836.47
650.034 3836.48
650.035 3836.48
650.036 3836.48
650.036 3836.48
650.037 3836.49
650.038 3836.49
650.038 3836.49
650.039 3836.5
650.04 3836.5
650.04 3836.5
650.041 3836.5
650.042 3836.51
650.042 3836.51
650.043 3836.51
650.043 3836.51
650.044 3836.51
650.044 3836.52
650.045 3836.52
650.045 3836.52
650.046 3836.52
650.046 3836.52
650.047 3836.53
650.047 3836.53
650.048 3836.53
650.048 3836.53
650.048 3836.53
650.049 3836.54
650.049 3836.54
650.05 3836.54
650.05 3836.54
650.05 3836.54
650.051 3836.54
650.051 3836.54
650.051 3836.55
650.052 3836.55
650.052 3836.55
650.052 3836.55
650.052 3836.55
650.053 3836.55
650.053 3836.55
650.053 3836.55
650.053 3836.55
650.054 3836.56
650.054 3836.56
650.054 3836.56
650.054 3836.56
650.054 3836.56
650.055 3836.56
650.055 3836.56
650.055 3836.56
650.055 3836.56
650.055 3836.56
650.055 3836.56
650.055 3836.56
650.055 3836.56
650.055 3836.56
650.055 3836.56
650.055 3836.56
650.055 3836.56
650.055 3836.56
650.055 3836.56
650.055 3836.56
650.055 3836.56
650.055 3836.56
650.055 3836.56
650.055 3836.56
650.055 3836.56
650.055 3836.56
650.055 3836.56
650.055 3836.56
650.055 3836.56
650.055 3836.56
650.055 3836.56
650.054 3836.56
650.054 3836.56
650.054 3836.56
650.054 3836.56
650.054 3836.56
650.053 3836.55
650.053 3836.55
650.053 3836.55
650.053 3836.55
650.052 3836.55
650.052 3836.55
650.052 3836.55
650.052 3836.55
650.051 3836.55
650.051 3836.54
650.051 3836.54
650.05 3836.54
650.05 3836.54
650.05 3836.54
650.049 3836.54
650.049 3836.54
650.048 3836.53
650.048 3836.53
650.047 3836.53
650.047 3836.53
650.047 3836.53
650.046 3836.52
650.046 3836.52
650.045 3836.52
650.045 3836.52
650.044 3836.52
650.044 3836.51
650.043 3836.51
650.043 3836.51
650.042 3836.51
650.041 3836.5
650.041 3836.5
650.04 3836.5
650.04 3836.5
650.039 3836.49
650.038 3836.49
650.038 3836.49
650.037 3836.49
650.036 3836.48
650.036 3836.48
650.035 3836.48
650.034 3836.48
650.034 3836.47
650.033 3836.47
650.032 3836.47
650.031 3836.46
650.031 3836.46
650.03 3836.46
650.029 3836.45
650.028 3836.45
650.027 3836.45
650.027 3836.44
650.026 3836.44
650.025 3836.44
650.024 3836.43
650.023 3836.43
650.022 3836.43
650.021 3836.42
650.02 3836.42
650.02 3836.41
650.019 3836.41
650.018 3836.41
650.017 3836.4
650.016 3836.4
650.015 3836.39
650.014 3836.39
650.013 3836.39
650.012 3836.38
650.011 3836.38
650.01 3836.37
650.009 3836.37
650.008 3836.36
650.006 3836.36
650.005 3836.36
650.004 3836.35
650.003 3836.35
650.002 3836.34
650.001 3836.34
650 3836.33
649.999 3836.33
649.997 3836.32
649.996 3836.32
649.995 3836.31
649.994 3836.31
649.993 3836.3
649.991 3836.3
649.99 3836.29
649.989 3836.29
649.988 3836.28
649.986 3836.28
649.985 3836.27
649.984 3836.27
649.982 3836.26
649.981 3836.25
649.98 3836.25
649.978 3836.24
649.977 3836.24
649.976 3836.23
649.974 3836.23
649.973 3836.22
649.972 3836.21
649.97 3836.21
649.969 3836.2
649.967 3836.2
649.966 3836.19
649.964 3836.18
649.963 3836.18
649.961 3836.17
649.96 3836.17
649.958 3836.16
649.957 3836.15
649.955 3836.15
649.954 3836.14
649.952 3836.13
649.951 3836.13
649.949 3836.12
649.947 3836.11
649.946 3836.11
649.944 3836.1
649.943 3836.09
649.941 3836.09
649.939 3836.08
649.938 3836.07
649.936 3836.07
649.934 3836.06
649.932 3836.05
649.931 3836.04
649.929 3836.04
649.927 3836.03
649.926 3836.02
649.924 3836.02
649.922 3836.01
649.92 3836
649.918 3835.99
649.917 3835.99
649.915 3835.98
649.913 3835.97
649.911 3835.96
649.909 3835.96
649.907 3835.95
649.905 3835.94
649.904 3835.93
649.902 3835.92
649.9 3835.92
649.898 3835.91
649.896 3835.9
649.894 3835.89
649.892 3835.88
649.89 3835.88
649.888 3835.87
649.886 3835.86
649.884 3835.85
649.882 3835.84
649.88 3835.83
649.878 3835.82
649.876 3835.82
649.874 3835.81
649.872 3835.8
649.87 3835.79
649.867 3835.78
649.865 3835.77
649.863 3835.76
649.861 3835.75
649.859 3835.75
649.857 3835.74
649.855 3835.73
649.852 3835.72
649.85 3835.71
649.848 3835.7
649.846 3835.69
649.843 3835.68
649.841 3835.67
649.839 3835.66
649.837 3835.65
649.834 3835.64
649.832 3835.63
649.83 3835.62
649.827 3835.61
649.825 3835.61
649.823 3835.6
649.82 3835.59
649.818 3835.58
649.816 3835.57
649.813 3835.56
649.811 3835.55
649.808 3835.54
649.806 3835.53
649.804 3835.52
649.801 3835.51
649.799 3835.5
649.796 3835.48
649.794 3835.47
649.791 3835.46
649.789 3835.45
649.786 3835.44
649.784 3835.43
649.781 3835.42
649.779 3835.41
649.776 3835.4
649.773 3835.39
649.771 3835.38
649.768 3835.37
649.766 3835.36
649.763 3835.35
649.76 3835.34
649.758 3835.32
649.755 3835.31
649.752 3835.3
649.75 3835.29
649.747 3835.28
649.744 3835.27
649.741 3835.26
649.739 3835.25
649.736 3835.23
649.733 3835.22
649.73 3835.21
649.728 3835.2
649.725 3835.19
649.722 3835.18
649.719 3835.16
649.716 3835.15
649.714 3835.14
649.711 3835.13
649.708 3835.12
649.705 3835.1
649.702 3835.09
649.699 3835.08
649.696 3835.07
649.693 3835.06
649.69 3835.04
649.687 3835.03
649.684 3835.02
649.681 3835.01
649.679 3834.99
649.676 3834.98
649.672 3834.97
649.669 3834.96
649.666 3834.94
649.663 3834.93
649.66 3834.92
649.657 3834.91
649.654 3834.89
649.651 3834.88
649.648 3834.87
649.645 3834.85
649.642 3834.84
649.639 3834.83
649.635 3834.81
649.632 3834.8
649.629 3834.79
649.626 3834.78
649.623 3834.76
649.62 3834.75
649.616 3834.73
649.613 3834.72
649.61 3834.71
649.607 3834.69
649.603 3834.68
649.6 3834.67
649.597 3834.65
649.593 3834.64
649.59 3834.63
649.587 3834.61
649.583 3834.6
649.58 3834.58
649.577 3834.57
649.573 3834.56
649.57 3834.54
649.567 3834.53
649.563 3834.51
649.56 3834.5
649.556 3834.48
649.553 3834.47
649.549 3834.46
649.546 3834.44
649.543 3834.43
649.539 3834.41
649.536 3834.4
649.532 3834.38
649.528 3834.37
649.525 3834.35
649.521 3834.34
649.518 3834.32
649.514 3834.31
649.511 3834.29
649.507 3834.28
649.503 3834.26
649.5 3834.25
649.496 3834.23
649.493 3834.22
649.489 3834.2
649.485 3834.19
649.482 3834.17
649.478 3834.16
649.474 3834.14
649.47 3834.13
649.467 3834.11
649.463 3834.09
649.459 3834.08
649.456 3834.06
649.452 3834.05
649.448 3834.03
649.444 3834.02
649.44 3834
649.437 3833.98
649.433 3833.97
649.429 3833.95
649.425 3833.94
649.421 3833.92
649.417 3833.9
649.413 3833.89
649.409 3833.87
649.406 3833.85
649.402 3833.84
649.398 3833.82
649.394 3833.8
649.39 3833.79
649.386 3833.77
649.382 3833.75
649.378 3833.74
649.374 3833.72
649.37 3833.7
649.366 3833.69
649.362 3833.67
649.358 3833.65
649.354 3833.64
649.35 3833.62
649.345 3833.6
649.341 3833.59
649.337 3833.57
649.333 3833.55
649.329 3833.53
649.325 3833.52
649.321 3833.5
649.317 3833.48
649.312 3833.46
649.308 3833.45
649.304 3833.43
649.3 3833.41
649.295 3833.39
649.291 3833.38
649.287 3833.36
649.283 3833.34
649.278 3833.32
649.274 3833.3
649.27 3833.29
649.266 3833.27
649.261 3833.25
649.257 3833.23
649.253 3833.21
649.248 3833.2
649.244 3833.18
649.239 3833.16
649.235 3833.14
649.231 3833.12
649.226 3833.1
649.222 3833.08
649.217 3833.07
649.213 3833.05
649.208 3833.03
649.204 3833.01
649.2 3832.99
649.195 3832.97
649.19 3832.95
649.186 3832.93
649.181 3832.92
649.177 3832.9
649.172 3832.88
649.168 3832.86
649.163 3832.84
649.159 3832.82
649.154 3832.8
649.149 3832.78
649.145 3832.76
649.14 3832.74
649.135 3832.72
649.131 3832.7
649.126 3832.68
649.121 3832.66
649.117 3832.64
649.112 3832.62
649.107 3832.6
649.103 3832.58
649.098 3832.56
649.093 3832.54
649.088 3832.52
649.084 3832.5
649.079 3832.48
649.074 3832.46
649.069 3832.44
649.064 3832.42
649.06 3832.4
649.055 3832.38
649.05 3832.36
649.045 3832.34
649.04 3832.32
649.035 3832.3
649.03 3832.28
649.025 3832.26
649.02 3832.24
649.016 3832.22
649.011 3832.2
649.006 3832.18
649.001 3832.16
648.996 3832.13
648.991 3832.11
648.986 3832.09
648.981 3832.07
648.976 3832.05
648.971 3832.03
648.965 3832.01
648.96 3831.99
648.955 3831.97
648.95 3831.94
648.945 3831.92
648.94 3831.9
648.935 3831.88
648.93 3831.86
648.925 3831.84
648.919 3831.81
648.914 3831.79
648.909 3831.77
648.904 3831.75
648.899 3831.73
648.894 3831.71
648.888 3831.68
648.883 3831.66
648.878 3831.64
648.873 3831.62
648.867 3831.59
648.862 3831.57
648.857 3831.55
648.851 3831.53
648.846 3831.51
648.841 3831.48
648.835 3831.46
648.83 3831.44
648.825 3831.42
648.819 3831.39
648.814 3831.37
648.808 3831.35
648.803 3831.32
648.798 3831.3
648.792 3831.28
648.787 3831.26
648.781 3831.23
648.776 3831.21
648.77 3831.19
648.765 3831.16
648.759 3831.14
648.754 3831.12
648.748 3831.09
648.743 3831.07
648.737 3831.05
648.732 3831.02
648.726 3831
648.72 3830.98
648.715 3830.95
648.709 3830.93
648.704 3830.91
648.698 3830.88
648.692 3830.86
648.687 3830.83
648.681 3830.81
648.675 3830.79
648.67 3830.76
648.664 3830.74
648.658 3830.71
648.653 3830.69
648.647 3830.67
648.641 3830.64
648.635 3830.62
648.63 3830.59
648.624 3830.57
648.618 3830.54
648.612 3830.52
648.606 3830.49
648.601 3830.47
648.595 3830.45
648.589 3830.42
648.583 3830.4
648.577 3830.37
648.571 3830.35
648.565 3830.32
648.559 3830.3
648.554 3830.27
648.548 3830.25
648.542 3830.22
648.536 3830.2
648.53 3830.17
648.524 3830.15
648.518 3830.12
648.512 3830.09
648.506 3830.07
648.5 3830.04
648.494 3830.02
648.488 3829.99
648.482 3829.97
648.476 3829.94
648.469 3829.92
648.463 3829.89
648.457 3829.86
648.451 3829.84
648.445 3829.81
648.439 3829.79
648.433 3829.76
648.427 3829.73
648.42 3829.71
648.414 3829.68
648.408 3829.66
648.402 3829.63
648.396 3829.6
648.389 3829.58
648.383 3829.55
648.377 3829.52
648.371 3829.5
648.364 3829.47
648.358 3829.44
648.352 3829.42
648.345 3829.39
648.339 3829.36
648.333 3829.34
648.326 3829.31
648.32 3829.28
648.314 3829.26
648.307 3829.23
648.301 3829.2
648.295 3829.18
648.288 3829.15
648.282 3829.12
648.275 3829.09
648.269 3829.07
648.262 3829.04
648.256 3829.01
648.25 3828.98
648.243 3828.96
648.237 3828.93
648.23 3828.9
648.223 3828.87
648.217 3828.85
648.21 3828.82
648.204 3828.79
648.197 3828.76
648.191 3828.73
648.184 3828.71
648.177 3828.68
648.171 3828.65
648.164 3828.62
648.158 3828.59
648.151 3828.57
648.144 3828.54
648.138 3828.51
648.131 3828.48
648.124 3828.45
648.118 3828.42
648.111 3828.4
648.104 3828.37
648.097 3828.34
648.091 3828.31
648.084 3828.28
648.077 3828.25
648.07 3828.22
648.064 3828.19
648.057 3828.17
648.05 3828.14
648.043 3828.11
648.036 3828.08
648.029 3828.05
648.022 3828.02
648.016 3827.99
648.009 3827.96
648.002 3827.93
647.995 3827.9
647.988 3827.87
647.981 3827.84
647.974 3827.81
647.967 3827.78
647.96 3827.76
647.953 3827.73
647.946 3827.7
647.939 3827.67
647.932 3827.64
647.925 3827.61
647.918 3827.58
647.911 3827.55
647.904 3827.52
647.897 3827.49
647.89 3827.46
647.883 3827.43
647.876 3827.4
647.869 3827.37
647.862 3827.33
647.854 3827.3
647.847 3827.27
647.84 3827.24
647.833 3827.21
647.826 3827.18
647.819 3827.15
647.811 3827.12
647.804 3827.09
647.797 3827.06
647.79 3827.03
647.782 3827
647.775 3826.97
647.768 3826.94
647.761 3826.9
647.753 3826.87
647.746 3826.84
647.739 3826.81
647.731 3826.78
647.724 3826.75
647.717 3826.72
647.709 3826.69
647.702 3826.65
647.695 3826.62
647.687 3826.59
647.68 3826.56
647.672 3826.53
647.665 3826.5
647.657 3826.46
647.65 3826.43
647.643 3826.4
647.635 3826.37
647.628 3826.34
647.62 3826.31
647.613 3826.27
647.605 3826.24
647.598 3826.21
647.59 3826.18
647.582 3826.14
647.575 3826.11
647.567 3826.08
647.56 3826.05
647.552 3826.01
647.545 3825.98
