296.686 -29.0449
296.931 -28.7627
297.176 -28.477
297.421 -28.1877
297.666 -27.8949
297.911 -27.5985
298.157 -27.2985
298.402 -26.9949
298.647 -26.6877
298.892 -26.3769
299.137 -26.0625
299.382 -25.7444
299.627 -25.4226
299.872 -25.0972
300.118 -24.7681
300.363 -24.4353
300.608 -24.0988
300.853 -23.7586
301.098 -23.4146
301.343 -23.0669
301.589 -22.7154
301.834 -22.3602
302.079 -22.0011
302.324 -21.6383
302.569 -21.2717
302.814 -20.9012
303.06 -20.5269
303.305 -20.1488
303.55 -19.7668
303.795 -19.3809
304.041 -18.9912
304.286 -18.5975
304.531 -18.2
304.776 -17.7985
305.022 -17.3931
305.267 -16.9837
305.512 -16.5704
305.757 -16.1532
306.003 -15.7319
306.248 -15.3067
306.493 -14.8775
306.739 -14.4443
306.984 -14.007
307.229 -13.5657
307.475 -13.1204
307.72 -12.671
307.965 -12.2175
308.21 -11.76
308.456 -11.2983
308.701 -10.8326
308.947 -10.3627
309.192 -9.88876
309.437 -9.41065
309.683 -8.9284
309.928 -8.44199
310.173 -7.95142
310.419 -7.45666
310.664 -6.95772
310.91 -6.45458
311.155 -5.94722
311.4 -5.43565
311.646 -4.91985
311.891 -4.3998
312.137 -3.87551
312.382 -3.34695
312.627 -2.81412
312.873 -2.277
313.118 -1.7356
313.364 -1.18989
313.609 -0.639867
313.855 -0.0855219
314.1 0.473156
314.346 1.03618
314.591 1.60355
314.837 2.17529
315.082 2.75139
315.328 3.33188
315.573 3.91676
315.819 4.50605
316.064 5.09974
316.31 5.69785
316.555 6.30039
316.801 6.90738
317.046 7.5188
317.292 8.13469
317.537 8.75505
317.783 9.37987
318.028 10.0092
318.274 10.643
318.52 11.2813
318.765 11.9241
319.011 12.5715
319.256 13.2233
319.502 13.8798
319.748 14.5407
319.993 15.2062
320.239 15.8763
320.484 16.5509
320.73 17.2302
320.976 17.914
321.221 18.6024
321.467 19.2954
321.712 19.9931
321.958 20.6953
322.204 21.4022
322.449 22.1137
322.695 22.8299
322.941 23.5508
323.186 24.2762
323.432 25.0064
323.678 25.7412
323.924 26.4808
324.169 27.225
324.415 27.9739
324.661 28.7275
324.906 29.4859
325.152 30.2489
325.398 31.0167
325.644 31.7893
325.889 32.5665
326.135 33.3486
326.381 34.1354
326.626 34.9269
326.872 35.7233
327.118 36.5244
327.364 37.3303
327.61 38.141
327.855 38.9564
328.101 39.7767
328.347 40.6019
328.593 41.4318
328.838 42.2665
329.084 43.1061
329.33 43.9506
329.576 44.7999
329.822 45.654
330.068 46.513
330.313 47.3768
330.559 48.2456
330.805 49.1192
331.051 49.9977
331.297 50.881
331.543 51.7693
331.788 52.6625
332.034 53.5606
332.28 54.4636
332.526 55.3715
332.772 56.2843
333.018 57.2021
333.264 58.1247
333.51 59.0524
333.756 59.985
334.001 60.9225
334.247 61.865
334.493 62.8124
334.739 63.7648
334.985 64.7222
335.231 65.6846
335.477 66.6519
335.723 67.6242
335.969 68.6015
336.215 69.5838
336.461 70.5711
336.707 71.5634
336.953 72.5608
337.199 73.5631
337.445 74.5704
337.691 75.5828
337.937 76.6002
338.183 77.6226
338.429 78.6501
338.675 79.6826
338.921 80.7201
339.167 81.7627
339.413 82.8103
339.659 83.863
339.905 84.9208
340.151 85.9836
340.397 87.0514
340.643 88.1244
340.889 89.2024
341.135 90.2855
341.381 91.3737
341.627 92.4669
341.873 93.5653
342.119 94.6687
342.366 95.7772
342.612 96.8908
342.858 98.0096
343.104 99.1334
343.35 100.262
343.596 101.396
343.842 102.535
344.088 103.68
344.334 104.829
344.581 105.984
344.827 107.143
345.073 108.308
345.319 109.478
345.565 110.653
345.811 111.833
346.058 113.018
346.304 114.209
346.55 115.404
346.796 116.605
347.042 117.811
347.288 119.022
347.535 120.238
347.781 121.459
348.027 122.685
348.273 123.917
348.519 125.154
348.766 126.395
349.012 127.642
349.258 128.895
349.504 130.152
349.751 131.414
349.997 132.682
350.243 133.955
350.489 135.233
350.736 136.516
350.982 137.804
351.228 139.098
351.474 140.397
351.721 141.7
351.967 143.009
352.213 144.324
352.46 145.643
352.706 146.967
352.952 148.297
353.199 149.632
353.445 150.972
353.691 152.317
353.937 153.668
354.184 155.023
354.43 156.384
354.676 157.75
354.923 159.121
355.169 160.497
355.416 161.879
355.662 163.266
355.908 164.657
356.155 166.054
356.401 167.457
356.647 168.864
356.894 170.276
357.14 171.694
357.387 173.117
357.633 174.545
357.879 175.978
358.126 177.417
358.372 178.86
358.619 180.309
358.865 181.763
359.111 183.222
359.358 184.687
359.604 186.156
359.851 187.631
360.097 189.111
360.344 190.596
360.59 192.086
360.837 193.581
361.083 195.082
361.33 196.587
361.576 198.098
361.823 199.614
362.069 201.135
362.316 202.661
362.562 204.193
362.809 205.73
363.055 207.271
363.302 208.818
363.548 210.37
363.795 211.928
364.041 213.49
364.288 215.057
364.534 216.63
364.781 218.208
365.027 219.791
365.274 221.379
365.52 222.972
365.767 224.571
366.013 226.174
366.26 227.783
366.507 229.396
366.753 231.015
367 232.639
367.246 234.268
367.493 235.903
367.74 237.542
367.986 239.187
368.233 240.836
368.479 242.491
368.726 244.151
368.973 245.816
369.219 247.486
369.466 249.161
369.713 250.841
369.959 252.526
370.206 254.216
370.452 255.912
370.699 257.612
370.946 259.318
371.192 261.029
371.439 262.745
371.686 264.465
371.932 266.191
372.179 267.922
372.426 269.658
372.673 271.399
372.919 273.146
373.166 274.897
373.413 276.653
373.659 278.414
373.906 280.18
374.153 281.952
374.399 283.728
374.646 285.51
374.893 287.296
375.14 289.087
375.386 290.884
375.633 292.685
375.88 294.492
376.127 296.303
376.373 298.12
376.62 299.941
376.867 301.768
377.114 303.599
377.361 305.435
377.607 307.277
377.854 309.123
378.101 310.975
378.348 312.831
378.595 314.692
378.841 316.558
379.088 318.429
379.335 320.305
379.582 322.187
379.829 324.072
380.075 325.963
380.322 327.859
380.569 329.76
380.816 331.666
381.063 333.576
381.31 335.492
381.557 337.412
381.803 339.337
382.05 341.267
382.297 343.202
382.544 345.142
382.791 347.087
383.038 349.037
383.285 350.991
383.532 352.951
383.778 354.915
384.025 356.884
384.272 358.858
384.519 360.837
384.766 362.82
385.013 364.809
385.26 366.802
385.507 368.8
385.754 370.803
386.001 372.81
386.248 374.823
386.495 376.84
386.742 378.862
386.989 380.889
387.235 382.92
387.482 384.957
387.729 386.998
387.976 389.044
388.223 391.094
388.47 393.15
388.717 395.21
388.964 397.274
389.211 399.344
389.458 401.418
389.705 403.497
389.952 405.581
390.199 407.669
390.446 409.762
390.693 411.86
390.94 413.962
391.187 416.069
391.434 418.181
391.682 420.297
391.929 422.418
392.176 424.544
392.423 426.674
392.67 428.809
392.917 430.949
393.164 433.093
393.411 435.242
393.658 437.395
393.905 439.553
394.152 441.716
394.399 443.883
394.646 446.055
394.893 448.231
395.141 450.412
395.388 452.597
395.635 454.787
395.882 456.982
396.129 459.181
396.376 461.384
396.623 463.592
396.87 465.805
397.117 468.022
397.365 470.244
397.612 472.47
397.859 474.7
398.106 476.935
398.353 479.175
398.6 481.419
398.848 483.667
399.095 485.92
399.342 488.177
399.589 490.439
399.836 492.705
400.083 494.976
400.331 497.251
400.578 499.53
400.825 501.814
401.072 504.102
401.319 506.394
401.567 508.691
401.814 510.992
402.061 513.298
402.308 515.608
402.555 517.922
402.803 520.241
403.05 522.563
403.297 524.891
403.544 527.222
403.792 529.558
404.039 531.898
404.286 534.242
404.533 536.591
404.781 538.944
405.028 541.301
405.275 543.662
405.523 546.028
405.77 548.397
406.017 550.771
406.264 553.15
406.512 555.532
406.759 557.919
407.006 560.309
407.254 562.704
407.501 565.104
407.748 567.507
407.995 569.914
408.243 572.326
408.49 574.742
408.737 577.161
408.985 579.585
409.232 582.013
409.479 584.446
409.727 586.882
409.974 589.322
410.222 591.767
410.469 594.215
410.716 596.668
410.964 599.124
411.211 601.585
411.458 604.049
411.706 606.518
411.953 608.991
412.201 611.467
412.448 613.948
412.695 616.433
412.943 618.921
413.19 621.414
413.437 623.91
413.685 626.411
413.932 628.915
414.18 631.423
414.427 633.936
414.675 636.452
414.922 638.972
415.169 641.496
415.417 644.024
415.664 646.555
415.912 649.091
416.159 651.63
416.407 654.173
416.654 656.72
416.902 659.271
417.149 661.826
417.397 664.385
417.644 666.947
417.891 669.513
418.139 672.083
418.386 674.657
418.634 677.234
418.881 679.815
419.129 682.4
419.376 684.989
419.624 687.581
419.871 690.177
420.119 692.777
420.366 695.38
420.614 697.988
420.862 700.598
421.109 703.213
421.357 705.831
421.604 708.453
421.852 711.078
422.099 713.707
422.347 716.34
422.594 718.976
422.842 721.616
423.089 724.259
423.337 726.906
423.585 729.557
423.832 732.211
424.08 734.869
424.327 737.53
424.575 740.195
424.822 742.863
425.07 745.535
425.318 748.21
425.565 750.889
425.813 753.571
426.06 756.257
426.308 758.946
426.556 761.638
426.803 764.334
427.051 767.034
427.298 769.737
427.546 772.443
427.794 775.153
428.041 777.866
428.289 780.582
428.537 783.302
428.784 786.025
429.032 788.752
429.28 791.481
429.527 794.215
429.775 796.951
430.023 799.691
430.27 802.434
430.518 805.18
430.766 807.93
431.013 810.683
431.261 813.439
431.509 816.198
431.756 818.961
432.004 821.727
432.252 824.496
432.499 827.268
432.747 830.044
432.995 832.822
433.243 835.604
433.49 838.389
433.738 841.177
433.986 843.969
434.233 846.763
434.481 849.561
434.729 852.361
434.977 855.165
435.224 857.972
435.472 860.782
435.72 863.595
435.968 866.411
436.215 869.23
436.463 872.052
436.711 874.877
436.959 877.706
437.206 880.537
437.454 883.371
437.702 886.208
437.95 889.048
438.198 891.891
438.445 894.737
438.693 897.586
438.941 900.438
439.189 903.293
439.436 906.151
439.684 909.012
439.932 911.875
440.18 914.742
440.428 917.611
440.676 920.483
440.923 923.358
441.171 926.236
441.419 929.117
441.667 932.001
441.915 934.887
442.163 937.776
442.41 940.668
442.658 943.563
442.906 946.46
443.154 949.36
443.402 952.263
443.65 955.169
443.898 958.078
444.145 960.989
444.393 963.903
444.641 966.819
444.889 969.738
445.137 972.66
445.385 975.585
445.633 978.512
445.881 981.442
446.128 984.374
446.376 987.309
446.624 990.247
446.872 993.187
447.12 996.13
447.368 999.076
447.616 1002.02
447.864 1004.97
448.112 1007.93
448.36 1010.88
448.608 1013.84
448.856 1016.8
449.104 1019.77
449.351 1022.73
449.599 1025.7
449.847 1028.67
450.095 1031.64
450.343 1034.62
450.591 1037.6
450.839 1040.58
451.087 1043.56
451.335 1046.54
451.583 1049.53
451.831 1052.52
452.079 1055.51
452.327 1058.51
452.575 1061.51
452.823 1064.51
453.071 1067.51
453.319 1070.51
453.567 1073.52
453.815 1076.53
454.063 1079.54
454.311 1082.55
454.559 1085.57
454.807 1088.58
455.055 1091.6
455.303 1094.63
455.551 1097.65
455.799 1100.68
456.047 1103.71
456.295 1106.74
456.543 1109.77
456.791 1112.81
457.039 1115.84
457.287 1118.88
457.535 1121.93
457.783 1124.97
458.031 1128.02
458.28 1131.06
458.528 1134.11
458.776 1137.17
459.024 1140.22
459.272 1143.28
459.52 1146.34
459.768 1149.4
460.016 1152.46
460.264 1155.53
460.512 1158.59
460.76 1161.66
461.008 1164.73
461.257 1167.8
461.505 1170.88
461.753 1173.96
462.001 1177.03
462.249 1180.11
462.497 1183.2
462.745 1186.28
462.993 1189.37
463.241 1192.46
463.49 1195.55
463.738 1198.64
463.986 1201.73
464.234 1204.83
464.482 1207.93
464.73 1211.02
464.978 1214.13
465.227 1217.23
465.475 1220.33
465.723 1223.44
465.971 1226.55
466.219 1229.66
466.467 1232.77
466.715 1235.88
466.964 1239
467.212 1242.12
467.46 1245.24
467.708 1248.36
467.956 1251.48
468.205 1254.6
468.453 1257.73
468.701 1260.86
468.949 1263.98
469.197 1267.11
469.446 1270.25
469.694 1273.38
469.942 1276.52
470.19 1279.65
470.438 1282.79
470.687 1285.93
470.935 1289.07
471.183 1292.22
471.431 1295.36
471.679 1298.51
471.928 1301.66
472.176 1304.81
472.424 1307.96
472.672 1311.11
472.921 1314.26
473.169 1317.42
473.417 1320.58
473.665 1323.73
473.914 1326.89
474.162 1330.06
474.41 1333.22
474.658 1336.38
474.907 1339.55
475.155 1342.71
475.403 1345.88
475.652 1349.05
475.9 1352.22
476.148 1355.4
476.396 1358.57
476.645 1361.74
476.893 1364.92
477.141 1368.1
477.39 1371.28
477.638 1374.46
477.886 1377.64
478.134 1380.82
478.383 1384.01
478.631 1387.19
478.879 1390.38
479.128 1393.57
479.376 1396.76
479.624 1399.95
479.873 1403.14
480.121 1406.33
480.369 1409.52
480.618 1412.72
480.866 1415.91
481.114 1419.11
481.363 1422.31
481.611 1425.51
481.859 1428.71
482.108 1431.91
482.356 1435.12
482.604 1438.32
482.853 1441.52
483.101 1444.73
483.35 1447.94
483.598 1451.15
483.846 1454.36
484.095 1457.57
484.343 1460.78
484.591 1463.99
484.84 1467.2
485.088 1470.42
485.337 1473.63
485.585 1476.85
485.833 1480.07
486.082 1483.29
486.33 1486.5
486.579 1489.72
486.827 1492.95
487.075 1496.17
487.324 1499.39
487.572 1502.61
487.821 1505.84
488.069 1509.06
488.318 1512.29
488.566 1515.52
488.814 1518.75
489.063 1521.97
489.311 1525.2
489.56 1528.43
489.808 1531.67
490.057 1534.9
490.305 1538.13
490.553 1541.37
490.802 1544.6
491.05 1547.83
491.299 1551.07
491.547 1554.31
491.796 1557.54
492.044 1560.78
492.293 1564.02
492.541 1567.26
492.79 1570.5
493.038 1573.74
493.287 1576.98
493.535 1580.23
493.783 1583.47
494.032 1586.71
494.28 1589.96
494.529 1593.2
494.777 1596.45
495.026 1599.69
495.274 1602.94
495.523 1606.19
495.771 1609.43
496.02 1612.68
496.268 1615.93
496.517 1619.18
496.765 1622.43
497.014 1625.68
497.262 1628.93
497.511 1632.18
497.76 1635.44
498.008 1638.69
498.257 1641.94
498.505 1645.19
498.754 1648.45
499.002 1651.7
499.251 1654.96
499.499 1658.21
499.748 1661.47
499.996 1664.72
500.245 1667.98
500.493 1671.24
500.742 1674.5
500.991 1677.75
501.239 1681.01
501.488 1684.27
501.736 1687.53
501.985 1690.79
502.233 1694.05
502.482 1697.31
502.731 1700.57
502.979 1703.83
503.228 1707.09
503.476 1710.35
503.725 1713.61
503.973 1716.87
504.222 1720.13
504.471 1723.39
504.719 1726.66
504.968 1729.92
505.216 1733.18
505.465 1736.44
505.714 1739.71
505.962 1742.97
506.211 1746.23
506.459 1749.5
506.708 1752.76
506.957 1756.03
507.205 1759.29
507.454 1762.55
507.703 1765.82
507.951 1769.08
508.2 1772.35
508.448 1775.61
508.697 1778.88
508.946 1782.14
509.194 1785.41
509.443 1788.67
509.692 1791.94
509.94 1795.2
510.189 1798.47
510.438 1801.73
510.686 1805
510.935 1808.26
511.183 1811.53
511.432 1814.79
511.681 1818.06
511.929 1821.33
512.178 1824.59
512.427 1827.86
512.675 1831.12
512.924 1834.39
513.173 1837.65
513.421 1840.92
513.67 1844.18
513.919 1847.45
514.168 1850.71
514.416 1853.98
514.665 1857.24
514.914 1860.51
515.162 1863.77
515.411 1867.03
515.66 1870.3
515.908 1873.56
516.157 1876.83
516.406 1880.09
516.655 1883.35
516.903 1886.62
517.152 1889.88
517.401 1893.14
517.649 1896.4
517.898 1899.67
518.147 1902.93
518.396 1906.19
518.644 1909.45
518.893 1912.71
519.142 1915.98
519.39 1919.24
519.639 1922.5
519.888 1925.76
520.137 1929.02
520.385 1932.28
520.634 1935.54
520.883 1938.8
521.132 1942.06
521.38 1945.31
521.629 1948.57
521.878 1951.83
522.127 1955.09
522.375 1958.35
522.624 1961.6
522.873 1964.86
523.122 1968.11
523.37 1971.37
523.619 1974.63
523.868 1977.88
524.117 1981.13
524.366 1984.39
524.614 1987.64
524.863 1990.9
525.112 1994.15
525.361 1997.4
525.609 2000.65
525.858 2003.9
526.107 2007.15
526.356 2010.4
526.605 2013.65
526.853 2016.9
527.102 2020.15
527.351 2023.4
527.6 2026.65
527.849 2029.9
528.097 2033.14
528.346 2036.39
528.595 2039.63
528.844 2042.88
529.093 2046.12
529.341 2049.37
529.59 2052.61
529.839 2055.85
530.088 2059.1
530.337 2062.34
530.586 2065.58
530.834 2068.82
531.083 2072.06
531.332 2075.3
531.581 2078.53
531.83 2081.77
532.079 2085.01
532.327 2088.25
532.576 2091.48
532.825 2094.72
533.074 2097.95
533.323 2101.18
533.572 2104.42
533.821 2107.65
534.069 2110.88
534.318 2114.11
534.567 2117.34
534.816 2120.57
535.065 2123.8
535.314 2127.03
535.563 2130.25
535.811 2133.48
536.06 2136.7
536.309 2139.93
536.558 2143.15
536.807 2146.38
537.056 2149.6
537.305 2152.82
537.554 2156.04
537.802 2159.26
538.051 2162.48
538.3 2165.7
538.549 2168.91
538.798 2172.13
539.047 2175.35
539.296 2178.56
539.545 2181.77
539.794 2184.99
540.042 2188.2
540.291 2191.41
540.54 2194.62
540.789 2197.83
541.038 2201.04
541.287 2204.25
541.536 2207.45
541.785 2210.66
542.034 2213.86
542.283 2217.07
542.532 2220.27
542.781 2223.47
543.029 2226.67
543.278 2229.87
543.527 2233.07
543.776 2236.27
544.025 2239.46
544.274 2242.66
544.523 2245.85
544.772 2249.05
545.021 2252.24
545.27 2255.43
545.519 2258.62
545.768 2261.81
546.017 2265
546.266 2268.19
546.515 2271.38
546.763 2274.56
547.012 2277.74
547.261 2280.93
547.51 2284.11
547.759 2287.29
548.008 2290.47
548.257 2293.65
548.506 2296.83
548.755 2300
549.004 2303.18
549.253 2306.35
549.502 2309.53
549.751 2312.7
550 2315.87
550.249 2319.04
550.498 2322.21
550.747 2325.38
550.996 2328.54
551.245 2331.71
551.494 2334.87
551.743 2338.03
551.992 2341.19
552.241 2344.35
552.49 2347.51
552.739 2350.67
552.988 2353.83
553.237 2356.98
553.486 2360.14
553.735 2363.29
553.984 2366.44
554.233 2369.59
554.482 2372.74
554.731 2375.89
554.98 2379.03
555.229 2382.18
555.478 2385.32
555.727 2388.47
555.976 2391.61
556.225 2394.75
556.474 2397.89
556.723 2401.02
556.972 2404.16
557.221 2407.29
557.47 2410.43
557.719 2413.56
557.968 2416.69
558.217 2419.82
558.466 2422.95
558.715 2426.07
558.964 2429.2
559.213 2432.32
559.462 2435.45
559.711 2438.57
559.96 2441.69
560.209 2444.81
560.458 2447.92
560.707 2451.04
560.956 2454.15
561.205 2457.26
561.454 2460.38
561.704 2463.49
561.953 2466.59
562.202 2469.7
562.451 2472.81
562.7 2475.91
562.949 2479.01
563.198 2482.11
563.447 2485.21
563.696 2488.31
563.945 2491.41
564.194 2494.5
564.443 2497.6
564.692 2500.69
564.941 2503.78
565.19 2506.87
565.439 2509.96
565.689 2513.04
565.938 2516.13
566.187 2519.21
566.436 2522.29
566.685 2525.37
566.934 2528.45
567.183 2531.53
567.432 2534.6
567.681 2537.68
567.93 2540.75
568.179 2543.82
568.428 2546.89
568.677 2549.96
568.927 2553.02
569.176 2556.09
569.425 2559.15
569.674 2562.21
569.923 2565.27
570.172 2568.33
570.421 2571.39
570.67 2574.44
570.919 2577.49
571.168 2580.54
571.418 2583.59
571.667 2586.64
571.916 2589.69
572.165 2592.73
572.414 2595.78
572.663 2598.82
572.912 2601.86
573.161 2604.9
573.41 2607.93
573.66 2610.97
573.909 2614
574.158 2617.03
574.407 2620.06
574.656 2623.09
574.905 2626.12
575.154 2629.14
575.403 2632.16
575.652 2635.19
575.902 2638.21
576.151 2641.22
576.4 2644.24
576.649 2647.25
576.898 2650.27
577.147 2653.28
577.396 2656.29
577.646 2659.29
577.895 2662.3
578.144 2665.3
578.393 2668.31
578.642 2671.31
578.891 2674.3
579.14 2677.3
579.39 2680.3
579.639 2683.29
579.888 2686.28
580.137 2689.27
580.386 2692.26
580.635 2695.24
580.884 2698.23
581.134 2701.21
581.383 2704.19
581.632 2707.17
581.881 2710.15
582.13 2713.12
582.379 2716.09
582.628 2719.07
582.878 2722.04
583.127 2725
583.376 2727.97
583.625 2730.93
583.874 2733.89
584.123 2736.85
584.373 2739.81
584.622 2742.77
584.871 2745.72
585.12 2748.68
585.369 2751.63
585.618 2754.58
585.868 2757.52
586.117 2760.47
586.366 2763.41
586.615 2766.35
586.864 2769.29
587.114 2772.23
587.363 2775.16
587.612 2778.1
587.861 2781.03
588.11 2783.96
588.359 2786.89
588.609 2789.81
588.858 2792.74
589.107 2795.66
589.356 2798.58
589.605 2801.5
589.855 2804.41
590.104 2807.33
590.353 2810.24
590.602 2813.15
590.851 2816.06
591.101 2818.96
591.35 2821.87
591.599 2824.77
591.848 2827.67
592.097 2830.57
592.347 2833.47
592.596 2836.36
592.845 2839.25
593.094 2842.14
593.343 2845.03
593.593 2847.92
593.842 2850.8
594.091 2853.68
594.34 2856.56
594.589 2859.44
594.839 2862.32
595.088 2865.19
595.337 2868.06
595.586 2870.93
595.835 2873.8
596.085 2876.67
596.334 2879.53
596.583 2882.39
596.832 2885.25
597.082 2888.11
597.331 2890.96
597.58 2893.82
597.829 2896.67
598.078 2899.52
598.328 2902.37
598.577 2905.21
598.826 2908.05
599.075 2910.89
599.325 2913.73
599.574 2916.57
599.823 2919.4
600.072 2922.24
600.321 2925.07
600.571 2927.9
600.82 2930.72
601.069 2933.55
601.318 2936.37
601.568 2939.19
601.817 2942
602.066 2944.82
602.315 2947.63
602.565 2950.44
602.814 2953.25
603.063 2956.06
603.312 2958.87
603.562 2961.67
603.811 2964.47
604.06 2967.27
604.309 2970.06
604.558 2972.86
604.808 2975.65
605.057 2978.44
605.306 2981.23
605.555 2984.01
605.805 2986.79
606.054 2989.57
606.303 2992.35
606.552 2995.13
606.802 2997.9
607.051 3000.68
607.3 3003.45
607.549 3006.21
607.799 3008.98
608.048 3011.74
608.297 3014.5
608.546 3017.26
608.796 3020.02
609.045 3022.77
609.294 3025.53
609.544 3028.28
609.793 3031.02
610.042 3033.77
610.291 3036.51
610.541 3039.25
610.79 3041.99
611.039 3044.73
611.288 3047.46
611.538 3050.2
611.787 3052.93
612.036 3055.65
612.285 3058.38
612.535 3061.1
612.784 3063.82
613.033 3066.54
613.282 3069.26
613.532 3071.97
613.781 3074.68
614.03 3077.39
614.28 3080.1
614.529 3082.8
614.778 3085.51
615.027 3088.21
615.277 3090.91
615.526 3093.6
615.775 3096.29
616.024 3098.99
616.274 3101.67
616.523 3104.36
616.772 3107.05
617.022 3109.73
617.271 3112.41
617.52 3115.08
617.769 3117.76
618.019 3120.43
618.268 3123.1
618.517 3125.77
618.767 3128.44
619.016 3131.1
619.265 3133.76
619.514 3136.42
619.764 3139.08
620.013 3141.73
620.262 3144.38
620.512 3147.03
620.761 3149.68
621.01 3152.32
621.259 3154.97
621.509 3157.61
621.758 3160.24
622.007 3162.88
622.257 3165.51
622.506 3168.14
622.755 3170.77
623.004 3173.4
623.254 3176.02
623.503 3178.64
623.752 3181.26
624.002 3183.88
624.251 3186.49
624.5 3189.1
624.749 3191.71
624.999 3194.32
625.248 3196.92
625.497 3199.53
625.747 3202.13
625.996 3204.72
626.245 3207.32
626.495 3209.91
626.744 3212.5
626.993 3215.09
627.242 3217.68
627.492 3220.26
627.741 3222.84
627.99 3225.42
628.24 3227.99
628.489 3230.57
628.738 3233.14
628.987 3235.71
629.237 3238.27
629.486 3240.84
629.735 3243.4
629.985 3245.96
630.234 3248.51
630.483 3251.07
630.733 3253.62
630.982 3256.17
631.231 3258.72
631.481 3261.26
631.73 3263.8
631.979 3266.34
632.228 3268.88
632.478 3271.41
632.727 3273.95
632.976 3276.48
633.226 3279
633.475 3281.53
633.724 3284.05
633.974 3286.57
634.223 3289.09
634.472 3291.6
634.721 3294.12
634.971 3296.63
635.22 3299.13
635.469 3301.64
635.719 3304.14
635.968 3306.64
636.217 3309.14
636.467 3311.64
636.716 3314.13
636.965 3316.62
637.215 3319.11
637.464 3321.59
637.713 3324.08
637.962 3326.56
638.212 3329.04
638.461 3331.51
638.71 3333.99
638.96 3336.46
639.209 3338.93
639.458 3341.39
639.708 3343.85
639.957 3346.32
640.206 3348.77
640.456 3351.23
640.705 3353.68
640.954 3356.13
641.204 3358.58
641.453 3361.03
641.702 3363.47
641.951 3365.91
642.201 3368.35
642.45 3370.79
642.699 3373.22
642.949 3375.65
643.198 3378.08
643.447 3380.51
643.697 3382.93
643.946 3385.35
644.195 3387.77
644.445 3390.19
644.694 3392.6
644.943 3395.01
645.193 3397.42
645.442 3399.82
645.691 3402.23
645.941 3404.63
646.19 3407.03
646.439 3409.42
646.688 3411.82
646.938 3414.21
647.187 3416.6
647.436 3418.98
647.686 3421.36
647.935 3423.75
648.184 3426.12
648.434 3428.5
648.683 3430.87
648.932 3433.24
649.182 3435.61
649.431 3437.98
649.68 3440.34
649.93 3442.7
650.179 3445.06
650.428 3447.41
650.677 3449.77
650.927 3452.12
651.176 3454.46
651.425 3456.81
651.675 3459.15
651.924 3461.49
652.173 3463.83
652.423 3466.17
652.672 3468.5
652.921 3470.83
653.171 3473.16
653.42 3475.48
653.669 3477.8
653.919 3480.12
654.168 3482.44
654.417 3484.75
654.667 3487.07
654.916 3489.38
655.165 3491.68
655.414 3493.99
655.664 3496.29
655.913 3498.59
656.162 3500.89
656.412 3503.18
656.661 3505.47
656.91 3507.76
657.16 3510.05
657.409 3512.33
657.658 3514.61
657.908 3516.89
658.157 3519.17
658.406 3521.44
658.656 3523.71
658.905 3525.98
659.154 3528.25
659.404 3530.51
659.653 3532.77
659.902 3535.03
660.151 3537.29
660.401 3539.54
660.65 3541.79
660.899 3544.04
661.149 3546.29
661.398 3548.53
661.647 3550.77
661.897 3553.01
662.146 3555.24
662.395 3557.47
662.645 3559.7
662.894 3561.93
663.143 3564.16
663.392 3566.38
663.642 3568.6
663.891 3570.82
664.14 3573.03
664.39 3575.24
664.639 3577.45
664.888 3579.66
665.138 3581.86
665.387 3584.07
665.636 3586.26
665.886 3588.46
666.135 3590.65
666.384 3592.85
666.634 3595.04
666.883 3597.22
667.132 3599.4
667.381 3601.59
667.631 3603.76
667.88 3605.94
668.129 3608.11
668.379 3610.28
668.628 3612.45
668.877 3614.62
669.127 3616.78
669.376 3618.94
669.625 3621.1
669.874 3623.25
670.124 3625.41
670.373 3627.56
670.622 3629.7
670.872 3631.85
671.121 3633.99
671.37 3636.13
671.62 3638.27
671.869 3640.4
672.118 3642.53
672.367 3644.66
672.617 3646.79
672.866 3648.91
673.115 3651.04
673.365 3653.15
673.614 3655.27
673.863 3657.38
674.113 3659.5
674.362 3661.6
674.611 3663.71
674.86 3665.81
675.11 3667.91
675.359 3670.01
675.608 3672.11
675.858 3674.2
676.107 3676.29
676.356 3678.38
676.606 3680.46
676.855 3682.55
677.104 3684.63
677.353 3686.7
677.603 3688.78
677.852 3690.85
678.101 3692.92
678.351 3694.99
678.6 3697.05
678.849 3699.11
679.098 3701.17
679.348 3703.23
679.597 3705.28
679.846 3707.33
680.096 3709.38
680.345 3711.43
680.594 3713.47
680.843 3715.51
681.093 3717.55
681.342 3719.59
681.591 3721.62
681.841 3723.65
682.09 3725.68
682.339 3727.7
682.588 3729.73
682.838 3731.75
683.087 3733.76
683.336 3735.78
683.586 3737.79
683.835 3739.8
684.084 3741.81
684.333 3743.81
684.583 3745.81
684.832 3747.81
685.081 3749.81
685.33 3751.8
685.58 3753.8
685.829 3755.79
686.078 3757.77
686.328 3759.76
686.577 3761.74
686.826 3763.71
687.075 3765.69
687.325 3767.66
687.574 3769.63
687.823 3771.6
688.072 3773.57
688.322 3775.53
688.571 3777.49
688.82 3779.45
689.07 3781.4
689.319 3783.36
689.568 3785.31
689.817 3787.25
690.067 3789.2
690.316 3791.14
690.565 3793.08
690.814 3795.02
691.064 3796.95
691.313 3798.88
691.562 3800.81
691.811 3802.74
692.061 3804.66
692.31 3806.59
692.559 3808.5
692.808 3810.42
693.058 3812.33
693.307 3814.24
693.556 3816.15
693.805 3818.06
694.055 3819.96
694.304 3821.86
694.553 3823.76
694.802 3825.66
695.052 3827.55
695.301 3829.44
695.55 3831.33
695.799 3833.21
696.049 3835.09
696.298 3836.97
696.547 3838.85
696.796 3840.73
697.046 3842.6
697.295 3844.47
697.544 3846.34
697.793 3848.2
698.043 3850.06
698.292 3851.92
698.541 3853.78
698.79 3855.63
699.04 3857.48
699.289 3859.33
699.538 3861.18
699.787 3863.02
700.037 3864.86
700.286 3866.7
700.535 3868.54
700.784 3870.37
701.033 3872.2
701.283 3874.03
701.532 3875.85
701.781 3877.68
702.03 3879.5
702.28 3881.32
702.529 3883.13
702.778 3884.94
703.027 3886.75
703.276 3888.56
703.526 3890.37
703.775 3892.17
704.024 3893.97
704.273 3895.77
704.523 3897.56
704.772 3899.35
705.021 3901.14
705.27 3902.93
705.519 3904.71
705.769 3906.49
706.018 3908.27
706.267 3910.05
706.516 3911.82
706.765 3913.6
707.015 3915.36
707.264 3917.13
707.513 3918.9
707.762 3920.66
708.011 3922.41
708.261 3924.17
708.51 3925.92
708.759 3927.68
709.008 3929.42
709.258 3931.17
709.507 3932.91
709.756 3934.65
710.005 3936.39
710.254 3938.13
710.503 3939.86
710.753 3941.59
711.002 3943.32
711.251 3945.04
711.5 3946.77
711.749 3948.49
711.999 3950.2
712.248 3951.92
712.497 3953.63
712.746 3955.34
712.995 3957.05
713.245 3958.75
713.494 3960.46
713.743 3962.16
713.992 3963.85
714.241 3965.55
714.49 3967.24
714.74 3968.93
714.989 3970.62
715.238 3972.3
715.487 3973.98
715.736 3975.66
715.986 3977.34
716.235 3979.01
716.484 3980.68
716.733 3982.35
716.982 3984.02
717.231 3985.68
717.481 3987.34
717.73 3989
717.979 3990.66
718.228 3992.31
718.477 3993.97
718.726 3995.61
718.975 3997.26
719.225 3998.9
719.474 4000.54
719.723 4002.18
719.972 4003.82
720.221 4005.45
720.47 4007.08
720.72 4008.71
720.969 4010.34
721.218 4011.96
721.467 4013.58
721.716 4015.2
721.965 4016.82
722.214 4018.43
722.464 4020.04
722.713 4021.65
722.962 4023.26
723.211 4024.86
723.46 4026.46
723.709 4028.06
723.958 4029.65
724.208 4031.25
724.457 4032.84
724.706 4034.42
724.955 4036.01
725.204 4037.59
725.453 4039.17
725.702 4040.75
725.951 4042.33
726.201 4043.9
726.45 4045.47
726.699 4047.04
726.948 4048.6
727.197 4050.17
727.446 4051.73
727.695 4053.29
727.944 4054.84
728.193 4056.39
728.443 4057.94
728.692 4059.49
728.941 4061.04
729.19 4062.58
729.439 4064.12
729.688 4065.66
729.937 4067.19
730.186 4068.73
730.435 4070.26
730.685 4071.79
730.934 4073.31
731.183 4074.83
731.432 4076.35
731.681 4077.87
731.93 4079.39
732.179 4080.9
732.428 4082.41
732.677 4083.92
732.926 4085.43
733.175 4086.93
733.425 4088.43
733.674 4089.93
733.923 4091.42
734.172 4092.92
734.421 4094.41
734.67 4095.89
734.919 4097.38
735.168 4098.86
735.417 4100.34
735.666 4101.82
735.915 4103.3
736.164 4104.77
736.413 4106.24
736.662 4107.71
736.912 4109.18
737.161 4110.64
737.41 4112.1
737.659 4113.56
737.908 4115.02
738.157 4116.47
738.406 4117.92
738.655 4119.37
738.904 4120.81
739.153 4122.26
739.402 4123.7
739.651 4125.14
739.9 4126.57
740.149 4128.01
740.398 4129.44
740.647 4130.87
740.896 4132.3
741.145 4133.72
741.394 4135.14
741.643 4136.56
741.893 4137.98
742.142 4139.39
742.391 4140.8
742.64 4142.21
742.889 4143.62
743.138 4145.02
743.387 4146.43
743.636 4147.83
743.885 4149.22
744.134 4150.62
744.383 4152.01
744.632 4153.4
744.881 4154.79
745.13 4156.17
745.379 4157.55
745.628 4158.93
745.877 4160.31
746.126 4161.69
746.375 4163.06
746.624 4164.43
746.873 4165.8
747.122 4167.16
747.371 4168.53
747.62 4169.89
747.869 4171.25
748.118 4172.6
748.367 4173.96
748.616 4175.31
748.865 4176.66
749.114 4178
749.363 4179.35
749.612 4180.69
749.861 4182.03
750.11 4183.36
750.359 4184.7
750.608 4186.03
750.857 4187.36
751.106 4188.69
751.355 4190.01
751.604 4191.33
751.853 4192.65
752.102 4193.97
752.351 4195.29
752.599 4196.6
752.848 4197.91
753.097 4199.22
753.346 4200.52
753.595 4201.82
753.844 4203.12
754.093 4204.42
754.342 4205.72
754.591 4207.01
754.84 4208.3
755.089 4209.59
755.338 4210.88
755.587 4212.16
755.836 4213.44
756.085 4214.72
756.334 4216
756.583 4217.28
756.832 4218.55
757.081 4219.82
757.329 4221.08
757.578 4222.35
757.827 4223.61
758.076 4224.87
758.325 4226.13
758.574 4227.39
758.823 4228.64
759.072 4229.89
759.321 4231.14
759.57 4232.38
759.819 4233.63
760.068 4234.87
760.317 4236.11
760.565 4237.35
760.814 4238.58
761.063 4239.81
761.312 4241.04
761.561 4242.27
761.81 4243.49
762.059 4244.72
762.308 4245.94
762.557 4247.15
762.806 4248.37
763.054 4249.58
763.303 4250.79
763.552 4252
763.801 4253.21
764.05 4254.41
764.299 4255.61
764.548 4256.81
764.797 4258.01
765.045 4259.21
765.294 4260.4
765.543 4261.59
765.792 4262.77
766.041 4263.96
766.29 4265.14
766.539 4266.32
766.787 4267.5
767.036 4268.68
767.285 4269.85
767.534 4271.02
767.783 4272.19
768.032 4273.36
768.281 4274.52
768.529 4275.69
768.778 4276.85
769.027 4278
769.276 4279.16
769.525 4280.31
769.774 4281.46
770.022 4282.61
770.271 4283.76
770.52 4284.9
770.769 4286.04
771.018 4287.18
771.267 4288.32
771.515 4289.45
771.764 4290.58
772.013 4291.71
772.262 4292.84
772.511 4293.97
772.76 4295.09
773.008 4296.21
773.257 4297.33
773.506 4298.45
773.755 4299.56
774.004 4300.67
774.252 4301.78
774.501 4302.89
774.75 4303.99
774.999 4305.1
775.248 4306.2
775.496 4307.3
775.745 4308.39
775.994 4309.48
776.243 4310.58
776.491 4311.67
776.74 4312.75
776.989 4313.84
777.238 4314.92
777.487 4316
777.735 4317.08
777.984 4318.15
778.233 4319.23
778.482 4320.3
778.73 4321.37
778.979 4322.43
779.228 4323.5
779.477 4324.56
779.725 4325.62
779.974 4326.68
780.223 4327.73
780.472 4328.78
780.72 4329.84
780.969 4330.88
781.218 4331.93
781.467 4332.97
781.715 4334.02
781.964 4335.06
782.213 4336.09
782.462 4337.13
782.71 4338.16
782.959 4339.19
783.208 4340.22
783.456 4341.25
783.705 4342.27
783.954 4343.29
784.203 4344.31
784.451 4345.33
784.7 4346.35
784.949 4347.36
785.197 4348.37
785.446 4349.38
785.695 4350.39
785.944 4351.39
786.192 4352.39
786.441 4353.39
786.69 4354.39
786.938 4355.39
787.187 4356.38
787.436 4357.37
787.684 4358.36
787.933 4359.35
788.182 4360.33
788.43 4361.31
788.679 4362.29
788.928 4363.27
789.176 4364.25
789.425 4365.22
789.674 4366.19
789.922 4367.16
790.171 4368.13
790.42 4369.09
790.668 4370.06
790.917 4371.02
791.166 4371.97
791.414 4372.93
791.663 4373.89
791.912 4374.84
792.16 4375.79
792.409 4376.73
792.658 4377.68
792.906 4378.62
793.155 4379.56
793.403 4380.5
793.652 4381.44
793.901 4382.37
794.149 4383.31
794.398 4384.24
794.647 4385.17
794.895 4386.09
795.144 4387.02
795.392 4387.94
795.641 4388.86
795.89 4389.77
796.138 4390.69
796.387 4391.6
796.635 4392.51
796.884 4393.42
797.133 4394.33
797.381 4395.23
797.63 4396.14
797.878 4397.04
798.127 4397.94
798.375 4398.83
798.624 4399.73
798.873 4400.62
799.121 4401.51
799.37 4402.4
799.618 4403.28
799.867 4404.17
800.115 4405.05
800.364 4405.93
800.613 4406.8
800.861 4407.68
801.11 4408.55
801.358 4409.42
801.607 4410.29
801.855 4411.16
802.104 4412.02
802.352 4412.88
802.601 4413.74
802.849 4414.6
803.098 4415.46
803.347 4416.31
803.595 4417.17
803.844 4418.01
804.092 4418.86
804.341 4419.71
804.589 4420.55
804.838 4421.39
