633.914 19874.5
633.93 19875.1
633.945 19875.7
633.961 19876.3
633.977 19877
633.993 19877.6
634.009 19878.2
634.025 19878.8
634.041 19879.4
634.057 19880.1
634.073 19880.7
634.089 19881.3
634.105 19881.9
634.121 19882.5
634.137 19883.2
634.153 19883.8
634.169 19884.4
634.185 19885
634.2 19885.6
634.216 19886.3
634.232 19886.9
634.248 19887.5
634.264 19888.1
634.28 19888.7
634.296 19889.4
634.312 19890
634.328 19890.6
634.344 19891.2
634.36 19891.9
634.376 19892.5
634.392 19893.1
634.408 19893.7
634.424 19894.3
634.44 19895
634.456 19895.6
634.471 19896.2
634.487 19896.8
634.503 19897.4
634.519 19898.1
634.535 19898.7
634.551 19899.3
634.567 19899.9
634.583 19900.5
634.599 19901.2
634.615 19901.8
634.631 19902.4
634.647 19903
634.663 19903.7
634.679 19904.3
634.695 19904.9
634.711 19905.5
634.726 19906.1
634.742 19906.8
634.758 19907.4
634.774 19908
634.79 19908.6
634.806 19909.2
634.822 19909.9
634.838 19910.5
634.854 19911.1
634.87 19911.7
634.886 19912.3
634.902 19913
634.918 19913.6
634.934 19914.2
634.95 19914.8
634.966 19915.5
634.981 19916.1
634.997 19916.7
635.013 19917.3
635.029 19917.9
635.045 19918.6
635.061 19919.2
635.077 19919.8
635.093 19920.4
635.109 19921
635.125 19921.7
635.141 19922.3
635.157 19922.9
635.173 19923.5
635.189 19924.2
635.205 19924.8
635.22 19925.4
635.236 19926
635.252 19926.6
635.268 19927.3
635.284 19927.9
635.3 19928.5
635.316 19929.1
635.332 19929.7
635.348 19930.4
635.364 19931
635.38 19931.6
635.396 19932.2
635.412 19932.9
635.428 19933.5
635.444 19934.1
635.459 19934.7
635.475 19935.3
635.491 19936
635.507 19936.6
635.523 19937.2
635.539 19937.8
635.555 19938.4
635.571 19939.1
635.587 19939.7
635.603 19940.3
635.619 19940.9
635.635 19941.6
635.651 19942.2
635.667 19942.8
635.683 19943.4
635.698 19944
635.714 19944.7
635.73 19945.3
635.746 19945.9
635.762 19946.5
635.778 19947.2
635.794 19947.8
635.81 19948.4
635.826 19949
635.842 19949.6
635.858 19950.3
635.874 19950.9
635.89 19951.5
635.906 19952.1
635.922 19952.8
635.937 19953.4
635.953 19954
635.969 19954.6
635.985 19955.2
636.001 19955.9
636.017 19956.5
636.033 19957.1
636.049 19957.7
636.065 19958.4
636.081 19959
636.097 19959.6
636.113 19960.2
636.129 19960.8
636.145 19961.5
636.16 19962.1
636.176 19962.7
636.192 19963.3
636.208 19964
636.224 19964.6
636.24 19965.2
636.256 19965.8
636.272 19966.4
636.288 19967.1
636.304 19967.7
636.32 19968.3
636.336 19968.9
636.352 19969.6
636.368 19970.2
636.383 19970.8
636.399 19971.4
636.415 19972
636.431 19972.7
636.447 19973.3
636.463 19973.9
636.479 19974.5
636.495 19975.2
636.511 19975.8
636.527 19976.4
636.543 19977
636.559 19977.6
636.575 19978.3
636.591 19978.9
636.606 19979.5
636.622 19980.1
636.638 19980.8
636.654 19981.4
636.67 19982
636.686 19982.6
636.702 19983.2
636.718 19983.9
636.734 19984.5
636.75 19985.1
636.766 19985.7
636.782 19986.4
636.798 19987
636.813 19987.6
636.829 19988.2
636.845 19988.9
636.861 19989.5
636.877 19990.1
636.893 19990.7
636.909 19991.3
636.925 19992
636.941 19992.6
636.957 19993.2
636.973 19993.8
636.989 19994.5
637.005 19995.1
637.021 19995.7
637.036 19996.3
637.052 19997
637.068 19997.6
637.084 19998.2
637.1 19998.8
637.116 19999.4
637.132 20000.1
637.148 20000.7
637.164 20001.3
637.18 20001.9
637.196 20002.6
637.212 20003.2
637.228 20003.8
637.243 20004.4
637.259 20005.1
637.275 20005.7
637.291 20006.3
637.307 20006.9
637.323 20007.5
637.339 20008.2
637.355 20008.8
637.371 20009.4
637.387 20010
637.403 20010.7
637.419 20011.3
637.435 20011.9
637.45 20012.5
637.466 20013.2
637.482 20013.8
637.498 20014.4
637.514 20015
637.53 20015.6
637.546 20016.3
637.562 20016.9
637.578 20017.5
637.594 20018.1
637.61 20018.8
637.626 20019.4
637.642 20020
637.657 20020.6
637.673 20021.3
637.689 20021.9
637.705 20022.5
637.721 20023.1
637.737 20023.8
637.753 20024.4
637.769 20025
637.785 20025.6
637.801 20026.2
637.817 20026.9
637.833 20027.5
637.848 20028.1
637.864 20028.7
637.88 20029.4
637.896 20030
637.912 20030.6
637.928 20031.2
637.944 20031.9
637.96 20032.5
637.976 20033.1
637.992 20033.7
638.008 20034.4
638.024 20035
638.04 20035.6
638.055 20036.2
638.071 20036.8
638.087 20037.5
638.103 20038.1
638.119 20038.7
638.135 20039.3
638.151 20040
638.167 20040.6
638.183 20041.2
638.199 20041.8
638.215 20042.5
638.231 20043.1
638.246 20043.7
638.262 20044.3
638.278 20045
638.294 20045.6
638.31 20046.2
638.326 20046.8
638.342 20047.5
638.358 20048.1
638.374 20048.7
638.39 20049.3
638.406 20050
638.422 20050.6
638.437 20051.2
638.453 20051.8
638.469 20052.4
638.485 20053.1
638.501 20053.7
638.517 20054.3
638.533 20054.9
638.549 20055.6
638.565 20056.2
638.581 20056.8
638.597 20057.4
638.613 20058.1
638.628 20058.7
638.644 20059.3
638.66 20059.9
638.676 20060.6
638.692 20061.2
638.708 20061.8
638.724 20062.4
638.74 20063.1
638.756 20063.7
638.772 20064.3
638.788 20064.9
638.804 20065.6
638.819 20066.2
638.835 20066.8
638.851 20067.4
638.867 20068.1
638.883 20068.7
638.899 20069.3
638.915 20069.9
638.931 20070.6
638.947 20071.2
638.963 20071.8
638.979 20072.4
638.995 20073.1
639.01 20073.7
639.026 20074.3
639.042 20074.9
639.058 20075.5
639.074 20076.2
639.09 20076.8
639.106 20077.4
639.122 20078
639.138 20078.7
639.154 20079.3
639.17 20079.9
639.185 20080.5
639.201 20081.2
639.217 20081.8
639.233 20082.4
639.249 20083
639.265 20083.7
639.281 20084.3
639.297 20084.9
639.313 20085.5
639.329 20086.2
639.345 20086.8
639.36 20087.4
639.376 20088
639.392 20088.7
639.408 20089.3
639.424 20089.9
639.44 20090.5
639.456 20091.2
639.472 20091.8
639.488 20092.4
639.504 20093
639.52 20093.7
639.536 20094.3
639.551 20094.9
639.567 20095.5
639.583 20096.2
639.599 20096.8
639.615 20097.4
639.631 20098
639.647 20098.7
639.663 20099.3
639.679 20099.9
639.695 20100.5
639.711 20101.2
639.726 20101.8
639.742 20102.4
639.758 20103
639.774 20103.7
639.79 20104.3
639.806 20104.9
639.822 20105.5
639.838 20106.2
639.854 20106.8
639.87 20107.4
639.886 20108
639.901 20108.7
639.917 20109.3
639.933 20109.9
639.949 20110.5
639.965 20111.2
639.981 20111.8
639.997 20112.4
640.013 20113
640.029 20113.7
640.045 20114.3
640.061 20114.9
640.076 20115.6
640.092 20116.2
640.108 20116.8
640.124 20117.4
640.14 20118.1
640.156 20118.7
640.172 20119.3
640.188 20119.9
640.204 20120.6
640.22 20121.2
640.235 20121.8
640.251 20122.4
640.267 20123.1
640.283 20123.7
640.299 20124.3
640.315 20124.9
640.331 20125.6
640.347 20126.2
640.363 20126.8
640.379 20127.4
640.395 20128.1
640.41 20128.7
640.426 20129.3
640.442 20129.9
640.458 20130.6
640.474 20131.2
640.49 20131.8
640.506 20132.4
640.522 20133.1
640.538 20133.7
640.554 20134.3
640.57 20134.9
640.585 20135.6
640.601 20136.2
640.617 20136.8
640.633 20137.4
640.649 20138.1
640.665 20138.7
640.681 20139.3
640.697 20140
640.713 20140.6
640.729 20141.2
640.744 20141.8
640.76 20142.5
640.776 20143.1
640.792 20143.7
640.808 20144.3
640.824 20145
640.84 20145.6
640.856 20146.2
640.872 20146.8
640.888 20147.5
640.903 20148.1
640.919 20148.7
640.935 20149.3
640.951 20150
640.967 20150.6
640.983 20151.2
640.999 20151.8
641.015 20152.5
641.031 20153.1
641.047 20153.7
641.063 20154.4
641.078 20155
641.094 20155.6
641.11 20156.2
641.126 20156.9
641.142 20157.5
641.158 20158.1
641.174 20158.7
641.19 20159.4
641.206 20160
641.222 20160.6
641.237 20161.2
641.253 20161.9
641.269 20162.5
641.285 20163.1
641.301 20163.7
641.317 20164.4
641.333 20165
641.349 20165.6
641.365 20166.3
641.381 20166.9
641.396 20167.5
641.412 20168.1
641.428 20168.8
641.444 20169.4
641.46 20170
641.476 20170.6
641.492 20171.3
641.508 20171.9
641.524 20172.5
641.54 20173.1
641.555 20173.8
641.571 20174.4
641.587 20175
641.603 20175.7
641.619 20176.3
641.635 20176.9
641.651 20177.5
641.667 20178.2
641.683 20178.8
641.699 20179.4
641.714 20180
641.73 20180.7
641.746 20181.3
641.762 20181.9
641.778 20182.5
641.794 20183.2
641.81 20183.8
641.826 20184.4
641.842 20185.1
641.857 20185.7
641.873 20186.3
641.889 20186.9
641.905 20187.6
641.921 20188.2
641.937 20188.8
641.953 20189.4
641.969 20190.1
641.985 20190.7
642.001 20191.3
642.016 20192
642.032 20192.6
642.048 20193.2
642.064 20193.8
642.08 20194.5
642.096 20195.1
642.112 20195.7
642.128 20196.3
642.144 20197
642.16 20197.6
642.175 20198.2
642.191 20198.9
642.207 20199.5
642.223 20200.1
642.239 20200.7
642.255 20201.4
642.271 20202
642.287 20202.6
642.303 20203.2
642.318 20203.9
642.334 20204.5
642.35 20205.1
642.366 20205.8
642.382 20206.4
642.398 20207
642.414 20207.6
642.43 20208.3
642.446 20208.9
642.462 20209.5
642.477 20210.1
642.493 20210.8
642.509 20211.4
642.525 20212
642.541 20212.7
642.557 20213.3
642.573 20213.9
642.589 20214.5
642.605 20215.2
642.62 20215.8
642.636 20216.4
642.652 20217
642.668 20217.7
642.684 20218.3
642.7 20218.9
642.716 20219.6
642.732 20220.2
642.748 20220.8
642.763 20221.4
642.779 20222.1
642.795 20222.7
642.811 20223.3
642.827 20223.9
642.843 20224.6
642.859 20225.2
642.875 20225.8
642.891 20226.5
642.906 20227.1
642.922 20227.7
642.938 20228.3
642.954 20229
642.97 20229.6
642.986 20230.2
643.002 20230.9
643.018 20231.5
643.034 20232.1
643.05 20232.7
643.065 20233.4
643.081 20234
643.097 20234.6
643.113 20235.2
643.129 20235.9
643.145 20236.5
643.161 20237.1
643.177 20237.8
643.193 20238.4
643.208 20239
643.224 20239.6
643.24 20240.3
643.256 20240.9
643.272 20241.5
643.288 20242.2
643.304 20242.8
643.32 20243.4
643.336 20244
643.351 20244.7
643.367 20245.3
643.383 20245.9
643.399 20246.6
643.415 20247.2
643.431 20247.8
643.447 20248.4
643.463 20249.1
643.479 20249.7
643.494 20250.3
643.51 20251
643.526 20251.6
643.542 20252.2
643.558 20252.8
643.574 20253.5
643.59 20254.1
643.606 20254.7
643.621 20255.4
643.637 20256
643.653 20256.6
643.669 20257.2
643.685 20257.9
643.701 20258.5
643.717 20259.1
643.733 20259.7
643.749 20260.4
643.764 20261
643.78 20261.6
643.796 20262.3
643.812 20262.9
643.828 20263.5
643.844 20264.1
643.86 20264.8
643.876 20265.4
643.892 20266
643.907 20266.7
643.923 20267.3
643.939 20267.9
643.955 20268.5
643.971 20269.2
643.987 20269.8
644.003 20270.4
644.019 20271.1
644.035 20271.7
644.05 20272.3
644.066 20272.9
644.082 20273.6
644.098 20274.2
644.114 20274.8
644.13 20275.5
644.146 20276.1
644.162 20276.7
644.177 20277.4
644.193 20278
644.209 20278.6
644.225 20279.2
644.241 20279.9
644.257 20280.5
644.273 20281.1
644.289 20281.8
644.305 20282.4
644.32 20283
644.336 20283.6
644.352 20284.3
644.368 20284.9
644.384 20285.5
644.4 20286.2
644.416 20286.8
644.432 20287.4
644.447 20288
644.463 20288.7
644.479 20289.3
644.495 20289.9
644.511 20290.6
644.527 20291.2
644.543 20291.8
644.559 20292.4
644.575 20293.1
644.59 20293.7
644.606 20294.3
644.622 20295
644.638 20295.6
644.654 20296.2
644.67 20296.9
644.686 20297.5
644.702 20298.1
644.717 20298.7
644.733 20299.4
644.749 20300
644.765 20300.6
644.781 20301.3
644.797 20301.9
644.813 20302.5
644.829 20303.1
644.844 20303.8
644.86 20304.4
644.876 20305
644.892 20305.7
644.908 20306.3
644.924 20306.9
644.94 20307.5
644.956 20308.2
644.972 20308.8
644.987 20309.4
645.003 20310.1
645.019 20310.7
645.035 20311.3
645.051 20312
645.067 20312.6
645.083 20313.2
645.099 20313.8
645.114 20314.5
645.13 20315.1
645.146 20315.7
645.162 20316.4
645.178 20317
645.194 20317.6
645.21 20318.3
645.226 20318.9
645.241 20319.5
645.257 20320.1
645.273 20320.8
645.289 20321.4
645.305 20322
645.321 20322.7
645.337 20323.3
645.353 20323.9
645.368 20324.5
645.384 20325.2
645.4 20325.8
645.416 20326.4
645.432 20327.1
645.448 20327.7
645.464 20328.3
645.48 20329
645.495 20329.6
645.511 20330.2
645.527 20330.8
645.543 20331.5
645.559 20332.1
645.575 20332.7
645.591 20333.4
645.607 20334
645.622 20334.6
645.638 20335.3
645.654 20335.9
645.67 20336.5
645.686 20337.1
645.702 20337.8
645.718 20338.4
645.734 20339
645.749 20339.7
645.765 20340.3
645.781 20340.9
645.797 20341.6
645.813 20342.2
645.829 20342.8
645.845 20343.4
645.861 20344.1
645.876 20344.7
645.892 20345.3
645.908 20346
645.924 20346.6
645.94 20347.2
645.956 20347.9
645.972 20348.5
645.988 20349.1
646.003 20349.8
646.019 20350.4
646.035 20351
646.051 20351.6
646.067 20352.3
646.083 20352.9
646.099 20353.5
646.115 20354.2
646.13 20354.8
646.146 20355.4
646.162 20356.1
646.178 20356.7
646.194 20357.3
646.21 20357.9
646.226 20358.6
646.241 20359.2
646.257 20359.8
646.273 20360.5
646.289 20361.1
646.305 20361.7
646.321 20362.4
646.337 20363
646.353 20363.6
646.368 20364.3
646.384 20364.9
646.4 20365.5
646.416 20366.1
646.432 20366.8
646.448 20367.4
646.464 20368
646.48 20368.7
646.495 20369.3
646.511 20369.9
646.527 20370.6
646.543 20371.2
646.559 20371.8
646.575 20372.5
646.591 20373.1
646.606 20373.7
646.622 20374.3
646.638 20375
646.654 20375.6
646.67 20376.2
646.686 20376.9
646.702 20377.5
646.718 20378.1
646.733 20378.8
646.749 20379.4
646.765 20380
646.781 20380.7
646.797 20381.3
646.813 20381.9
646.829 20382.5
646.844 20383.2
646.86 20383.8
646.876 20384.4
646.892 20385.1
646.908 20385.7
646.924 20386.3
646.94 20387
646.956 20387.6
646.971 20388.2
646.987 20388.9
647.003 20389.5
647.019 20390.1
647.035 20390.8
647.051 20391.4
647.067 20392
647.082 20392.6
647.098 20393.3
647.114 20393.9
647.13 20394.5
647.146 20395.2
647.162 20395.8
647.178 20396.4
647.194 20397.1
647.209 20397.7
647.225 20398.3
647.241 20399
647.257 20399.6
647.273 20400.2
647.289 20400.9
647.305 20401.5
647.32 20402.1
647.336 20402.7
647.352 20403.4
647.368 20404
647.384 20404.6
647.4 20405.3
647.416 20405.9
647.431 20406.5
647.447 20407.2
647.463 20407.8
647.479 20408.4
647.495 20409.1
647.511 20409.7
647.527 20410.3
647.543 20411
647.558 20411.6
647.574 20412.2
647.59 20412.9
647.606 20413.5
647.622 20414.1
647.638 20414.7
647.654 20415.4
647.669 20416
647.685 20416.6
647.701 20417.3
647.717 20417.9
647.733 20418.5
647.749 20419.2
647.765 20419.8
647.78 20420.4
647.796 20421.1
647.812 20421.7
647.828 20422.3
647.844 20423
647.86 20423.6
647.876 20424.2
647.891 20424.9
647.907 20425.5
647.923 20426.1
647.939 20426.8
647.955 20427.4
647.971 20428
647.987 20428.6
648.003 20429.3
648.018 20429.9
648.034 20430.5
648.05 20431.2
648.066 20431.8
648.082 20432.4
648.098 20433.1
648.114 20433.7
648.129 20434.3
648.145 20435
648.161 20435.6
648.177 20436.2
648.193 20436.9
648.209 20437.5
648.225 20438.1
648.24 20438.8
648.256 20439.4
648.272 20440
648.288 20440.7
648.304 20441.3
648.32 20441.9
648.336 20442.6
648.351 20443.2
648.367 20443.8
648.383 20444.4
648.399 20445.1
648.415 20445.7
648.431 20446.3
648.447 20447
648.462 20447.6
648.478 20448.2
648.494 20448.9
648.51 20449.5
648.526 20450.1
648.542 20450.8
648.558 20451.4
648.573 20452
648.589 20452.7
648.605 20453.3
648.621 20453.9
648.637 20454.6
648.653 20455.2
648.669 20455.8
648.684 20456.5
648.7 20457.1
648.716 20457.7
648.732 20458.4
648.748 20459
648.764 20459.6
648.78 20460.3
648.795 20460.9
648.811 20461.5
648.827 20462.2
648.843 20462.8
648.859 20463.4
648.875 20464.1
648.89 20464.7
648.906 20465.3
648.922 20466
648.938 20466.6
648.954 20467.2
648.97 20467.9
648.986 20468.5
649.001 20469.1
649.017 20469.8
649.033 20470.4
649.049 20471
649.065 20471.7
649.081 20472.3
649.097 20472.9
649.112 20473.5
649.128 20474.2
649.144 20474.8
649.16 20475.4
649.176 20476.1
649.192 20476.7
649.208 20477.3
649.223 20478
649.239 20478.6
649.255 20479.2
649.271 20479.9
649.287 20480.5
649.303 20481.1
649.318 20481.8
649.334 20482.4
649.35 20483
649.366 20483.7
649.382 20484.3
649.398 20484.9
649.414 20485.6
649.429 20486.2
649.445 20486.8
649.461 20487.5
649.477 20488.1
649.493 20488.7
649.509 20489.4
649.525 20490
649.54 20490.6
649.556 20491.3
649.572 20491.9
649.588 20492.5
649.604 20493.2
649.62 20493.8
649.635 20494.4
649.651 20495.1
649.667 20495.7
649.683 20496.3
649.699 20497
649.715 20497.6
649.731 20498.2
649.746 20498.9
649.762 20499.5
649.778 20500.1
649.794 20500.8
649.81 20501.4
649.826 20502
649.842 20502.7
649.857 20503.3
649.873 20503.9
649.889 20504.6
649.905 20505.2
649.921 20505.8
649.937 20506.5
649.952 20507.1
649.968 20507.7
649.984 20508.4
650 20509
650.016 20509.6
650.032 20510.3
650.048 20510.9
650.063 20511.5
650.079 20512.2
650.095 20512.8
650.111 20513.4
650.127 20514.1
650.143 20514.7
650.158 20515.4
650.174 20516
650.19 20516.6
650.206 20517.3
650.222 20517.9
650.238 20518.5
650.254 20519.2
650.269 20519.8
650.285 20520.4
650.301 20521.1
650.317 20521.7
650.333 20522.3
650.349 20523
650.364 20523.6
650.38 20524.2
650.396 20524.9
650.412 20525.5
650.428 20526.1
650.444 20526.8
650.46 20527.4
650.475 20528
650.491 20528.7
650.507 20529.3
650.523 20529.9
650.539 20530.6
650.555 20531.2
650.57 20531.8
650.586 20532.5
650.602 20533.1
650.618 20533.7
650.634 20534.4
650.65 20535
650.665 20535.6
650.681 20536.3
650.697 20536.9
650.713 20537.5
650.729 20538.2
650.745 20538.8
650.761 20539.4
650.776 20540.1
650.792 20540.7
650.808 20541.3
650.824 20542
650.84 20542.6
650.856 20543.2
650.871 20543.9
650.887 20544.5
650.903 20545.2
650.919 20545.8
650.935 20546.4
650.951 20547.1
650.966 20547.7
650.982 20548.3
650.998 20549
651.014 20549.6
651.03 20550.2
651.046 20550.9
651.061 20551.5
651.077 20552.1
651.093 20552.8
651.109 20553.4
651.125 20554
651.141 20554.7
651.157 20555.3
651.172 20555.9
651.188 20556.6
651.204 20557.2
651.22 20557.8
651.236 20558.5
651.252 20559.1
651.267 20559.7
651.283 20560.4
651.299 20561
651.315 20561.7
651.331 20562.3
651.347 20562.9
651.362 20563.6
651.378 20564.2
651.394 20564.8
651.41 20565.5
651.426 20566.1
651.442 20566.7
651.457 20567.4
651.473 20568
651.489 20568.6
651.505 20569.3
651.521 20569.9
651.537 20570.5
651.552 20571.2
651.568 20571.8
651.584 20572.4
651.6 20573.1
651.616 20573.7
651.632 20574.3
651.647 20575
651.663 20575.6
651.679 20576.3
651.695 20576.9
651.711 20577.5
651.727 20578.2
651.743 20578.8
651.758 20579.4
651.774 20580.1
651.79 20580.7
651.806 20581.3
651.822 20582
651.838 20582.6
651.853 20583.2
651.869 20583.9
651.885 20584.5
651.901 20585.1
651.917 20585.8
651.933 20586.4
651.948 20587.1
651.964 20587.7
651.98 20588.3
651.996 20589
652.012 20589.6
652.028 20590.2
652.043 20590.9
652.059 20591.5
652.075 20592.1
652.091 20592.8
652.107 20593.4
652.123 20594
652.138 20594.7
652.154 20595.3
652.17 20595.9
652.186 20596.6
652.202 20597.2
652.218 20597.9
652.233 20598.5
652.249 20599.1
652.265 20599.8
652.281 20600.4
652.297 20601
652.313 20601.7
652.328 20602.3
652.344 20602.9
652.36 20603.6
652.376 20604.2
652.392 20604.8
652.407 20605.5
652.423 20606.1
652.439 20606.8
652.455 20607.4
652.471 20608
652.487 20608.7
652.502 20609.3
652.518 20609.9
652.534 20610.6
652.55 20611.2
652.566 20611.8
652.582 20612.5
652.597 20613.1
652.613 20613.7
652.629 20614.4
652.645 20615
652.661 20615.7
652.677 20616.3
652.692 20616.9
652.708 20617.6
652.724 20618.2
652.74 20618.8
652.756 20619.5
652.772 20620.1
652.787 20620.7
652.803 20621.4
652.819 20622
652.835 20622.6
652.851 20623.3
652.867 20623.9
652.882 20624.6
652.898 20625.2
652.914 20625.8
652.93 20626.5
652.946 20627.1
652.962 20627.7
652.977 20628.4
652.993 20629
653.009 20629.6
653.025 20630.3
653.041 20630.9
653.056 20631.6
653.072 20632.2
653.088 20632.8
653.104 20633.5
653.12 20634.1
653.136 20634.7
653.151 20635.4
653.167 20636
653.183 20636.6
653.199 20637.3
653.215 20637.9
653.231 20638.6
653.246 20639.2
653.262 20639.8
653.278 20640.5
653.294 20641.1
653.31 20641.7
653.325 20642.4
653.341 20643
653.357 20643.6
653.373 20644.3
653.389 20644.9
653.405 20645.6
653.42 20646.2
653.436 20646.8
653.452 20647.5
653.468 20648.1
653.484 20648.7
653.5 20649.4
653.515 20650
653.531 20650.6
653.547 20651.3
653.563 20651.9
653.579 20652.6
653.595 20653.2
653.61 20653.8
653.626 20654.5
653.642 20655.1
653.658 20655.7
653.674 20656.4
653.689 20657
653.705 20657.6
653.721 20658.3
653.737 20658.9
653.753 20659.6
653.769 20660.2
653.784 20660.8
653.8 20661.5
653.816 20662.1
653.832 20662.7
653.848 20663.4
653.863 20664
653.879 20664.7
653.895 20665.3
653.911 20665.9
653.927 20666.6
653.943 20667.2
653.958 20667.8
653.974 20668.5
653.99 20669.1
654.006 20669.7
654.022 20670.4
654.037 20671
654.053 20671.7
654.069 20672.3
654.085 20672.9
654.101 20673.6
654.117 20674.2
654.132 20674.8
654.148 20675.5
654.164 20676.1
654.18 20676.8
654.196 20677.4
654.212 20678
654.227 20678.7
654.243 20679.3
654.259 20679.9
654.275 20680.6
654.291 20681.2
654.306 20681.9
654.322 20682.5
654.338 20683.1
654.354 20683.8
654.37 20684.4
654.386 20685
654.401 20685.7
654.417 20686.3
654.433 20687
654.449 20687.6
654.465 20688.2
654.48 20688.9
654.496 20689.5
654.512 20690.1
654.528 20690.8
654.544 20691.4
654.559 20692.1
654.575 20692.7
654.591 20693.3
654.607 20694
654.623 20694.6
654.639 20695.2
654.654 20695.9
654.67 20696.5
654.686 20697.2
654.702 20697.8
654.718 20698.4
654.733 20699.1
654.749 20699.7
654.765 20700.3
654.781 20701
654.797 20701.6
654.813 20702.3
654.828 20702.9
654.844 20703.5
654.86 20704.2
654.876 20704.8
654.892 20705.4
654.907 20706.1
654.923 20706.7
654.939 20707.4
654.955 20708
654.971 20708.6
654.986 20709.3
655.002 20709.9
655.018 20710.5
655.034 20711.2
655.05 20711.8
655.066 20712.5
655.081 20713.1
655.097 20713.7
655.113 20714.4
655.129 20715
655.145 20715.6
655.16 20716.3
655.176 20716.9
655.192 20717.6
655.208 20718.2
655.224 20718.8
655.239 20719.5
655.255 20720.1
655.271 20720.8
655.287 20721.4
655.303 20722
655.319 20722.7
655.334 20723.3
655.35 20723.9
655.366 20724.6
655.382 20725.2
655.398 20725.9
655.413 20726.5
655.429 20727.1
655.445 20727.8
655.461 20728.4
655.477 20729
655.492 20729.7
655.508 20730.3
655.524 20731
655.54 20731.6
655.556 20732.2
655.571 20732.9
655.587 20733.5
655.603 20734.2
655.619 20734.8
655.635 20735.4
655.651 20736.1
655.666 20736.7
655.682 20737.3
655.698 20738
655.714 20738.6
655.73 20739.3
655.745 20739.9
655.761 20740.5
655.777 20741.2
655.793 20741.8
655.809 20742.5
655.824 20743.1
655.84 20743.7
655.856 20744.4
655.872 20745
655.888 20745.6
655.903 20746.3
655.919 20746.9
655.935 20747.6
655.951 20748.2
655.967 20748.8
655.983 20749.5
655.998 20750.1
656.014 20750.8
656.03 20751.4
656.046 20752
656.062 20752.7
656.077 20753.3
656.093 20753.9
656.109 20754.6
656.125 20755.2
656.141 20755.9
656.156 20756.5
656.172 20757.1
656.188 20757.8
656.204 20758.4
656.22 20759.1
656.235 20759.7
656.251 20760.3
656.267 20761
656.283 20761.6
656.299 20762.3
656.314 20762.9
656.33 20763.5
656.346 20764.2
656.362 20764.8
656.378 20765.4
656.393 20766.1
656.409 20766.7
656.425 20767.4
656.441 20768
656.457 20768.6
656.472 20769.3
656.488 20769.9
656.504 20770.6
656.52 20771.2
656.536 20771.8
656.551 20772.5
656.567 20773.1
656.583 20773.8
656.599 20774.4
656.615 20775
656.63 20775.7
656.646 20776.3
656.662 20777
656.678 20777.6
656.694 20778.2
656.709 20778.9
656.725 20779.5
656.741 20780.1
656.757 20780.8
656.773 20781.4
656.788 20782.1
656.804 20782.7
656.82 20783.3
656.836 20784
656.852 20784.6
656.867 20785.3
656.883 20785.9
656.899 20786.5
656.915 20787.2
656.931 20787.8
656.946 20788.5
656.962 20789.1
656.978 20789.7
656.994 20790.4
657.01 20791
657.025 20791.7
657.041 20792.3
657.057 20792.9
657.073 20793.6
657.089 20794.2
657.104 20794.9
657.12 20795.5
657.136 20796.1
657.152 20796.8
657.168 20797.4
657.183 20798.1
657.199 20798.7
657.215 20799.3
657.231 20800
657.247 20800.6
657.262 20801.3
657.278 20801.9
657.294 20802.5
657.31 20803.2
657.326 20803.8
657.341 20804.5
657.357 20805.1
657.373 20805.7
657.389 20806.4
657.405 20807
657.42 20807.7
657.436 20808.3
657.452 20808.9
657.468 20809.6
657.484 20810.2
657.499 20810.9
657.515 20811.5
657.531 20812.1
657.547 20812.8
657.563 20813.4
657.578 20814.1
657.594 20814.7
657.61 20815.3
657.626 20816
657.642 20816.6
657.657 20817.3
657.673 20817.9
657.689 20818.5
657.705 20819.2
657.721 20819.8
657.736 20820.5
657.752 20821.1
657.768 20821.7
657.784 20822.4
657.799 20823
657.815 20823.7
657.831 20824.3
657.847 20824.9
657.863 20825.6
657.878 20826.2
657.894 20826.9
657.91 20827.5
657.926 20828.1
657.942 20828.8
657.957 20829.4
657.973 20830.1
657.989 20830.7
658.005 20831.3
658.021 20832
658.036 20832.6
658.052 20833.3
658.068 20833.9
658.084 20834.5
658.1 20835.2
658.115 20835.8
658.131 20836.5
658.147 20837.1
658.163 20837.7
658.179 20838.4
658.194 20839
658.21 20839.7
658.226 20840.3
658.242 20840.9
658.257 20841.6
658.273 20842.2
658.289 20842.9
658.305 20843.5
658.321 20844.1
658.336 20844.8
658.352 20845.4
658.368 20846.1
658.384 20846.7
658.4 20847.3
658.415 20848
658.431 20848.6
658.447 20849.3
658.463 20849.9
658.479 20850.6
658.494 20851.2
658.51 20851.8
658.526 20852.5
658.542 20853.1
658.557 20853.8
658.573 20854.4
658.589 20855
658.605 20855.7
658.621 20856.3
658.636 20857
658.652 20857.6
658.668 20858.2
658.684 20858.9
658.7 20859.5
658.715 20860.2
658.731 20860.8
658.747 20861.4
658.763 20862.1
658.778 20862.7
658.794 20863.4
658.81 20864
658.826 20864.7
658.842 20865.3
658.857 20865.9
658.873 20866.6
658.889 20867.2
658.905 20867.9
658.921 20868.5
658.936 20869.1
658.952 20869.8
658.968 20870.4
658.984 20871.1
658.999 20871.7
659.015 20872.3
659.031 20873
659.047 20873.6
659.063 20874.3
659.078 20874.9
659.094 20875.6
659.11 20876.2
659.126 20876.8
659.142 20877.5
659.157 20878.1
659.173 20878.8
659.189 20879.4
659.205 20880
659.22 20880.7
659.236 20881.3
659.252 20882
659.268 20882.6
659.284 20883.2
659.299 20883.9
659.315 20884.5
659.331 20885.2
659.347 20885.8
659.362 20886.5
659.378 20887.1
659.394 20887.7
659.41 20888.4
659.426 20889
659.441 20889.7
659.457 20890.3
659.473 20890.9
659.489 20891.6
659.505 20892.2
659.52 20892.9
659.536 20893.5
659.552 20894.2
659.568 20894.8
659.583 20895.4
659.599 20896.1
659.615 20896.7
659.631 20897.4
659.647 20898
659.662 20898.6
659.678 20899.3
659.694 20899.9
659.71 20900.6
659.725 20901.2
659.741 20901.9
659.757 20902.5
659.773 20903.1
659.789 20903.8
659.804 20904.4
659.82 20905.1
659.836 20905.7
659.852 20906.3
659.867 20907
659.883 20907.6
659.899 20908.3
659.915 20908.9
659.931 20909.6
659.946 20910.2
659.962 20910.8
659.978 20911.5
659.994 20912.1
660.009 20912.8
660.025 20913.4
660.041 20914.1
660.057 20914.7
660.073 20915.3
660.088 20916
660.104 20916.6
660.12 20917.3
660.136 20917.9
660.151 20918.5
660.167 20919.2
660.183 20919.8
660.199 20920.5
660.215 20921.1
660.23 20921.8
660.246 20922.4
660.262 20923
660.278 20923.7
660.293 20924.3
660.309 20925
660.325 20925.6
660.341 20926.3
660.357 20926.9
660.372 20927.5
660.388 20928.2
660.404 20928.8
660.42 20929.5
660.435 20930.1
660.451 20930.8
660.467 20931.4
660.483 20932
660.499 20932.7
660.514 20933.3
660.53 20934
660.546 20934.6
660.562 20935.2
660.577 20935.9
660.593 20936.5
660.609 20937.2
660.625 20937.8
660.64 20938.5
660.656 20939.1
660.672 20939.7
660.688 20940.4
660.704 20941
660.719 20941.7
660.735 20942.3
660.751 20943
660.767 20943.6
660.782 20944.2
660.798 20944.9
660.814 20945.5
660.83 20946.2
660.846 20946.8
660.861 20947.5
660.877 20948.1
660.893 20948.7
660.909 20949.4
660.924 20950
660.94 20950.7
660.956 20951.3
660.972 20952
660.987 20952.6
661.003 20953.2
661.019 20953.9
661.035 20954.5
661.051 20955.2
661.066 20955.8
661.082 20956.5
661.098 20957.1
661.114 20957.7
661.129 20958.4
661.145 20959
661.161 20959.7
661.177 20960.3
661.192 20961
661.208 20961.6
661.224 20962.2
661.24 20962.9
661.256 20963.5
661.271 20964.2
661.287 20964.8
661.303 20965.5
661.319 20966.1
661.334 20966.7
661.35 20967.4
661.366 20968
661.382 20968.7
661.397 20969.3
661.413 20970
661.429 20970.6
661.445 20971.3
661.461 20971.9
661.476 20972.5
661.492 20973.2
661.508 20973.8
661.524 20974.5
661.539 20975.1
661.555 20975.8
661.571 20976.4
661.587 20977
661.602 20977.7
661.618 20978.3
661.634 20979
661.65 20979.6
661.665 20980.3
661.681 20980.9
661.697 20981.5
661.713 20982.2
661.729 20982.8
661.744 20983.5
661.76 20984.1
661.776 20984.8
661.792 20985.4
661.807 20986.1
661.823 20986.7
661.839 20987.3
661.855 20988
661.87 20988.6
661.886 20989.3
661.902 20989.9
661.918 20990.6
661.933 20991.2
661.949 20991.8
661.965 20992.5
661.981 20993.1
661.997 20993.8
662.012 20994.4
662.028 20995.1
662.044 20995.7
662.06 20996.4
662.075 20997
662.091 20997.6
662.107 20998.3
662.123 20998.9
662.138 20999.6
662.154 21000.2
662.17 21000.9
662.186 21001.5
662.201 21002.1
662.217 21002.8
662.233 21003.4
662.249 21004.1
662.264 21004.7
662.28 21005.4
662.296 21006
662.312 21006.7
662.328 21007.3
662.343 21007.9
662.359 21008.6
662.375 21009.2
662.391 21009.9
662.406 21010.5
662.422 21011.2
662.438 21011.8
662.454 21012.4
662.469 21013.1
662.485 21013.7
662.501 21014.4
662.517 21015
662.532 21015.7
662.548 21016.3
662.564 21017
662.58 21017.6
662.595 21018.2
662.611 21018.9
662.627 21019.5
662.643 21020.2
662.658 21020.8
662.674 21021.5
662.69 21022.1
662.706 21022.8
662.721 21023.4
662.737 21024
662.753 21024.7
662.769 21025.3
662.785 21026
662.8 21026.6
662.816 21027.3
662.832 21027.9
662.848 21028.6
662.863 21029.2
662.879 21029.8
662.895 21030.5
662.911 21031.1
662.926 21031.8
662.942 21032.4
662.958 21033.1
662.974 21033.7
662.989 21034.4
663.005 21035
663.021 21035.6
663.037 21036.3
663.052 21036.9
663.068 21037.6
663.084 21038.2
663.1 21038.9
663.115 21039.5
663.131 21040.2
663.147 21040.8
663.163 21041.4
663.178 21042.1
663.194 21042.7
663.21 21043.4
663.226 21044
663.241 21044.7
663.257 21045.3
663.273 21046
663.289 21046.6
663.304 21047.3
663.32 21047.9
663.336 21048.5
663.352 21049.2
663.367 21049.8
663.383 21050.5
663.399 21051.1
663.415 21051.8
663.43 21052.4
663.446 21053.1
663.462 21053.7
663.478 21054.3
663.493 21055
663.509 21055.6
663.525 21056.3
663.541 21056.9
663.556 21057.6
663.572 21058.2
663.588 21058.9
663.604 21059.5
663.619 21060.2
663.635 21060.8
663.651 21061.4
663.667 21062.1
663.682 21062.7
663.698 21063.4
663.714 21064
663.73 21064.7
663.745 21065.3
663.761 21066
663.777 21066.6
663.793 21067.2
663.808 21067.9
663.824 21068.5
663.84 21069.2
663.856 21069.8
663.871 21070.5
663.887 21071.1
663.903 21071.8
663.919 21072.4
663.934 21073.1
663.95 21073.7
663.966 21074.3
663.982 21075
663.997 21075.6
664.013 21076.3
664.029 21076.9
664.045 21077.6
664.06 21078.2
664.076 21078.9
664.092 21079.5
664.108 21080.2
664.123 21080.8
664.139 21081.4
664.155 21082.1
664.171 21082.7
664.186 21083.4
664.202 21084
664.218 21084.7
664.234 21085.3
664.249 21086
664.265 21086.6
664.281 21087.3
664.297 21087.9
664.312 21088.6
664.328 21089.2
664.344 21089.8
664.36 21090.5
664.375 21091.1
664.391 21091.8
664.407 21092.4
664.423 21093.1
664.438 21093.7
664.454 21094.4
664.47 21095
664.486 21095.7
664.501 21096.3
664.517 21096.9
664.533 21097.6
664.549 21098.2
664.564 21098.9
664.58 21099.5
664.596 21100.2
664.612 21100.8
664.627 21101.5
664.643 21102.1
664.659 21102.8
664.674 21103.4
664.69 21104.1
664.706 21104.7
664.722 21105.3
664.737 21106
664.753 21106.6
664.769 21107.3
664.785 21107.9
664.8 21108.6
664.816 21109.2
664.832 21109.9
664.848 21110.5
664.863 21111.2
664.879 21111.8
664.895 21112.5
664.911 21113.1
664.926 21113.7
664.942 21114.4
664.958 21115
664.974 21115.7
664.989 21116.3
665.005 21117
665.021 21117.6
665.037 21118.3
665.052 21118.9
665.068 21119.6
665.084 21120.2
665.099 21120.9
665.115 21121.5
665.131 21122.1
665.147 21122.8
665.162 21123.4
665.178 21124.1
665.194 21124.7
665.21 21125.4
665.225 21126
665.241 21126.7
665.257 21127.3
665.273 21128
665.288 21128.6
665.304 21129.3
665.32 21129.9
665.336 21130.6
665.351 21131.2
665.367 21131.8
665.383 21132.5
665.399 21133.1
665.414 21133.8
665.43 21134.4
665.446 21135.1
665.461 21135.7
665.477 21136.4
665.493 21137
665.509 21137.7
665.524 21138.3
665.54 21139
665.556 21139.6
665.572 21140.3
665.587 21140.9
665.603 21141.5
665.619 21142.2
665.635 21142.8
665.65 21143.5
665.666 21144.1
665.682 21144.8
665.697 21145.4
665.713 21146.1
665.729 21146.7
665.745 21147.4
665.76 21148
665.776 21148.7
665.792 21149.3
665.808 21150
665.823 21150.6
665.839 21151.2
665.855 21151.9
665.871 21152.5
665.886 21153.2
665.902 21153.8
665.918 21154.5
665.934 21155.1
665.949 21155.8
665.965 21156.4
