296.686 601.775
296.931 602.265
297.176 602.754
297.421 603.244
297.666 603.733
297.911 604.223
298.157 604.712
298.402 605.202
298.647 605.691
298.892 606.181
299.137 606.67
299.382 607.16
299.627 607.649
299.872 608.139
300.118 608.628
300.363 609.118
300.608 609.607
300.853 610.097
301.098 610.587
301.343 611.076
301.589 611.566
301.834 612.055
302.079 612.545
302.324 613.034
302.569 613.524
302.814 614.013
303.06 614.503
303.305 614.993
303.55 615.482
303.795 615.972
304.041 616.461
304.286 616.951
304.531 617.44
304.776 617.93
305.022 618.42
305.267 618.909
305.512 619.399
305.757 619.888
306.003 620.378
306.248 620.868
306.493 621.357
306.739 621.847
306.984 622.336
307.229 622.826
307.475 623.316
307.72 623.805
307.965 624.295
308.21 624.784
308.456 625.274
308.701 625.764
308.947 626.253
309.192 626.743
309.437 627.233
309.683 627.722
309.928 628.212
310.173 628.702
310.419 629.191
310.664 629.681
310.91 630.171
311.155 630.66
311.4 631.15
311.646 631.64
311.891 632.129
312.137 632.619
312.382 633.109
312.627 633.598
312.873 634.088
313.118 634.578
313.364 635.067
313.609 635.557
313.855 636.047
314.1 636.536
314.346 637.026
314.591 637.516
314.837 638.005
315.082 638.495
315.328 638.985
315.573 639.475
315.819 639.964
316.064 640.454
316.31 640.944
316.555 641.433
316.801 641.923
317.046 642.413
317.292 642.903
317.537 643.392
317.783 643.882
318.028 644.372
318.274 644.862
318.52 645.351
318.765 645.841
319.011 646.331
319.256 646.821
319.502 647.31
319.748 647.8
319.993 648.29
320.239 648.78
320.484 649.269
320.73 649.759
320.976 650.249
321.221 650.739
321.467 651.229
321.712 651.718
321.958 652.208
322.204 652.698
322.449 653.188
322.695 653.677
322.941 654.167
323.186 654.657
323.432 655.147
323.678 655.637
323.924 656.126
324.169 656.616
324.415 657.106
324.661 657.596
324.906 658.086
325.152 658.576
325.398 659.065
325.644 659.555
325.889 660.045
326.135 660.535
326.381 661.025
326.626 661.515
326.872 662.004
327.118 662.494
327.364 662.984
327.61 663.474
327.855 663.964
328.101 664.454
328.347 664.944
328.593 665.433
328.838 665.923
329.084 666.413
329.33 666.903
329.576 667.393
329.822 667.883
330.068 668.373
330.313 668.863
330.559 669.352
330.805 669.842
331.051 670.332
331.297 670.822
331.543 671.312
331.788 671.802
332.034 672.292
332.28 672.782
332.526 673.272
332.772 673.762
333.018 674.251
333.264 674.741
333.51 675.231
333.756 675.721
334.001 676.211
334.247 676.701
334.493 677.191
334.739 677.681
334.985 678.171
335.231 678.661
335.477 679.151
335.723 679.641
335.969 680.131
336.215 680.621
336.461 681.111
336.707 681.601
336.953 682.091
337.199 682.58
337.445 683.07
337.691 683.56
337.937 684.05
338.183 684.54
338.429 685.03
338.675 685.52
338.921 686.01
339.167 686.5
339.413 686.99
339.659 687.48
339.905 687.97
340.151 688.46
340.397 688.95
340.643 689.44
340.889 689.93
341.135 690.42
341.381 690.91
341.627 691.4
341.873 691.89
342.119 692.38
342.366 692.87
342.612 693.36
342.858 693.851
343.104 694.341
343.35 694.831
343.596 695.321
343.842 695.811
344.088 696.301
344.334 696.791
344.581 697.281
344.827 697.771
345.073 698.261
345.319 698.751
345.565 699.241
345.811 699.731
346.058 700.221
346.304 700.711
346.55 701.201
346.796 701.691
347.042 702.181
347.288 702.672
347.535 703.162
347.781 703.652
348.027 704.142
348.273 704.632
348.519 705.122
348.766 705.612
349.012 706.102
349.258 706.592
349.504 707.082
349.751 707.573
349.997 708.063
350.243 708.553
350.489 709.043
350.736 709.533
350.982 710.023
351.228 710.513
351.474 711.003
351.721 711.494
351.967 711.984
352.213 712.474
352.46 712.964
352.706 713.454
352.952 713.944
353.199 714.434
353.445 714.925
353.691 715.415
353.937 715.905
354.184 716.395
354.43 716.885
354.676 717.375
354.923 717.866
355.169 718.356
355.416 718.846
355.662 719.336
355.908 719.826
356.155 720.317
356.401 720.807
356.647 721.297
356.894 721.787
357.14 722.277
357.387 722.768
357.633 723.258
357.879 723.748
358.126 724.238
358.372 724.728
358.619 725.219
358.865 725.709
359.111 726.199
359.358 726.689
359.604 727.18
359.851 727.67
360.097 728.16
360.344 728.65
360.59 729.14
360.837 729.631
361.083 730.121
361.33 730.611
361.576 731.101
361.823 731.592
362.069 732.082
362.316 732.572
362.562 733.063
362.809 733.553
363.055 734.043
363.302 734.533
363.548 735.024
363.795 735.514
364.041 736.004
364.288 736.494
364.534 736.985
364.781 737.475
365.027 737.965
365.274 738.456
365.52 738.946
365.767 739.436
366.013 739.927
366.26 740.417
366.507 740.907
366.753 741.397
367 741.888
367.246 742.378
367.493 742.868
367.74 743.359
367.986 743.849
368.233 744.339
368.479 744.83
368.726 745.32
368.973 745.81
369.219 746.301
369.466 746.791
369.713 747.281
369.959 747.772
370.206 748.262
370.452 748.753
370.699 749.243
370.946 749.733
371.192 750.224
371.439 750.714
371.686 751.204
371.932 751.695
372.179 752.185
372.426 752.675
372.673 753.166
372.919 753.656
373.166 754.147
373.413 754.637
373.659 755.127
373.906 755.618
374.153 756.108
374.399 756.599
374.646 757.089
374.893 757.579
375.14 758.07
375.386 758.56
375.633 759.051
375.88 759.541
376.127 760.032
376.373 760.522
376.62 761.012
376.867 761.503
377.114 761.993
377.361 762.484
377.607 762.974
377.854 763.465
378.101 763.955
378.348 764.445
378.595 764.936
378.841 765.426
379.088 765.917
379.335 766.407
379.582 766.898
379.829 767.388
380.075 767.879
380.322 768.369
380.569 768.86
380.816 769.35
381.063 769.841
381.31 770.331
381.557 770.822
381.803 771.312
382.05 771.803
382.297 772.293
382.544 772.784
382.791 773.274
383.038 773.765
383.285 774.255
383.532 774.746
383.778 775.236
384.025 775.727
384.272 776.217
384.519 776.708
384.766 777.198
385.013 777.689
385.26 778.179
385.507 778.67
385.754 779.16
386.001 779.651
386.248 780.141
386.495 780.632
386.742 781.123
386.989 781.613
387.235 782.104
387.482 782.594
387.729 783.085
387.976 783.575
388.223 784.066
388.47 784.556
388.717 785.047
388.964 785.538
389.211 786.028
389.458 786.519
389.705 787.009
389.952 787.5
390.199 787.991
390.446 788.481
390.693 788.972
390.94 789.462
391.187 789.953
391.434 790.444
391.682 790.934
391.929 791.425
392.176 791.915
392.423 792.406
392.67 792.897
392.917 793.387
393.164 793.878
393.411 794.368
393.658 794.859
393.905 795.35
394.152 795.84
394.399 796.331
394.646 796.822
394.893 797.312
395.141 797.803
395.388 798.294
395.635 798.784
395.882 799.275
396.129 799.766
396.376 800.256
396.623 800.747
396.87 801.238
397.117 801.728
397.365 802.219
397.612 802.71
397.859 803.2
398.106 803.691
398.353 804.182
398.6 804.672
398.848 805.163
399.095 805.654
399.342 806.144
399.589 806.635
399.836 807.126
400.083 807.617
400.331 808.107
400.578 808.598
400.825 809.089
401.072 809.579
401.319 810.07
401.567 810.561
401.814 811.052
402.061 811.542
402.308 812.033
402.555 812.524
402.803 813.015
403.05 813.505
403.297 813.996
403.544 814.487
403.792 814.978
404.039 815.468
404.286 815.959
404.533 816.45
404.781 816.941
405.028 817.431
405.275 817.922
405.523 818.413
405.77 818.904
406.017 819.394
406.264 819.885
406.512 820.376
406.759 820.867
407.006 821.358
407.254 821.848
407.501 822.339
407.748 822.83
407.995 823.321
408.243 823.812
408.49 824.302
408.737 824.793
408.985 825.284
409.232 825.775
409.479 826.266
409.727 826.756
409.974 827.247
410.222 827.738
410.469 828.229
410.716 828.72
410.964 829.211
411.211 829.701
411.458 830.192
411.706 830.683
411.953 831.174
412.201 831.665
412.448 832.156
412.695 832.646
412.943 833.137
413.19 833.628
413.437 834.119
413.685 834.61
413.932 835.101
414.18 835.592
414.427 836.083
414.675 836.573
414.922 837.064
415.169 837.555
415.417 838.046
415.664 838.537
415.912 839.028
416.159 839.519
416.407 840.01
416.654 840.501
416.902 840.991
417.149 841.482
417.397 841.973
417.644 842.464
417.891 842.955
418.139 843.446
418.386 843.937
418.634 844.428
418.881 844.919
419.129 845.41
419.376 845.901
419.624 846.392
419.871 846.883
420.119 847.374
420.366 847.864
420.614 848.355
420.862 848.846
421.109 849.337
421.357 849.828
421.604 850.319
421.852 850.81
422.099 851.301
422.347 851.792
422.594 852.283
422.842 852.774
423.089 853.265
423.337 853.756
423.585 854.247
423.832 854.738
424.08 855.229
424.327 855.72
424.575 856.211
424.822 856.702
425.07 857.193
425.318 857.684
425.565 858.175
425.813 858.666
426.06 859.157
426.308 859.648
426.556 860.139
426.803 860.63
427.051 861.121
427.298 861.612
427.546 862.103
427.794 862.594
428.041 863.085
428.289 863.576
428.537 864.067
428.784 864.558
429.032 865.049
429.28 865.54
429.527 866.031
429.775 866.523
430.023 867.014
430.27 867.505
430.518 867.996
430.766 868.487
431.013 868.978
431.261 869.469
431.509 869.96
431.756 870.451
432.004 870.942
432.252 871.433
432.499 871.924
432.747 872.415
432.995 872.907
433.243 873.398
433.49 873.889
433.738 874.38
433.986 874.871
434.233 875.362
434.481 875.853
434.729 876.344
434.977 876.835
435.224 877.327
435.472 877.818
435.72 878.309
435.968 878.8
436.215 879.291
436.463 879.782
436.711 880.273
436.959 880.764
437.206 881.256
437.454 881.747
437.702 882.238
437.95 882.729
438.198 883.22
438.445 883.711
438.693 884.203
438.941 884.694
439.189 885.185
439.436 885.676
439.684 886.167
439.932 886.658
440.18 887.15
440.428 887.641
440.676 888.132
440.923 888.623
441.171 889.114
441.419 889.606
441.667 890.097
441.915 890.588
442.163 891.079
442.41 891.57
442.658 892.062
442.906 892.553
443.154 893.044
443.402 893.535
443.65 894.026
443.898 894.518
444.145 895.009
444.393 895.5
444.641 895.991
444.889 896.483
445.137 896.974
445.385 897.465
445.633 897.956
445.881 898.447
446.128 898.939
446.376 899.43
446.624 899.921
446.872 900.413
447.12 900.904
447.368 901.395
447.616 901.886
447.864 902.378
448.112 902.869
448.36 903.36
448.608 903.851
448.856 904.343
449.104 904.834
449.351 905.325
449.599 905.817
449.847 906.308
450.095 906.799
450.343 907.29
450.591 907.782
450.839 908.273
451.087 908.764
451.335 909.256
451.583 909.747
451.831 910.238
452.079 910.73
452.327 911.221
452.575 911.712
452.823 912.204
453.071 912.695
453.319 913.186
453.567 913.678
453.815 914.169
454.063 914.66
454.311 915.152
454.559 915.643
454.807 916.134
455.055 916.626
455.303 917.117
455.551 917.608
455.799 918.1
456.047 918.591
456.295 919.082
456.543 919.574
456.791 920.065
457.039 920.557
457.287 921.048
457.535 921.539
457.783 922.031
458.031 922.522
458.28 923.014
458.528 923.505
458.776 923.996
459.024 924.488
459.272 924.979
459.52 925.471
459.768 925.962
460.016 926.453
460.264 926.945
460.512 927.436
460.76 927.928
461.008 928.419
461.257 928.91
461.505 929.402
461.753 929.893
462.001 930.385
462.249 930.876
462.497 931.368
462.745 931.859
462.993 932.351
463.241 932.842
463.49 933.333
463.738 933.825
463.986 934.316
464.234 934.808
464.482 935.299
464.73 935.791
464.978 936.282
465.227 936.774
465.475 937.265
465.723 937.757
465.971 938.248
466.219 938.74
466.467 939.231
466.715 939.723
466.964 940.214
467.212 940.706
467.46 941.197
467.708 941.689
467.956 942.18
468.205 942.672
468.453 943.163
468.701 943.655
468.949 944.146
469.197 944.638
469.446 945.129
469.694 945.621
469.942 946.112
470.19 946.604
470.438 947.095
470.687 947.587
470.935 948.078
471.183 948.57
471.431 949.061
471.679 949.553
471.928 950.045
472.176 950.536
472.424 951.028
472.672 951.519
472.921 952.011
473.169 952.502
473.417 952.994
473.665 953.486
473.914 953.977
474.162 954.469
474.41 954.96
474.658 955.452
474.907 955.943
475.155 956.435
475.403 956.927
475.652 957.418
475.9 957.91
476.148 958.401
476.396 958.893
476.645 959.385
476.893 959.876
477.141 960.368
477.39 960.859
477.638 961.351
477.886 961.843
478.134 962.334
478.383 962.826
478.631 963.318
478.879 963.809
479.128 964.301
479.376 964.793
479.624 965.284
479.873 965.776
480.121 966.267
480.369 966.759
480.618 967.251
480.866 967.742
481.114 968.234
481.363 968.726
481.611 969.217
481.859 969.709
482.108 970.201
482.356 970.692
482.604 971.184
482.853 971.676
483.101 972.167
483.35 972.659
483.598 973.151
483.846 973.643
484.095 974.134
484.343 974.626
484.591 975.118
484.84 975.609
485.088 976.101
485.337 976.593
485.585 977.084
485.833 977.576
486.082 978.068
486.33 978.56
486.579 979.051
486.827 979.543
487.075 980.035
487.324 980.527
487.572 981.018
487.821 981.51
488.069 982.002
488.318 982.494
488.566 982.985
488.814 983.477
489.063 983.969
489.311 984.461
489.56 984.952
489.808 985.444
490.057 985.936
490.305 986.428
490.553 986.919
490.802 987.411
491.05 987.903
491.299 988.395
491.547 988.886
491.796 989.378
492.044 989.87
492.293 990.362
492.541 990.854
492.79 991.345
493.038 991.837
493.287 992.329
493.535 992.821
493.783 993.313
494.032 993.804
494.28 994.296
494.529 994.788
494.777 995.28
495.026 995.772
495.274 996.264
495.523 996.755
495.771 997.247
496.02 997.739
496.268 998.231
496.517 998.723
496.765 999.215
497.014 999.706
497.262 1000.2
497.511 1000.69
497.76 1001.18
498.008 1001.67
498.257 1002.17
498.505 1002.66
498.754 1003.15
499.002 1003.64
499.251 1004.13
499.499 1004.63
499.748 1005.12
499.996 1005.61
500.245 1006.1
500.493 1006.59
500.742 1007.08
500.991 1007.58
501.239 1008.07
501.488 1008.56
501.736 1009.05
501.985 1009.54
502.233 1010.04
502.482 1010.53
502.731 1011.02
502.979 1011.51
503.228 1012
503.476 1012.5
503.725 1012.99
503.973 1013.48
504.222 1013.97
504.471 1014.46
504.719 1014.96
504.968 1015.45
505.216 1015.94
505.465 1016.43
505.714 1016.92
505.962 1017.41
506.211 1017.91
506.459 1018.4
506.708 1018.89
506.957 1019.38
507.205 1019.87
507.454 1020.37
507.703 1020.86
507.951 1021.35
508.2 1021.84
508.448 1022.33
508.697 1022.83
508.946 1023.32
509.194 1023.81
509.443 1024.3
509.692 1024.79
509.94 1025.29
510.189 1025.78
510.438 1026.27
510.686 1026.76
510.935 1027.25
511.183 1027.75
511.432 1028.24
511.681 1028.73
511.929 1029.22
512.178 1029.71
512.427 1030.21
512.675 1030.7
512.924 1031.19
513.173 1031.68
513.421 1032.17
513.67 1032.67
513.919 1033.16
514.168 1033.65
514.416 1034.14
514.665 1034.64
514.914 1035.13
515.162 1035.62
515.411 1036.11
515.66 1036.6
515.908 1037.1
516.157 1037.59
516.406 1038.08
516.655 1038.57
516.903 1039.06
517.152 1039.56
517.401 1040.05
517.649 1040.54
517.898 1041.03
518.147 1041.52
518.396 1042.02
518.644 1042.51
518.893 1043
519.142 1043.49
519.39 1043.98
519.639 1044.48
519.888 1044.97
520.137 1045.46
520.385 1045.95
520.634 1046.45
520.883 1046.94
521.132 1047.43
521.38 1047.92
521.629 1048.41
521.878 1048.91
522.127 1049.4
522.375 1049.89
522.624 1050.38
522.873 1050.87
523.122 1051.37
523.37 1051.86
523.619 1052.35
523.868 1052.84
524.117 1053.34
524.366 1053.83
524.614 1054.32
524.863 1054.81
525.112 1055.3
525.361 1055.8
525.609 1056.29
525.858 1056.78
526.107 1057.27
526.356 1057.76
526.605 1058.26
526.853 1058.75
527.102 1059.24
527.351 1059.73
527.6 1060.23
527.849 1060.72
528.097 1061.21
528.346 1061.7
528.595 1062.19
528.844 1062.69
529.093 1063.18
529.341 1063.67
529.59 1064.16
529.839 1064.66
530.088 1065.15
530.337 1065.64
530.586 1066.13
530.834 1066.62
531.083 1067.12
531.332 1067.61
531.581 1068.1
531.83 1068.59
532.079 1069.09
532.327 1069.58
532.576 1070.07
532.825 1070.56
533.074 1071.06
533.323 1071.55
533.572 1072.04
533.821 1072.53
534.069 1073.02
534.318 1073.52
534.567 1074.01
534.816 1074.5
535.065 1074.99
535.314 1075.49
535.563 1075.98
535.811 1076.47
536.06 1076.96
536.309 1077.45
536.558 1077.95
536.807 1078.44
537.056 1078.93
537.305 1079.42
537.554 1079.92
537.802 1080.41
538.051 1080.9
538.3 1081.39
538.549 1081.89
538.798 1082.38
539.047 1082.87
539.296 1083.36
539.545 1083.86
539.794 1084.35
540.042 1084.84
540.291 1085.33
540.54 1085.82
540.789 1086.32
541.038 1086.81
541.287 1087.3
541.536 1087.79
541.785 1088.29
542.034 1088.78
542.283 1089.27
542.532 1089.76
542.781 1090.26
543.029 1090.75
543.278 1091.24
543.527 1091.73
543.776 1092.23
544.025 1092.72
544.274 1093.21
544.523 1093.7
544.772 1094.2
545.021 1094.69
545.27 1095.18
545.519 1095.67
545.768 1096.16
546.017 1096.66
546.266 1097.15
546.515 1097.64
546.763 1098.13
547.012 1098.63
547.261 1099.12
547.51 1099.61
547.759 1100.1
548.008 1100.6
548.257 1101.09
548.506 1101.58
548.755 1102.07
549.004 1102.57
549.253 1103.06
549.502 1103.55
549.751 1104.04
550 1104.54
550.249 1105.03
550.498 1105.52
550.747 1106.01
550.996 1106.51
551.245 1107
551.494 1107.49
551.743 1107.98
551.992 1108.48
552.241 1108.97
552.49 1109.46
552.739 1109.95
552.988 1110.45
553.237 1110.94
553.486 1111.43
553.735 1111.92
553.984 1112.42
554.233 1112.91
554.482 1113.4
554.731 1113.89
554.98 1114.39
555.229 1114.88
555.478 1115.37
555.727 1115.86
555.976 1116.36
556.225 1116.85
556.474 1117.34
556.723 1117.83
556.972 1118.33
557.221 1118.82
557.47 1119.31
557.719 1119.8
557.968 1120.3
558.217 1120.79
558.466 1121.28
558.715 1121.77
558.964 1122.27
559.213 1122.76
559.462 1123.25
559.711 1123.74
559.96 1124.24
560.209 1124.73
560.458 1125.22
560.707 1125.72
560.956 1126.21
561.205 1126.7
561.454 1127.19
561.704 1127.69
561.953 1128.18
562.202 1128.67
562.451 1129.16
562.7 1129.66
562.949 1130.15
563.198 1130.64
563.447 1131.13
563.696 1131.63
563.945 1132.12
564.194 1132.61
564.443 1133.1
564.692 1133.6
564.941 1134.09
565.19 1134.58
565.439 1135.07
565.689 1135.57
565.938 1136.06
566.187 1136.55
566.436 1137.05
566.685 1137.54
566.934 1138.03
567.183 1138.52
567.432 1139.02
567.681 1139.51
567.93 1140
568.179 1140.49
568.428 1140.99
568.677 1141.48
568.927 1141.97
569.176 1142.47
569.425 1142.96
569.674 1143.45
569.923 1143.94
570.172 1144.44
570.421 1144.93
570.67 1145.42
570.919 1145.91
571.168 1146.41
571.418 1146.9
571.667 1147.39
571.916 1147.88
572.165 1148.38
572.414 1148.87
572.663 1149.36
572.912 1149.86
573.161 1150.35
573.41 1150.84
573.66 1151.33
573.909 1151.83
574.158 1152.32
574.407 1152.81
574.656 1153.3
574.905 1153.8
575.154 1154.29
575.403 1154.78
575.652 1155.28
575.902 1155.77
576.151 1156.26
576.4 1156.75
576.649 1157.25
576.898 1157.74
577.147 1158.23
577.396 1158.73
577.646 1159.22
577.895 1159.71
578.144 1160.2
578.393 1160.7
578.642 1161.19
578.891 1161.68
579.14 1162.18
579.39 1162.67
579.639 1163.16
579.888 1163.65
580.137 1164.15
580.386 1164.64
580.635 1165.13
580.884 1165.62
581.134 1166.12
581.383 1166.61
581.632 1167.1
581.881 1167.6
582.13 1168.09
582.379 1168.58
582.628 1169.07
582.878 1169.57
583.127 1170.06
583.376 1170.55
583.625 1171.05
583.874 1171.54
584.123 1172.03
584.373 1172.52
584.622 1173.02
584.871 1173.51
585.12 1174
585.369 1174.5
585.618 1174.99
585.868 1175.48
586.117 1175.97
586.366 1176.47
586.615 1176.96
586.864 1177.45
587.114 1177.95
587.363 1178.44
587.612 1178.93
587.861 1179.43
588.11 1179.92
588.359 1180.41
588.609 1180.9
588.858 1181.4
589.107 1181.89
589.356 1182.38
589.605 1182.88
589.855 1183.37
590.104 1183.86
590.353 1184.35
590.602 1184.85
590.851 1185.34
591.101 1185.83
591.35 1186.33
591.599 1186.82
591.848 1187.31
592.097 1187.81
592.347 1188.3
592.596 1188.79
592.845 1189.28
593.094 1189.78
593.343 1190.27
593.593 1190.76
593.842 1191.26
594.091 1191.75
594.34 1192.24
594.589 1192.73
594.839 1193.23
595.088 1193.72
595.337 1194.21
595.586 1194.71
595.835 1195.2
596.085 1195.69
596.334 1196.19
596.583 1196.68
596.832 1197.17
597.082 1197.66
597.331 1198.16
597.58 1198.65
597.829 1199.14
598.078 1199.64
598.328 1200.13
598.577 1200.62
598.826 1201.12
599.075 1201.61
599.325 1202.1
599.574 1202.6
599.823 1203.09
600.072 1203.58
600.321 1204.07
600.571 1204.57
600.82 1205.06
601.069 1205.55
601.318 1206.05
601.568 1206.54
601.817 1207.03
602.066 1207.53
602.315 1208.02
602.565 1208.51
602.814 1209
603.063 1209.5
603.312 1209.99
603.562 1210.48
603.811 1210.98
604.06 1211.47
604.309 1211.96
604.558 1212.46
604.808 1212.95
605.057 1213.44
605.306 1213.94
605.555 1214.43
605.805 1214.92
606.054 1215.42
606.303 1215.91
606.552 1216.4
606.802 1216.89
607.051 1217.39
607.3 1217.88
607.549 1218.37
607.799 1218.87
608.048 1219.36
608.297 1219.85
608.546 1220.35
608.796 1220.84
609.045 1221.33
609.294 1221.83
609.544 1222.32
609.793 1222.81
610.042 1223.31
610.291 1223.8
610.541 1224.29
610.79 1224.79
611.039 1225.28
611.288 1225.77
611.538 1226.26
611.787 1226.76
612.036 1227.25
612.285 1227.74
612.535 1228.24
612.784 1228.73
613.033 1229.22
613.282 1229.72
613.532 1230.21
613.781 1230.7
614.03 1231.2
614.28 1231.69
614.529 1232.18
614.778 1232.68
615.027 1233.17
615.277 1233.66
615.526 1234.16
615.775 1234.65
616.024 1235.14
616.274 1235.64
616.523 1236.13
616.772 1236.62
617.022 1237.12
617.271 1237.61
617.52 1238.1
617.769 1238.6
618.019 1239.09
618.268 1239.58
618.517 1240.07
618.767 1240.57
619.016 1241.06
619.265 1241.55
619.514 1242.05
619.764 1242.54
620.013 1243.03
620.262 1243.53
620.512 1244.02
620.761 1244.51
621.01 1245.01
621.259 1245.5
621.509 1245.99
621.758 1246.49
622.007 1246.98
622.257 1247.47
622.506 1247.97
622.755 1248.46
623.004 1248.95
623.254 1249.45
623.503 1249.94
623.752 1250.43
624.002 1250.93
624.251 1251.42
624.5 1251.91
624.749 1252.41
624.999 1252.9
625.248 1253.39
625.497 1253.89
625.747 1254.38
625.996 1254.87
626.245 1255.37
626.495 1255.86
626.744 1256.35
626.993 1256.85
627.242 1257.34
627.492 1257.83
627.741 1258.33
627.99 1258.82
628.24 1259.31
628.489 1259.81
628.738 1260.3
628.987 1260.79
629.237 1261.29
629.486 1261.78
629.735 1262.27
629.985 1262.77
630.234 1263.26
630.483 1263.75
630.733 1264.25
630.982 1264.74
631.231 1265.24
631.481 1265.73
631.73 1266.22
631.979 1266.72
632.228 1267.21
632.478 1267.7
632.727 1268.2
632.976 1268.69
633.226 1269.18
633.475 1269.68
633.724 1270.17
633.974 1270.66
634.223 1271.16
634.472 1271.65
634.721 1272.14
634.971 1272.64
635.22 1273.13
635.469 1273.62
635.719 1274.12
635.968 1274.61
636.217 1275.1
636.467 1275.6
636.716 1276.09
636.965 1276.58
637.215 1277.08
637.464 1277.57
637.713 1278.06
637.962 1278.56
638.212 1279.05
638.461 1279.55
638.71 1280.04
638.96 1280.53
639.209 1281.03
639.458 1281.52
639.708 1282.01
639.957 1282.51
640.206 1283
640.456 1283.49
640.705 1283.99
640.954 1284.48
641.204 1284.97
641.453 1285.47
641.702 1285.96
641.951 1286.45
642.201 1286.95
642.45 1287.44
642.699 1287.94
642.949 1288.43
643.198 1288.92
643.447 1289.42
643.697 1289.91
643.946 1290.4
644.195 1290.9
644.445 1291.39
644.694 1291.88
644.943 1292.38
645.193 1292.87
645.442 1293.36
645.691 1293.86
645.941 1294.35
646.19 1294.85
646.439 1295.34
646.688 1295.83
646.938 1296.33
647.187 1296.82
647.436 1297.31
647.686 1297.81
647.935 1298.3
648.184 1298.79
648.434 1299.29
648.683 1299.78
648.932 1300.27
649.182 1300.77
649.431 1301.26
649.68 1301.76
649.93 1302.25
650.179 1302.74
650.428 1303.24
650.677 1303.73
650.927 1304.22
651.176 1304.72
651.425 1305.21
651.675 1305.7
651.924 1306.2
652.173 1306.69
652.423 1307.19
652.672 1307.68
652.921 1308.17
653.171 1308.67
653.42 1309.16
653.669 1309.65
653.919 1310.15
654.168 1310.64
654.417 1311.13
654.667 1311.63
654.916 1312.12
655.165 1312.62
655.414 1313.11
655.664 1313.6
655.913 1314.1
656.162 1314.59
656.412 1315.08
656.661 1315.58
656.91 1316.07
657.16 1316.57
657.409 1317.06
657.658 1317.55
657.908 1318.05
658.157 1318.54
658.406 1319.03
658.656 1319.53
658.905 1320.02
659.154 1320.52
659.404 1321.01
659.653 1321.5
659.902 1322
660.151 1322.49
660.401 1322.98
660.65 1323.48
660.899 1323.97
661.149 1324.47
661.398 1324.96
661.647 1325.45
661.897 1325.95
662.146 1326.44
662.395 1326.93
662.645 1327.43
662.894 1327.92
663.143 1328.42
663.392 1328.91
663.642 1329.4
663.891 1329.9
664.14 1330.39
664.39 1330.88
664.639 1331.38
664.888 1331.87
665.138 1332.37
665.387 1332.86
665.636 1333.35
665.886 1333.85
666.135 1334.34
666.384 1334.83
666.634 1335.33
666.883 1335.82
667.132 1336.32
667.381 1336.81
667.631 1337.3
667.88 1337.8
668.129 1338.29
668.379 1338.79
668.628 1339.28
668.877 1339.77
669.127 1340.27
669.376 1340.76
669.625 1341.25
669.874 1341.75
670.124 1342.24
670.373 1342.74
670.622 1343.23
670.872 1343.72
671.121 1344.22
671.37 1344.71
671.62 1345.21
671.869 1345.7
672.118 1346.19
672.367 1346.69
672.617 1347.18
672.866 1347.68
673.115 1348.17
673.365 1348.66
673.614 1349.16
673.863 1349.65
674.113 1350.14
674.362 1350.64
674.611 1351.13
674.86 1351.63
675.11 1352.12
675.359 1352.61
675.608 1353.11
675.858 1353.6
676.107 1354.1
676.356 1354.59
676.606 1355.08
676.855 1355.58
677.104 1356.07
677.353 1356.57
677.603 1357.06
677.852 1357.55
678.101 1358.05
678.351 1358.54
678.6 1359.04
678.849 1359.53
679.098 1360.02
679.348 1360.52
679.597 1361.01
679.846 1361.51
680.096 1362
680.345 1362.49
680.594 1362.99
680.843 1363.48
681.093 1363.98
681.342 1364.47
681.591 1364.96
681.841 1365.46
682.09 1365.95
682.339 1366.45
682.588 1366.94
682.838 1367.43
683.087 1367.93
683.336 1368.42
683.586 1368.92
683.835 1369.41
684.084 1369.9
684.333 1370.4
684.583 1370.89
684.832 1371.39
685.081 1371.88
685.33 1372.37
685.58 1372.87
685.829 1373.36
686.078 1373.86
686.328 1374.35
686.577 1374.84
686.826 1375.34
687.075 1375.83
687.325 1376.33
687.574 1376.82
687.823 1377.31
688.072 1377.81
688.322 1378.3
688.571 1378.8
688.82 1379.29
689.07 1379.78
689.319 1380.28
689.568 1380.77
689.817 1381.27
690.067 1381.76
690.316 1382.25
690.565 1382.75
690.814 1383.24
691.064 1383.74
691.313 1384.23
691.562 1384.72
691.811 1385.22
692.061 1385.71
692.31 1386.21
692.559 1386.7
692.808 1387.2
693.058 1387.69
693.307 1388.18
693.556 1388.68
693.805 1389.17
694.055 1389.67
694.304 1390.16
694.553 1390.65
694.802 1391.15
695.052 1391.64
695.301 1392.14
695.55 1392.63
695.799 1393.13
696.049 1393.62
696.298 1394.11
696.547 1394.61
696.796 1395.1
697.046 1395.6
697.295 1396.09
697.544 1396.58
697.793 1397.08
698.043 1397.57
698.292 1398.07
698.541 1398.56
698.79 1399.06
699.04 1399.55
699.289 1400.04
699.538 1400.54
699.787 1401.03
700.037 1401.53
700.286 1402.02
700.535 1402.51
700.784 1403.01
701.033 1403.5
701.283 1404
701.532 1404.49
701.781 1404.99
702.03 1405.48
702.28 1405.97
702.529 1406.47
702.778 1406.96
703.027 1407.46
703.276 1407.95
703.526 1408.45
703.775 1408.94
704.024 1409.43
704.273 1409.93
704.523 1410.42
704.772 1410.92
705.021 1411.41
705.27 1411.91
705.519 1412.4
705.769 1412.89
706.018 1413.39
706.267 1413.88
706.516 1414.38
706.765 1414.87
707.015 1415.36
707.264 1415.86
707.513 1416.35
707.762 1416.85
708.011 1417.34
708.261 1417.84
708.51 1418.33
708.759 1418.83
709.008 1419.32
709.258 1419.81
709.507 1420.31
709.756 1420.8
710.005 1421.3
710.254 1421.79
710.503 1422.29
710.753 1422.78
711.002 1423.27
711.251 1423.77
711.5 1424.26
711.749 1424.76
711.999 1425.25
712.248 1425.75
712.497 1426.24
712.746 1426.73
712.995 1427.23
713.245 1427.72
713.494 1428.22
713.743 1428.71
713.992 1429.21
714.241 1429.7
714.49 1430.19
714.74 1430.69
714.989 1431.18
715.238 1431.68
715.487 1432.17
715.736 1432.67
715.986 1433.16
716.235 1433.66
716.484 1434.15
716.733 1434.64
716.982 1435.14
717.231 1435.63
717.481 1436.13
717.73 1436.62
717.979 1437.12
718.228 1437.61
718.477 1438.1
718.726 1438.6
718.975 1439.09
719.225 1439.59
719.474 1440.08
719.723 1440.58
719.972 1441.07
720.221 1441.57
720.47 1442.06
720.72 1442.55
720.969 1443.05
721.218 1443.54
721.467 1444.04
721.716 1444.53
721.965 1445.03
722.214 1445.52
722.464 1446.02
722.713 1446.51
722.962 1447
723.211 1447.5
723.46 1447.99
723.709 1448.49
723.958 1448.98
724.208 1449.48
724.457 1449.97
724.706 1450.47
724.955 1450.96
725.204 1451.46
725.453 1451.95
725.702 1452.44
725.951 1452.94
726.201 1453.43
726.45 1453.93
726.699 1454.42
726.948 1454.92
727.197 1455.41
727.446 1455.91
727.695 1456.4
727.944 1456.89
728.193 1457.39
728.443 1457.88
728.692 1458.38
728.941 1458.87
729.19 1459.37
729.439 1459.86
729.688 1460.36
729.937 1460.85
730.186 1461.35
730.435 1461.84
730.685 1462.33
730.934 1462.83
731.183 1463.32
731.432 1463.82
731.681 1464.31
731.93 1464.81
732.179 1465.3
732.428 1465.8
732.677 1466.29
732.926 1466.79
733.175 1467.28
733.425 1467.77
733.674 1468.27
733.923 1468.76
734.172 1469.26
734.421 1469.75
734.67 1470.25
734.919 1470.74
735.168 1471.24
735.417 1471.73
735.666 1472.23
735.915 1472.72
736.164 1473.22
736.413 1473.71
736.662 1474.2
736.912 1474.7
737.161 1475.19
737.41 1475.69
737.659 1476.18
737.908 1476.68
738.157 1477.17
738.406 1477.67
738.655 1478.16
738.904 1478.66
739.153 1479.15
739.402 1479.65
739.651 1480.14
739.9 1480.63
740.149 1481.13
740.398 1481.62
740.647 1482.12
740.896 1482.61
741.145 1483.11
741.394 1483.6
741.643 1484.1
741.893 1484.59
742.142 1485.09
742.391 1485.58
742.64 1486.08
742.889 1486.57
743.138 1487.07
743.387 1487.56
743.636 1488.05
743.885 1488.55
744.134 1489.04
744.383 1489.54
744.632 1490.03
744.881 1490.53
745.13 1491.02
745.379 1491.52
745.628 1492.01
745.877 1492.51
746.126 1493
746.375 1493.5
746.624 1493.99
746.873 1494.49
747.122 1494.98
747.371 1495.48
747.62 1495.97
747.869 1496.47
748.118 1496.96
748.367 1497.45
748.616 1497.95
748.865 1498.44
749.114 1498.94
749.363 1499.43
749.612 1499.93
749.861 1500.42
750.11 1500.92
750.359 1501.41
750.608 1501.91
750.857 1502.4
751.106 1502.9
751.355 1503.39
751.604 1503.89
751.853 1504.38
752.102 1504.88
752.351 1505.37
752.599 1505.87
752.848 1506.36
753.097 1506.86
753.346 1507.35
753.595 1507.85
753.844 1508.34
754.093 1508.83
754.342 1509.33
754.591 1509.82
754.84 1510.32
755.089 1510.81
755.338 1511.31
755.587 1511.8
755.836 1512.3
756.085 1512.79
756.334 1513.29
756.583 1513.78
756.832 1514.28
757.081 1514.77
757.329 1515.27
757.578 1515.76
757.827 1516.26
758.076 1516.75
758.325 1517.25
758.574 1517.74
758.823 1518.24
759.072 1518.73
759.321 1519.23
759.57 1519.72
759.819 1520.22
760.068 1520.71
760.317 1521.21
760.565 1521.7
760.814 1522.2
761.063 1522.69
761.312 1523.19
761.561 1523.68
761.81 1524.18
762.059 1524.67
762.308 1525.17
762.557 1525.66
762.806 1526.15
763.054 1526.65
763.303 1527.14
763.552 1527.64
763.801 1528.13
764.05 1528.63
764.299 1529.12
764.548 1529.62
764.797 1530.11
765.045 1530.61
765.294 1531.1
765.543 1531.6
765.792 1532.09
766.041 1532.59
766.29 1533.08
766.539 1533.58
766.787 1534.07
767.036 1534.57
767.285 1535.06
767.534 1535.56
767.783 1536.05
768.032 1536.55
768.281 1537.04
768.529 1537.54
768.778 1538.03
769.027 1538.53
769.276 1539.02
769.525 1539.52
769.774 1540.01
770.022 1540.51
770.271 1541
770.52 1541.5
770.769 1541.99
771.018 1542.49
771.267 1542.98
771.515 1543.48
771.764 1543.97
772.013 1544.47
772.262 1544.96
772.511 1545.46
772.76 1545.95
773.008 1546.45
773.257 1546.94
773.506 1547.44
773.755 1547.93
774.004 1548.43
774.252 1548.92
774.501 1549.42
774.75 1549.91
774.999 1550.41
775.248 1550.9
775.496 1551.4
775.745 1551.89
775.994 1552.39
776.243 1552.88
776.491 1553.38
776.74 1553.87
776.989 1554.37
777.238 1554.86
777.487 1555.36
777.735 1555.85
777.984 1556.35
778.233 1556.84
778.482 1557.34
778.73 1557.84
778.979 1558.33
779.228 1558.83
779.477 1559.32
779.725 1559.82
779.974 1560.31
780.223 1560.81
780.472 1561.3
780.72 1561.8
780.969 1562.29
781.218 1562.79
781.467 1563.28
781.715 1563.78
781.964 1564.27
782.213 1564.77
782.462 1565.26
782.71 1565.76
782.959 1566.25
783.208 1566.75
783.456 1567.24
783.705 1567.74
783.954 1568.23
784.203 1568.73
784.451 1569.22
784.7 1569.72
784.949 1570.21
785.197 1570.71
785.446 1571.2
785.695 1571.7
785.944 1572.19
786.192 1572.69
786.441 1573.18
786.69 1573.68
786.938 1574.17
787.187 1574.67
787.436 1575.16
787.684 1575.66
787.933 1576.16
788.182 1576.65
788.43 1577.15
788.679 1577.64
788.928 1578.14
789.176 1578.63
789.425 1579.13
789.674 1579.62
789.922 1580.12
790.171 1580.61
790.42 1581.11
790.668 1581.6
790.917 1582.1
791.166 1582.59
791.414 1583.09
791.663 1583.58
791.912 1584.08
792.16 1584.57
792.409 1585.07
792.658 1585.56
792.906 1586.06
793.155 1586.56
793.403 1587.05
793.652 1587.55
793.901 1588.04
794.149 1588.54
794.398 1589.03
794.647 1589.53
794.895 1590.02
795.144 1590.52
795.392 1591.01
795.641 1591.51
795.89 1592
796.138 1592.5
796.387 1592.99
796.635 1593.49
796.884 1593.98
797.133 1594.48
797.381 1594.97
797.63 1595.47
797.878 1595.97
798.127 1596.46
798.375 1596.96
798.624 1597.45
798.873 1597.95
799.121 1598.44
799.37 1598.94
799.618 1599.43
799.867 1599.93
800.115 1600.42
800.364 1600.92
800.613 1601.41
800.861 1601.91
801.11 1602.4
801.358 1602.9
801.607 1603.4
801.855 1603.89
802.104 1604.39
802.352 1604.88
802.601 1605.38
802.849 1605.87
803.098 1606.37
803.347 1606.86
803.595 1607.36
803.844 1607.85
804.092 1608.35
804.341 1608.84
804.589 1609.34
804.838 1609.84
